[
  [
    0.0,
    0.0,
    86.543,
    "f"
  ],
  [
    0.11797287090066687,
    0.007126665099785268,
    86.543,
    "f"
  ],
  [
    0.2299902350292928,
    0.01389356187368504,
    86.543,
    "f"
  ],
  [
    0.3361748863399406,
    0.02030810822532586,
    86.543,
    "f"
  ],
  [
    0.43664961878667297,
    0.026377722058334108,
    86.543,
    "f"
  ],
  [
    0.5315372263235525,
    0.03210982127633649,
    86.543,
    "f"
  ],
  [
    0.6209605029046419,
    0.03751182378295925,
    86.543,
    "f"
  ],
  [
    0.705042242484004,
    0.04259114748182924,
    86.543,
    "f"
  ],
  [
    0.7839052390157015,
    0.04735521027657258,
    86.543,
    "f"
  ],
  [
    0.8576722864537967,
    0.05181143007081607,
    86.543,
    "f"
  ],
  [
    0.9264661787523529,
    0.05596722476818594,
    86.543,
    "f"
  ],
  [
    0.9904097098654325,
    0.05983001227230916,
    86.543,
    "f"
  ],
  [
    1.049625673747098,
    0.0634072104868117,
    86.543,
    "f"
  ],
  [
    1.1042368643514124,
    0.06670623731532033,
    86.543,
    "f"
  ],
  [
    1.1543660756324383,
    0.06973451066146152,
    86.543,
    "f"
  ],
  [
    1.200136101544239,
    0.07249944842886191,
    86.543,
    "f"
  ],
  [
    1.2416697360408755,
    0.07500846852114773,
    86.543,
    "f"
  ],
  [
    1.2790897730764124,
    0.07726898884194577,
    86.543,
    "f"
  ],
  [
    1.312519006604911,
    0.07928842729488217,
    86.543,
    "f"
  ],
  [
    1.3420802305804351,
    0.08107420178358393,
    86.543,
    "f"
  ],
  [
    1.367896238957047,
    0.0826337302116773,
    86.543,
    "f"
  ],
  [
    1.3900898256888088,
    0.0839744304827883,
    86.543,
    "f"
  ],
  [
    1.4087837847297844,
    0.08510372050054416,
    86.543,
    "f"
  ],
  [
    1.4241009100340347,
    0.08602901816857156,
    86.543,
    "f"
  ],
  [
    1.4361639955556247,
    0.08675774139049597,
    86.543,
    "f"
  ],
  [
    1.4450958352486145,
    0.08729730806994496,
    86.543,
    "f"
  ],
  [
    1.4510192230670698,
    0.08765513611054443,
    86.543,
    "f"
  ],
  [
    1.454056952965051,
    0.08783864341592085,
    86.543,
    "f"
  ],
  [
    1.454331818896621,
    0.087855247889701,
    86.543,
    "f"
  ],
  [
    1.4519666148158434,
    0.08771236743551125,
    86.543,
    "f"
  ],
  [
    1.4470841346767807,
    0.08741741995697816,
    86.543,
    "f"
  ],
  [
    1.4398071724334947,
    0.08697782335772841,
    86.543,
    "f"
  ],
  [
    1.4302585220400488,
    0.08640099554138814,
    86.543,
    "f"
  ],
  [
    1.4185609774505066,
    0.08569435441158413,
    86.543,
    "f"
  ],
  [
    1.4048373326189294,
    0.08486531787194262,
    86.543,
    "f"
  ],
  [
    1.3892103814993801,
    0.08392130382609042,
    86.543,
    "f"
  ],
  [
    1.3718029180459221,
    0.08286973017765376,
    86.543,
    "f"
  ],
  [
    1.3527377362126176,
    0.08171801483025942,
    86.543,
    "f"
  ],
  [
    1.332137629953529,
    0.08047357568753355,
    86.543,
    "f"
  ],
  [
    1.310125393222719,
    0.07914383065310326,
    86.543,
    "f"
  ],
  [
    1.2868238199742519,
    0.07773619763059447,
    86.543,
    "f"
  ],
  [
    1.2623557041621887,
    0.07625809452363408,
    86.543,
    "f"
  ],
  [
    1.236843839740592,
    0.07471693923584821,
    86.543,
    "f"
  ],
  [
    1.2104110206635257,
    0.07312014967086333,
    86.543,
    "f"
  ],
  [
    1.183180040885052,
    0.07147514373230635,
    86.543,
    "f"
  ],
  [
    1.1552736943592328,
    0.0697893393238036,
    86.543,
    "f"
  ],
  [
    1.1268147750401314,
    0.06807015434898167,
    86.543,
    "f"
  ],
  [
    1.097926076881811,
    0.06632500671146668,
    86.543,
    "f"
  ],
  [
    1.0687303938383341,
    0.06456131431488582,
    86.543,
    "f"
  ],
  [
    1.0393505198637625,
    0.06278649506286499,
    86.543,
    "f"
  ],
  [
    1.0099092489121602,
    0.06100796685903104,
    86.543,
    "f"
  ],
  [
    0.9805293749375887,
    0.05923314760701015,
    86.543,
    "f"
  ],
  [
    0.9513336918941113,
    0.05746945521042918,
    86.543,
    "f"
  ],
  [
    0.922444993735791,
    0.05572430757291441,
    86.543,
    "f"
  ],
  [
    0.8939860744166896,
    0.05400512259809248,
    86.543,
    "f"
  ],
  [
    0.8660797278908713,
    0.05231931818958968,
    86.543,
    "f"
  ],
  [
    0.8388487481123964,
    0.050674312251032694,
    86.543,
    "f"
  ],
  [
    0.8124159290353306,
    0.049077522686048036,
    86.543,
    "f"
  ],
  [
    0.7869040646137342,
    0.04753636739826228,
    86.543,
    "f"
  ],
  [
    0.7624359488016705,
    0.0460582642913015,
    86.543,
    "f"
  ],
  [
    0.7391343755532032,
    0.044650631268792706,
    86.543,
    "f"
  ],
  [
    0.7171221388223936,
    0.04332088623436231,
    86.543,
    "f"
  ],
  [
    0.6965220325633051,
    0.042076447091636604,
    86.543,
    "f"
  ],
  [
    0.6774568507300005,
    0.04092473174424216,
    86.543,
    "f"
  ],
  [
    0.6600493872765423,
    0.03987315809580555,
    86.543,
    "f"
  ],
  [
    0.6444224361569935,
    0.03892914404995351,
    86.543,
    "f"
  ],
  [
    0.6306987913254161,
    0.038100107510312065,
    86.543,
    "f"
  ],
  [
    0.6190012467358734,
    0.037393466380507945,
    86.543,
    "f"
  ],
  [
    0.6094525963424278,
    0.036816638564167614,
    86.543,
    "f"
  ],
  [
    0.6021756340991422,
    0.03637704196491781,
    86.543,
    "f"
  ],
  [
    0.5972931539600794,
    0.03608209448638483,
    86.543,
    "f"
  ],
  [
    0.5949279498793016,
    0.03593921403219519,
    86.543,
    "f"
  ],
  [
    0.5952028158108721,
    0.035955818505975234,
    86.543,
    "f"
  ],
  [
    0.5982405457088533,
    0.03613932581135182,
    86.543,
    "f"
  ],
  [
    0.6041639335273078,
    0.03649715385195118,
    86.543,
    "f"
  ],
  [
    0.6130957732202985,
    0.03703672053140006,
    86.543,
    "f"
  ],
  [
    0.6251588587418877,
    0.03776544375332469,
    86.543,
    "f"
  ],
  [
    0.6404759840461387,
    0.03869074142135176,
    86.543,
    "f"
  ],
  [
    0.6591699430871141,
    0.03982003143910767,
    86.543,
    "f"
  ],
  [
    0.681363529818876,
    0.041160731710219,
    86.543,
    "f"
  ],
  [
    0.707179538195488,
    0.042720260138312316,
    86.543,
    "f"
  ],
  [
    0.7367407621710117,
    0.0445060346270138,
    86.543,
    "f"
  ],
  [
    0.7701699956995107,
    0.046525473079950475,
    86.543,
    "f"
  ],
  [
    0.8075900327350476,
    0.04878599340074835,
    86.543,
    "f"
  ],
  [
    0.8491236672316842,
    0.051295013493034114,
    86.543,
    "f"
  ],
  [
    0.8948936931434848,
    0.05405995126043445,
    86.543,
    "f"
  ],
  [
    0.9450229044245104,
    0.0570882246065757,
    86.543,
    "f"
  ],
  [
    0.9996340950288253,
    0.060387251435084555,
    86.543,
    "f"
  ],
  [
    1.058850058910491,
    0.06396444964958697,
    86.543,
    "f"
  ],
  [
    1.122793590023571,
    0.0678272371537102,
    86.543,
    "f"
  ],
  [
    1.1915874823221266,
    0.07198303185108001,
    86.543,
    "f"
  ],
  [
    1.2653545297602218,
    0.0764392516453235,
    86.543,
    "f"
  ],
  [
    1.3442175262919198,
    0.0812033144400669,
    86.543,
    "f"
  ],
  [
    1.4282992658712814,
    0.08628263813893677,
    86.543,
    "f"
  ],
  [
    1.5177225424523715,
    0.09168464064555981,
    86.543,
    "f"
  ],
  [
    1.6126101499892505,
    0.09741673986356225,
    86.543,
    "f"
  ],
  [
    1.7130848824359828,
    0.10348635369657033,
    86.543,
    "f"
  ],
  [
    1.8192695337466311,
    0.10990090004821107,
    86.543,
    "f"
  ],
  [
    1.9312868978752564,
    0.11666779682211081,
    86.543,
    "f"
  ],
  [
    2.0492597687759226,
    0.12379446192189614,
    86.543,
    "f"
  ],
  [
    2.0492597687759226,
    0.12379446192189614,
    86.543,
    "f"
  ],
  [
    2.170293634442797,
    0.13175376264514083,
    85.93271912008879,
    "f"
  ],
  [
    2.2913955832526343,
    0.14101154471897104,
    85.32468031121124,
    "f"
  ],
  [
    2.4125408097333834,
    0.15156469369134018,
    84.71863740766082,
    "f"
  ],
  [
    2.533704508412991,
    0.1634100951102031,
    84.11434588391131,
    "f"
  ],
  [
    2.6548618738194056,
    0.17654463452351488,
    83.51156273768396,
    "f"
  ],
  [
    2.775988100480574,
    0.19096519747922835,
    82.91004637051515,
    "f"
  ],
  [
    2.8970583829244454,
    0.2066686695252984,
    82.30955646649204,
    "f"
  ],
  [
    3.0180479156789657,
    0.22365193620968005,
    81.70985386978913,
    "f"
  ],
  [
    3.1389318932720824,
    0.24191188308032596,
    81.11070046160864,
    "f"
  ],
  [
    3.259685510231745,
    0.2614453956851921,
    80.5118590371028,
    "f"
  ],
  [
    3.380283961085901,
    0.28224935957223174,
    79.9130931828393,
    "f"
  ],
  [
    3.500702440362497,
    0.30432066028939864,
    79.31416715535613,
    "f"
  ],
  [
    3.620916142589482,
    0.3276561833846494,
    78.71484576134424,
    "f"
  ],
  [
    3.740900262294801,
    0.35225281440593514,
    78.11489423999473,
    "f"
  ],
  [
    3.860629994006406,
    0.3781074389012131,
    77.51407814804713,
    "f"
  ],
  [
    3.9800805322522397,
    0.4052169424184353,
    76.91216324808397,
    "f"
  ],
  [
    4.099227071560254,
    0.4335782105055572,
    76.3089154006268,
    "f"
  ],
  [
    4.218044806458394,
    0.4631881287105326,
    75.70410046060545,
    "f"
  ],
  [
    4.33650893147461,
    0.49404358258131653,
    75.09748417879382,
    "f"
  ],
  [
    4.454594641136847,
    0.5261414576658616,
    74.48883210883008,
    "f"
  ],
  [
    4.5722771299730525,
    0.5594786395121236,
    73.87790952046811,
    "f"
  ],
  [
    4.689531592511177,
    0.5940520136680578,
    73.26448131974394,
    "f"
  ],
  [
    4.806333223279166,
    0.6298584656816155,
    72.64831197677643,
    "f"
  ],
  [
    4.922657216804968,
    0.6668948811007529,
    72.02916546196724,
    "f"
  ],
  [
    5.038478767616531,
    0.7051581454734244,
    71.4068051914096,
    "f"
  ],
  [
    5.153773070241803,
    0.744645144347583,
    70.78099398236998,
    "f"
  ],
  [
    5.26851531920873,
    0.7853527632711845,
    70.15149401975856,
    "f"
  ],
  [
    5.38268070904526,
    0.8272778877921825,
    69.51806683456675,
    "f"
  ],
  [
    5.496244434279341,
    0.8704174034585304,
    68.88047329531042,
    "f"
  ],
  [
    5.609181689438923,
    0.9147681958181844,
    68.23847361358486,
    "f"
  ],
  [
    5.72146766905195,
    0.9603271504190967,
    67.59182736490612,
    "f"
  ],
  [
    5.833077567646372,
    1.007091152809224,
    66.94029352608487,
    "f"
  ],
  [
    5.943986579750137,
    1.055057088536517,
    66.28363053045297,
    "f"
  ],
  [
    6.054169899891191,
    1.1042218431489341,
    65.62159634233757,
    "f"
  ],
  [
    6.163602722597481,
    1.1545823021944264,
    64.95394855225362,
    "f"
  ],
  [
    6.272260242396959,
    1.2061353512209503,
    64.28044449436084,
    "f"
  ],
  [
    6.380117653817568,
    1.2588778757764594,
    63.6008413878065,
    "f"
  ],
  [
    6.487150151387257,
    1.3128067614089063,
    62.91489650364542,
    "f"
  ],
  [
    6.5933329296339735,
    1.367918893666248,
    62.222367359098484,
    "f"
  ],
  [
    6.69864118308567,
    1.4242111580964374,
    61.5230119409722,
    "f"
  ],
  [
    6.803050106270289,
    1.481680440247429,
    60.8165889601176,
    "f"
  ],
  [
    6.906534893715776,
    1.5403236256671753,
    60.10285813885213,
    "f"
  ],
  [
    7.009070739950085,
    1.6001375999036336,
    59.38158053330193,
    "f"
  ],
  [
    7.110632839501162,
    1.6611192485047575,
    58.65251889264192,
    "f"
  ],
  [
    7.211196386896951,
    1.7232654570184986,
    57.91543805721261,
    "f"
  ],
  [
    7.310736576665402,
    1.7865731109928147,
    57.17010539747292,
    "f"
  ],
  [
    7.409228603334464,
    1.851039095975659,
    56.41629129570731,
    "f"
  ],
  [
    7.506647661432083,
    1.9166602975149845,
    55.653769672332544,
    "f"
  ],
  [
    7.602968945486207,
    1.9834336011587452,
    54.88231855854667,
    "f"
  ],
  [
    7.698167650024786,
    2.0513558924548985,
    54.10172071692352,
    "f"
  ],
  [
    7.792218969575764,
    2.1204240569513955,
    53.31176431137362,
    "f"
  ],
  [
    7.88509809866709,
    2.1906349801961915,
    52.51224362766686,
    "f"
  ],
  [
    7.9767802318267105,
    2.2619855477372424,
    51.702959845433554,
    "f"
  ],
  [
    8.067240563582576,
    2.3344726451225,
    50.883721862227276,
    "f"
  ],
  [
    8.156454288462635,
    2.408093157899919,
    50.05434716984132,
    "f"
  ],
  [
    8.244396600994833,
    2.4828439716174557,
    49.214662782610276,
    "f"
  ],
  [
    8.331042695707115,
    2.5587219718230614,
    48.36450621690511,
    "f"
  ],
  [
    8.416367767127433,
    2.6357240440646925,
    47.503726520431314,
    "f"
  ],
  [
    8.500347009783734,
    2.7138470738903044,
    46.63218534926915,
    "f"
  ],
  [
    8.582955618203963,
    2.7930879468478467,
    45.749758089850786,
    "f"
  ],
  [
    8.664168786916072,
    2.8734435484852785,
    44.85633502224687,
    "f"
  ],
  [
    8.743961710448005,
    2.954910764350551,
    43.95182252024563,
    "f"
  ],
  [
    8.822309583327712,
    3.037486479991622,
    43.03614428274648,
    "f"
  ],
  [
    8.899187600083138,
    3.121167580956441,
    42.10924258996795,
    "f"
  ],
  [
    8.974570955242232,
    3.2059509527929655,
    41.17107957689734,
    "f"
  ],
  [
    9.048434843332945,
    3.2918334810491494,
    40.22163851529518,
    "f"
  ],
  [
    9.12075445888322,
    3.3788120512729463,
    39.26092509442907,
    "f"
  ],
  [
    9.191504996421004,
    3.4668835490123118,
    38.28896868956747,
    "f"
  ],
  [
    9.260661650474251,
    3.556044859815198,
    37.30582360613511,
    "f"
  ],
  [
    9.328199615570902,
    3.6462928692295615,
    36.31157028634681,
    "f"
  ],
  [
    9.39409408623891,
    3.7376244628033537,
    35.30631646411848,
    "f"
  ],
  [
    9.45832025700622,
    3.830036526084532,
    34.290198253142705,
    "f"
  ],
  [
    9.520853322400779,
    3.9235259446210486,
    33.26338115223717,
    "f"
  ],
  [
    9.581668476950536,
    4.018089603960858,
    32.22606095147046,
    "f"
  ],
  [
    9.640740915183438,
    4.113724389651917,
    31.178464522172078,
    "f"
  ],
  [
    9.698045831627434,
    4.2104271872421775,
    30.12085047378355,
    "f"
  ],
  [
    9.753558420810469,
    4.308194882279591,
    29.053509660634234,
    "f"
  ],
  [
    9.807253877260493,
    4.407024360312118,
    27.97676552216626,
    "f"
  ],
  [
    9.859107395505456,
    4.50691250688771,
    26.89097424091119,
    "f"
  ],
  [
    9.909094170073299,
    4.6078562075543195,
    25.796524703657383,
    "f"
  ],
  [
    9.957189395491975,
    4.709852347859901,
    24.693838252756734,
    "f"
  ],
  [
    10.00336826628943,
    4.8128978133524125,
    23.583368216405688,
    "f"
  ],
  [
    10.047605976993612,
    4.916989489579803,
    22.465599208985907,
    "f"
  ],
  [
    10.089877722132469,
    5.022124262090031,
    21.34104619515574,
    "f"
  ],
  [
    10.130158696233948,
    5.12829901643105,
    20.210253314301383,
    "f"
  ],
  [
    10.168424093825998,
    5.235510638150813,
    19.073792465151314,
    "f"
  ],
  [
    10.204649109436566,
    5.343756012797279,
    17.932261653768762,
    "f"
  ],
  [
    10.238808937593596,
    5.453032025918391,
    16.786283111695013,
    "f"
  ],
  [
    10.270878772825043,
    5.5633355630621155,
    15.636501194648645,
    "f"
  ],
  [
    10.30083380965885,
    5.6746635097763996,
    14.483580075801456,
    "f"
  ],
  [
    10.328649242622962,
    5.787012751609197,
    13.328201251162227,
    "f"
  ],
  [
    10.354300266245334,
    5.90038017410847,
    12.171060877914442,
    "f"
  ],
  [
    10.377762075053909,
    6.014762662822164,
    11.012866969578795,
    "f"
  ],
  [
    10.399009863576634,
    6.130157103298238,
    9.85433647452004,
    "f"
  ],
  [
    10.41801882634146,
    6.246560381084644,
    8.696192266517755,
    "f"
  ],
  [
    10.434764157876334,
    6.363969381729341,
    7.5391600777994086,
    "f"
  ],
  [
    10.4492210527092,
    6.482380990780278,
    6.383965406044865,
    "f"
  ],
  [
    10.461364705368009,
    6.6017920937854075,
    5.231330427380101,
    "f"
  ],
  [
    10.471170310380709,
    6.722199576292689,
    4.081970947265631,
    "f"
  ],
  [
    10.471170310380709,
    6.722199576292689,
    4.081970947265631,
    "f"
  ],
  [
    10.479647129791966,
    6.840981399490911,
    4.08197123569164,
    "f"
  ],
  [
    10.487825070920357,
    6.955575168623694,
    4.08197153926244,
    "f"
  ],
  [
    10.495710296204713,
    7.0660672353212615,
    4.08197185898905,
    "f"
  ],
  [
    10.503308968083845,
    7.17254395121382,
    4.081972195961271,
    "f"
  ],
  [
    10.510627248996583,
    7.275091667931591,
    4.08197255135417,
    "f"
  ],
  [
    10.517671301381746,
    7.373796737104788,
    4.081972926434673,
    "f"
  ],
  [
    10.524447287678155,
    7.468745510363626,
    4.081973322569638,
    "f"
  ],
  [
    10.530961370324636,
    7.560024339338319,
    4.081973741233298,
    "f"
  ],
  [
    10.537219711760006,
    7.647719575659084,
    4.081974184016076,
    "f"
  ],
  [
    10.543228474423088,
    7.731917570956134,
    4.081974652633278,
    "f"
  ],
  [
    10.548993820752703,
    7.812704676859686,
    4.081975148934077,
    "f"
  ],
  [
    10.55452191318768,
    7.8901672449999545,
    4.081975674911575,
    "f"
  ],
  [
    10.559818914166836,
    7.964391627007156,
    4.081976232711838,
    "f"
  ],
  [
    10.564890986128987,
    8.035464174511503,
    4.081976824643675,
    "f"
  ],
  [
    10.569744291512963,
    8.103471239143213,
    4.081977453187733,
    "f"
  ],
  [
    10.574384992757581,
    8.168499172532497,
    4.081978121004681,
    "f"
  ],
  [
    10.57881925230167,
    8.230634326309579,
    4.081978830942205,
    "f"
  ],
  [
    10.583053232584042,
    8.289963052104662,
    4.081979586040234,
    "f"
  ],
  [
    10.587093096043532,
    8.346571701547976,
    4.0819803895324185,
    "f"
  ],
  [
    10.590945005118948,
    8.400546626269723,
    4.081981244844599,
    "f"
  ],
  [
    10.594615122249115,
    8.451974177900121,
    4.081982155586672,
    "f"
  ],
  [
    10.598109609872864,
    8.500940708069393,
    4.081983125537363,
    "f"
  ],
  [
    10.601434630429004,
    8.54753256840774,
    4.081984158618866,
    "f"
  ],
  [
    10.60459634635637,
    8.59183611054539,
    4.081985258858708,
    "f"
  ],
  [
    10.607600920093773,
    8.633937686112553,
    4.081986430335007,
    "f"
  ],
  [
    10.610454514080043,
    8.673923646739448,
    4.081987677100358,
    "f"
  ],
  [
    10.613163290753999,
    8.711880344056285,
    4.081989003079798,
    "f"
  ],
  [
    10.615733412554459,
    8.74789412969328,
    4.081990411936545,
    "f"
  ],
  [
    10.618171041920247,
    8.782051355280647,
    4.081991906899134,
    "f"
  ],
  [
    10.620482341290192,
    8.814438372448608,
    4.081993490541095,
    "f"
  ],
  [
    10.622673473103102,
    8.845141532827368,
    4.081995164508726,
    "f"
  ],
  [
    10.62475059979781,
    8.874247188047152,
    4.081996929188051,
    "f"
  ],
  [
    10.626719883813134,
    8.901841689738172,
    4.08199878330754,
    "f"
  ],
  [
    10.6285874875879,
    8.928011389530639,
    4.082000723475858,
    "f"
  ],
  [
    10.630359573560924,
    8.952842639054772,
    4.082002743660098,
    "f"
  ],
  [
    10.63204230417103,
    8.976421789940783,
    4.082004834617351,
    "f"
  ],
  [
    10.633641841857042,
    8.998835193818895,
    4.082006983310123,
    "f"
  ],
  [
    10.635164349057778,
    9.020169202319313,
    4.082009172344556,
    "f"
  ],
  [
    10.63661598821206,
    9.040510167072256,
    4.08201137949618,
    "f"
  ],
  [
    10.63800292175872,
    9.059944439707943,
    4.082013577402961,
    "f"
  ],
  [
    10.639331312136568,
    9.078558371856587,
    4.082015733522496,
    "f"
  ],
  [
    10.640607321784422,
    9.096438315148395,
    4.082017810459547,
    "f"
  ],
  [
    10.641837113141122,
    9.113670621213595,
    4.0820197667587195,
    "f"
  ],
  [
    10.643026848645482,
    9.130341641682401,
    4.082021558230508,
    "f"
  ],
  [
    10.644182690736312,
    9.146537728185017,
    4.082023139821615,
    "f"
  ],
  [
    10.645310801852446,
    9.162345232351663,
    4.082024467959059,
    "f"
  ],
  [
    10.646417344432704,
    9.17785050581256,
    4.082025503203113,
    "f"
  ],
  [
    10.64750848091591,
    9.19313990019792,
    4.082026212956919,
    "f"
  ],
  [
    10.648590373740879,
    9.208299767137953,
    4.082026573912458,
    "f"
  ],
  [
    10.64966918534644,
    9.223416458262882,
    4.082026573912401,
    "f"
  ],
  [
    10.65075107817141,
    9.23857632520292,
    4.0820262129569755,
    "f"
  ],
  [
    10.651842214654616,
    9.253865719588278,
    4.082025503203226,
    "f"
  ],
  [
    10.652948757234872,
    9.269370993049174,
    4.082024467959059,
    "f"
  ],
  [
    10.654076868351009,
    9.285178497215822,
    4.082023139821672,
    "f"
  ],
  [
    10.655232710441842,
    9.30137458371844,
    4.0820215582303945,
    "f"
  ],
  [
    10.656422445946196,
    9.318045604187242,
    4.082019766758663,
    "f"
  ],
  [
    10.657652237302893,
    9.33527791025244,
    4.08201781045949,
    "f"
  ],
  [
    10.658928246950754,
    9.353157853544253,
    4.082015733522496,
    "f"
  ],
  [
    10.660256637328601,
    9.371771785692895,
    4.082013577403018,
    "f"
  ],
  [
    10.661643570875256,
    9.391206058328581,
    4.08201137949618,
    "f"
  ],
  [
    10.663095210029542,
    9.411547023081527,
    4.082009172344556,
    "f"
  ],
  [
    10.66461771723028,
    9.432881031581946,
    4.082006983310123,
    "f"
  ],
  [
    10.66621725491629,
    9.455294435460054,
    4.082004834617351,
    "f"
  ],
  [
    10.667899985526399,
    9.478873586346069,
    4.082002743660098,
    "f"
  ],
  [
    10.66967207149942,
    9.5037048358702,
    4.082000723475915,
    "f"
  ],
  [
    10.671539675274186,
    9.529874535662668,
    4.08199878330754,
    "f"
  ],
  [
    10.673508959289508,
    9.557469037353686,
    4.081996929187994,
    "f"
  ],
  [
    10.675586085984218,
    9.586574692573468,
    4.081995164508726,
    "f"
  ],
  [
    10.677777217797132,
    9.617277852952233,
    4.081993490541095,
    "f"
  ],
  [
    10.680088517167073,
    9.64966487012019,
    4.081991906899191,
    "f"
  ],
  [
    10.682526146532863,
    9.683822095707562,
    4.081990411936545,
    "f"
  ],
  [
    10.685096268333321,
    9.719835881344554,
    4.081989003079741,
    "f"
  ],
  [
    10.687805045007277,
    9.757792578661391,
    4.081987677100301,
    "f"
  ],
  [
    10.690658638993545,
    9.797778539288284,
    4.081986430335007,
    "f"
  ],
  [
    10.69366321273095,
    9.839880114855449,
    4.081985258858708,
    "f"
  ],
  [
    10.696824928658314,
    9.884183656993098,
    4.081984158618866,
    "f"
  ],
  [
    10.700149949214458,
    9.930775517331448,
    4.081983125537306,
    "f"
  ],
  [
    10.703644436838204,
    9.979742047500716,
    4.081982155586672,
    "f"
  ],
  [
    10.707314553968375,
    10.031169599131118,
    4.0819812448446555,
    "f"
  ],
  [
    10.711166463043792,
    10.085144523852865,
    4.0819803895324185,
    "f"
  ],
  [
    10.715206326503276,
    10.141753173296173,
    4.081979586040234,
    "f"
  ],
  [
    10.71944030678565,
    10.20108189909126,
    4.081978830942205,
    "f"
  ],
  [
    10.723874566329737,
    10.26321705286834,
    4.081978121004681,
    "f"
  ],
  [
    10.728515267574357,
    10.328244986257625,
    4.081977453187733,
    "f"
  ],
  [
    10.733368572958334,
    10.396252050889336,
    4.081976824643732,
    "f"
  ],
  [
    10.738440644920486,
    10.467324598393683,
    4.081976232711838,
    "f"
  ],
  [
    10.74373764589964,
    10.541548980400885,
    4.081975674911575,
    "f"
  ],
  [
    10.749265738334614,
    10.619011548541152,
    4.081975148934134,
    "f"
  ],
  [
    10.755031084664232,
    10.699798654444704,
    4.081974652633278,
    "f"
  ],
  [
    10.761039847327316,
    10.783996649741756,
    4.081974184016133,
    "f"
  ],
  [
    10.767298188762686,
    10.87169188606252,
    4.081973741233298,
    "f"
  ],
  [
    10.773812271409165,
    10.962970715037216,
    4.081973322569581,
    "f"
  ],
  [
    10.780588257705576,
    11.05791948829605,
    4.081972926434673,
    "f"
  ],
  [
    10.787632310090737,
    11.156624557469248,
    4.081972551354113,
    "f"
  ],
  [
    10.794950591003474,
    11.259172274187017,
    4.081972195961271,
    "f"
  ],
  [
    10.802549262882609,
    11.36564899007958,
    4.08197185898905,
    "f"
  ],
  [
    10.81043448816696,
    11.476141056777143,
    4.08197153926244,
    "f"
  ],
  [
    10.818612429295356,
    11.590734825909928,
    4.08197123569164,
    "f"
  ],
  [
    10.82708924870661,
    11.70951664910815,
    4.081970947265631,
    "f"
  ],
  [
    10.82708924870661,
    11.70951664910815,
    4.081970947265631,
    "f"
  ],
  [
    10.835566068117867,
    11.828298472306367,
    4.081971235691697,
    "f"
  ],
  [
    10.843744009246256,
    11.94289224143915,
    4.08197153926244,
    "f"
  ],
  [
    10.851629234530613,
    12.05338430813672,
    4.08197185898905,
    "f"
  ],
  [
    10.859227906409744,
    12.159861024029276,
    4.0819721959613275,
    "f"
  ],
  [
    10.866546187322486,
    12.262408740747052,
    4.08197255135417,
    "f"
  ],
  [
    10.87359023970765,
    12.361113809920248,
    4.081972926434673,
    "f"
  ],
  [
    10.880366226004055,
    12.45606258317908,
    4.081973322569638,
    "f"
  ],
  [
    10.886880308650536,
    12.547341412153777,
    4.081973741233355,
    "f"
  ],
  [
    10.893138650085907,
    12.635036648474541,
    4.081974184016133,
    "f"
  ],
  [
    10.89914741274899,
    12.71923464377159,
    4.081974652633278,
    "f"
  ],
  [
    10.904912759078607,
    12.800021749675144,
    4.081975148934077,
    "f"
  ],
  [
    10.910440851513581,
    12.877484317815412,
    4.081975674911575,
    "f"
  ],
  [
    10.915737852492734,
    12.951708699822614,
    4.081976232711895,
    "f"
  ],
  [
    10.920809924454888,
    13.02278124732696,
    4.081976824643675,
    "f"
  ],
  [
    10.925663229838866,
    13.09078831195867,
    4.081977453187733,
    "f"
  ],
  [
    10.93030393108348,
    13.155816245347953,
    4.081978121004681,
    "f"
  ],
  [
    10.934738190627572,
    13.217951399125036,
    4.081978830942262,
    "f"
  ],
  [
    10.938972170909945,
    13.277280124920122,
    4.081979586040234,
    "f"
  ],
  [
    10.943012034369433,
    13.333888774363436,
    4.0819803895324185,
    "f"
  ],
  [
    10.946863943444848,
    13.38786369908518,
    4.0819812448446555,
    "f"
  ],
  [
    10.950534060575018,
    13.439291250715579,
    4.081982155586672,
    "f"
  ],
  [
    10.954028548198766,
    13.48825778088485,
    4.081983125537306,
    "f"
  ],
  [
    10.957353568754908,
    13.534849641223198,
    4.081984158618866,
    "f"
  ],
  [
    10.960515284682273,
    13.579153183360852,
    4.081985258858708,
    "f"
  ],
  [
    10.963519858419676,
    13.621254758928012,
    4.081986430335007,
    "f"
  ],
  [
    10.966373452405945,
    13.661240719554906,
    4.081987677100301,
    "f"
  ],
  [
    10.9690822290799,
    13.699197416871744,
    4.081989003079684,
    "f"
  ],
  [
    10.97165235088036,
    13.735211202508738,
    4.0819904119366015,
    "f"
  ],
  [
    10.974089980246148,
    13.769368428096104,
    4.081991906899191,
    "f"
  ],
  [
    10.976401279616093,
    13.801755445264067,
    4.081993490541095,
    "f"
  ],
  [
    10.978592411429002,
    13.832458605642827,
    4.081995164508783,
    "f"
  ],
  [
    10.980669538123712,
    13.86156426086261,
    4.081996929188051,
    "f"
  ],
  [
    10.982638822139037,
    13.88915876255363,
    4.08199878330754,
    "f"
  ],
  [
    10.984506425913803,
    13.915328462346098,
    4.082000723475915,
    "f"
  ],
  [
    10.986278511886827,
    13.940159711870232,
    4.082002743660041,
    "f"
  ],
  [
    10.987961242496931,
    13.963738862756243,
    4.082004834617408,
    "f"
  ],
  [
    10.989560780182941,
    13.98615226663435,
    4.08200698331018,
    "f"
  ],
  [
    10.991083287383681,
    14.007486275134772,
    4.082009172344556,
    "f"
  ],
  [
    10.992534926537962,
    14.027827239887708,
    4.082011379496237,
    "f"
  ],
  [
    10.993921860084622,
    14.047261512523404,
    4.082013577402904,
    "f"
  ],
  [
    10.995250250462473,
    14.065875444672049,
    4.082015733522553,
    "f"
  ],
  [
    10.996526260110327,
    14.083755387963855,
    4.082017810459547,
    "f"
  ],
  [
    10.997756051467025,
    14.100987694029055,
    4.082019766758606,
    "f"
  ],
  [
    10.998945786971378,
    14.117658714497855,
    4.082021558230451,
    "f"
  ],
  [
    11.000101629062213,
    14.133854801000474,
    4.082023139821615,
    "f"
  ],
  [
    11.001229740178347,
    14.149662305167121,
    4.082024467958945,
    "f"
  ],
  [
    11.002336282758606,
    14.165167578628017,
    4.082025503203226,
    "f"
  ],
  [
    11.003427419241813,
    14.18045697301338,
    4.0820262129569755,
    "f"
  ],
  [
    11.00450931206678,
    14.195616839953411,
    4.082026573912515,
    "f"
  ],
  [
    11.005588123672345,
    14.210733531078343,
    4.082026573912458,
    "f"
  ],
  [
    11.006670016497313,
    14.225893398018377,
    4.0820262129569755,
    "f"
  ],
  [
    11.007761152980516,
    14.241182792403736,
    4.082025503203226,
    "f"
  ],
  [
    11.008867695560777,
    14.256688065864633,
    4.082024467958945,
    "f"
  ],
  [
    11.00999580667691,
    14.272495570031278,
    4.082023139821672,
    "f"
  ],
  [
    11.011151648767745,
    14.2886916565339,
    4.082021558230451,
    "f"
  ],
  [
    11.0123413842721,
    14.3053626770027,
    4.082019766758663,
    "f"
  ],
  [
    11.013571175628794,
    14.322594983067898,
    4.08201781045949,
    "f"
  ],
  [
    11.014847185276658,
    14.340474926359711,
    4.082015733522553,
    "f"
  ],
  [
    11.016175575654504,
    14.359088858508354,
    4.082013577402904,
    "f"
  ],
  [
    11.01756250920116,
    14.378523131144041,
    4.08201137949618,
    "f"
  ],
  [
    11.019014148355446,
    14.398864095896986,
    4.082009172344613,
    "f"
  ],
  [
    11.020536655556182,
    14.420198104397404,
    4.082006983310066,
    "f"
  ],
  [
    11.022136193242192,
    14.442611508275514,
    4.082004834617351,
    "f"
  ],
  [
    11.023818923852298,
    14.466190659161525,
    4.082002743660041,
    "f"
  ],
  [
    11.025591009825323,
    14.491021908685658,
    4.082000723475915,
    "f"
  ],
  [
    11.027458613600086,
    14.517191608478125,
    4.081998783307483,
    "f"
  ],
  [
    11.029427897615411,
    14.544786110169143,
    4.081996929188051,
    "f"
  ],
  [
    11.03150502431012,
    14.573891765388925,
    4.081995164508726,
    "f"
  ],
  [
    11.033696156123034,
    14.60459492576769,
    4.081993490541095,
    "f"
  ],
  [
    11.036007455492975,
    14.63698194293565,
    4.081991906899077,
    "f"
  ],
  [
    11.038445084858767,
    14.67113916852302,
    4.0819904119366015,
    "f"
  ],
  [
    11.041015206659223,
    14.707152954160012,
    4.081989003079684,
    "f"
  ],
  [
    11.043723983333178,
    14.745109651476849,
    4.081987677100358,
    "f"
  ],
  [
    11.046577577319448,
    14.785095612103744,
    4.081986430335007,
    "f"
  ],
  [
    11.049582151056853,
    14.827197187670906,
    4.081985258858708,
    "f"
  ],
  [
    11.052743866984216,
    14.871500729808556,
    4.081984158618866,
    "f"
  ],
  [
    11.05606888754036,
    14.918092590146909,
    4.081983125537363,
    "f"
  ],
  [
    11.059563375164103,
    14.967059120316174,
    4.081982155586616,
    "f"
  ],
  [
    11.063233492294277,
    15.018486671946576,
    4.081981244844599,
    "f"
  ],
  [
    11.067085401369694,
    15.072461596668322,
    4.0819803895324185,
    "f"
  ],
  [
    11.071125264829176,
    15.12907024611163,
    4.081979586040234,
    "f"
  ],
  [
    11.075359245111553,
    15.18839897190672,
    4.081978830942205,
    "f"
  ],
  [
    11.07979350465564,
    15.2505341256838,
    4.081978121004681,
    "f"
  ],
  [
    11.084434205900262,
    15.315562059073086,
    4.081977453187733,
    "f"
  ],
  [
    11.089287511284237,
    15.383569123704794,
    4.081976824643732,
    "f"
  ],
  [
    11.094359583246389,
    15.454641671209142,
    4.081976232711838,
    "f"
  ],
  [
    11.099656584225542,
    15.528866053216342,
    4.081975674911575,
    "f"
  ],
  [
    11.105184676660517,
    15.60632862135661,
    4.081975148934134,
    "f"
  ],
  [
    11.110950022990137,
    15.687115727260165,
    4.081974652633221,
    "f"
  ],
  [
    11.11695878565322,
    15.771313722557217,
    4.081974184016133,
    "f"
  ],
  [
    11.123217127088587,
    15.859008958877979,
    4.081973741233298,
    "f"
  ],
  [
    11.129731209735068,
    15.950287787852675,
    4.081973322569581,
    "f"
  ],
  [
    11.136507196031477,
    16.04523656111151,
    4.081972926434673,
    "f"
  ],
  [
    11.143551248416639,
    16.143941630284704,
    4.081972551354113,
    "f"
  ],
  [
    11.150869529329377,
    16.246489347002477,
    4.081972195961271,
    "f"
  ],
  [
    11.15846820120851,
    16.35296606289504,
    4.08197185898905,
    "f"
  ],
  [
    11.166353426492865,
    16.463458129592603,
    4.08197153926244,
    "f"
  ],
  [
    11.174531367621256,
    16.578051898725388,
    4.081971235691697,
    "f"
  ],
  [
    11.183008187032513,
    16.696833721923607,
    4.081970947265631,
    "f"
  ]
]