[
  [
    0.0,
    0.0,
    88.651,
    "f"
  ],
  [
    0.11774365847206142,
    0.0027727269452277187,
    88.651,
    "f"
  ],
  [
    0.2287107304169872,
    0.005385873117237705,
    88.651,
    "f"
  ],
  [
    0.3330409392683265,
    0.007842728841250951,
    88.651,
    "f"
  ],
  [
    0.4308740084596286,
    0.010146584442488421,
    88.651,
    "f"
  ],
  [
    0.5223496614244426,
    0.012300730246171121,
    88.651,
    "f"
  ],
  [
    0.6076076215963178,
    0.014308456577520029,
    88.651,
    "f"
  ],
  [
    0.6867876124088034,
    0.01617305376175618,
    88.651,
    "f"
  ],
  [
    0.7600293572954482,
    0.017897812124100354,
    88.651,
    "f"
  ],
  [
    0.8274725796898017,
    0.01948602198977384,
    88.651,
    "f"
  ],
  [
    0.8892570030254134,
    0.020940973683997388,
    88.651,
    "f"
  ],
  [
    0.9455223507358317,
    0.02226595753199201,
    88.651,
    "f"
  ],
  [
    0.9964083462546064,
    0.023464263858978984,
    88.651,
    "f"
  ],
  [
    1.042054713015287,
    0.024539182990178765,
    88.651,
    "f"
  ],
  [
    1.0826011744514215,
    0.02549400525081269,
    88.651,
    "f"
  ],
  [
    1.1181874539965606,
    0.026332020966101766,
    88.651,
    "f"
  ],
  [
    1.148953275084252,
    0.02705652046126683,
    88.651,
    "f"
  ],
  [
    1.175038361148046,
    0.027670794061528947,
    88.651,
    "f"
  ],
  [
    1.196582435621491,
    0.02817813209210901,
    88.651,
    "f"
  ],
  [
    1.213725221938137,
    0.028581824878228246,
    88.651,
    "f"
  ],
  [
    1.2266064435315325,
    0.028885162745107273,
    88.651,
    "f"
  ],
  [
    1.235365823835227,
    0.02909143601796743,
    88.651,
    "f"
  ],
  [
    1.2401430862827698,
    0.029203935022029448,
    88.651,
    "f"
  ],
  [
    1.2410779543077093,
    0.02922595008251433,
    268.65100000000024,
    "f"
  ],
  [
    1.2383101513435963,
    0.029160771524643303,
    268.651,
    "f"
  ],
  [
    1.231979400823978,
    0.029011689673636987,
    268.651,
    "f"
  ],
  [
    1.2222254261824057,
    0.02878199485471672,
    268.651,
    "f"
  ],
  [
    1.2091879508524268,
    0.02847497739310323,
    268.651,
    "f"
  ],
  [
    1.1930066982675909,
    0.028093927614017578,
    268.651,
    "f"
  ],
  [
    1.1738213918614475,
    0.02764213584268088,
    268.651,
    "f"
  ],
  [
    1.1517717550675466,
    0.027122892404313925,
    268.651,
    "f"
  ],
  [
    1.1269975113194357,
    0.02653948762413788,
    268.651,
    "f"
  ],
  [
    1.0996383840506645,
    0.025895211827373532,
    268.651,
    "f"
  ],
  [
    1.0698340966947835,
    0.02519335533924205,
    268.651,
    "f"
  ],
  [
    1.0377243726853405,
    0.02443720848496428,
    268.651,
    "f"
  ],
  [
    1.0034489354558846,
    0.023630061589761053,
    268.651,
    "f"
  ],
  [
    0.9671475084399664,
    0.022775204978853825,
    268.651,
    "f"
  ],
  [
    0.9289598150711336,
    0.02187592897746321,
    268.651,
    "f"
  ],
  [
    0.8890255787829359,
    0.020935523910810383,
    268.651,
    "f"
  ],
  [
    0.8474845230089222,
    0.01995728010411607,
    268.651,
    "f"
  ],
  [
    0.8044763711826428,
    0.018944487882601613,
    268.651,
    "f"
  ],
  [
    0.7601408467376459,
    0.017900437571487682,
    268.651,
    "f"
  ],
  [
    0.7146176731074804,
    0.016828419495995367,
    268.651,
    "f"
  ],
  [
    0.6680465737256965,
    0.01573172398134573,
    268.651,
    "f"
  ],
  [
    0.620567272025843,
    0.014613641352759665,
    268.651,
    "f"
  ],
  [
    0.5723194914414683,
    0.013477461935458207,
    268.651,
    "f"
  ],
  [
    0.5234429554061225,
    0.012326476054662305,
    268.651,
    "f"
  ],
  [
    0.47407738735335486,
    0.01116397403559305,
    268.651,
    "f"
  ],
  [
    0.42436251071671427,
    0.00999324620347114,
    268.651,
    "f"
  ],
  [
    0.3744380489297494,
    0.008817582883517944,
    268.651,
    "f"
  ],
  [
    0.32444372542601047,
    0.007640274400954092,
    268.651,
    "f"
  ],
  [
    0.2745192636390458,
    0.006464611081000909,
    268.651,
    "f"
  ],
  [
    0.2248043870024049,
    0.005293883248879097,
    268.651,
    "f"
  ],
  [
    0.17543881894963737,
    0.004131381229809772,
    268.651,
    "f"
  ],
  [
    0.12656228291429145,
    0.002980395349013912,
    268.651,
    "f"
  ],
  [
    0.07831450232991737,
    0.0018442159317124014,
    268.651,
    "f"
  ],
  [
    0.030835200630062926,
    0.0007261333031263056,
    268.651,
    "f"
  ],
  [
    -0.015735898751720257,
    -0.0003705622115232343,
    268.651,
    "f"
  ],
  [
    -0.06125907238188532,
    -0.0014425802870154866,
    268.651,
    "f"
  ],
  [
    -0.105594596826883,
    -0.0024866305981294384,
    268.651,
    "f"
  ],
  [
    -0.14860274865316228,
    -0.0034994228196439936,
    268.65099999999995,
    "f"
  ],
  [
    -0.1901438044271759,
    -0.00447766662633825,
    268.651,
    "f"
  ],
  [
    -0.23007804071537324,
    -0.0054180716929911055,
    268.651,
    "f"
  ],
  [
    -0.26826573408420645,
    -0.006317347694381734,
    268.651,
    "f"
  ],
  [
    -0.3045671611001249,
    -0.007172204305289018,
    268.651,
    "f"
  ],
  [
    -0.33884259832958014,
    -0.007979351200492105,
    268.651,
    "f"
  ],
  [
    -0.3709523223390233,
    -0.008735498054769877,
    268.651,
    "f"
  ],
  [
    -0.40075660969490473,
    -0.009437354542901427,
    268.651,
    "f"
  ],
  [
    -0.42811573696367566,
    -0.010081630339665804,
    268.651,
    "f"
  ],
  [
    -0.45288998071178616,
    -0.01066503511984182,
    268.651,
    "f"
  ],
  [
    -0.47493961750568753,
    -0.011184278558208749,
    268.651,
    "f"
  ],
  [
    -0.49412492391183055,
    -0.011636070329545584,
    268.651,
    "f"
  ],
  [
    -0.5103061764966663,
    -0.012017120108631235,
    268.651,
    "f"
  ],
  [
    -0.523343651826645,
    -0.012324137570244642,
    268.651,
    "f"
  ],
  [
    -0.5330976264682181,
    -0.01255383238916502,
    268.65100000000007,
    "f"
  ],
  [
    -0.539428376987836,
    -0.01270291424017117,
    268.651,
    "f"
  ],
  [
    -0.5421961799519495,
    -0.012768092798042335,
    268.651,
    "f"
  ],
  [
    -0.5412613119270093,
    -0.012746077737557315,
    88.65099999999988,
    "f"
  ],
  [
    -0.5364840494794665,
    -0.012633578733495271,
    88.651,
    "f"
  ],
  [
    -0.5277246691757721,
    -0.01242730546063528,
    88.651,
    "f"
  ],
  [
    -0.5148434475823765,
    -0.012123967593756196,
    88.651,
    "f"
  ],
  [
    -0.4977006612657307,
    -0.011720274807637043,
    88.651,
    "f"
  ],
  [
    -0.47615658679228545,
    -0.011212936777056925,
    88.651,
    "f"
  ],
  [
    -0.45007150072849145,
    -0.010598663176794781,
    88.651,
    "f"
  ],
  [
    -0.4193056796407999,
    -0.009874163681629688,
    88.651,
    "f"
  ],
  [
    -0.3837194000956609,
    -0.009036147966340613,
    88.651,
    "f"
  ],
  [
    -0.34317293865952625,
    -0.008081325705706618,
    88.651,
    "f"
  ],
  [
    -0.2975265718988457,
    -0.007006406574506713,
    88.651,
    "f"
  ],
  [
    -0.24664057638007086,
    -0.005808100247519904,
    88.651,
    "f"
  ],
  [
    -0.19037522866965212,
    -0.004483116399525311,
    88.651,
    "f"
  ],
  [
    -0.12859080533404088,
    -0.0030281647053017335,
    88.651,
    "f"
  ],
  [
    -0.061147582939687466,
    -0.0014399548396283428,
    88.651,
    "f"
  ],
  [
    0.01209416194695807,
    0.0002848035227160329,
    88.651,
    "f"
  ],
  [
    0.09127415275944312,
    0.002149400706952055,
    88.651,
    "f"
  ],
  [
    0.17653211293131885,
    0.004157127038300984,
    88.651,
    "f"
  ],
  [
    0.2680077658961325,
    0.00631127284198367,
    88.651,
    "f"
  ],
  [
    0.3658408350874341,
    0.00861512844322114,
    88.651,
    "f"
  ],
  [
    0.4701710439387742,
    0.0110719841672344,
    88.651,
    "f"
  ],
  [
    0.5811381158836995,
    0.013685130339244345,
    88.651,
    "f"
  ],
  [
    0.6988817743557604,
    0.01645785728447205,
    88.651,
    "f"
  ],
  [
    0.6988817743557604,
    0.01645785728447205,
    88.651,
    "f"
  ],
  [
    0.8200823800571094,
    0.019566443951785528,
    88.4094867635723,
    "f"
  ],
  [
    0.9413116453670839,
    0.02319418505353965,
    88.1613176641698,
    "f"
  ],
  [
    1.0625463212350128,
    0.027354894560186083,
    87.9063673324976,
    "f"
  ],
  [
    1.183763158610224,
    0.03206238644217618,
    87.6445044237344,
    "f"
  ],
  [
    1.3049389084420469,
    0.03733047466996153,
    87.37559151892673,
    "f"
  ],
  [
    1.4260503216798093,
    0.04317297321399344,
    87.09948502079213,
    "f"
  ],
  [
    1.5470741492728401,
    0.04960369604472392,
    86.81603504444085,
    "f"
  ],
  [
    1.667987142170468,
    0.0566364571326039,
    86.52508530356867,
    "f"
  ],
  [
    1.78876605132202,
    0.06428507044808485,
    86.22647299272471,
    "f"
  ],
  [
    1.9093876276768271,
    0.07256334996161873,
    85.92002866632133,
    "f"
  ],
  [
    2.0298286221842163,
    0.08148510964365685,
    85.60557611512353,
    "f"
  ],
  [
    2.1500657857935166,
    0.09106416346465074,
    85.28293224103679,
    "f"
  ],
  [
    2.270075869454056,
    0.10131432539505147,
    84.95190693110759,
    "f"
  ],
  [
    2.3898356241151633,
    0.11224940940531114,
    84.61230293175537,
    "f"
  ],
  [
    2.509321800726167,
    0.12388322946588082,
    84.26391572437528,
    "f"
  ],
  [
    2.628511150236396,
    0.13622959954721214,
    83.90653340358595,
    "f"
  ],
  [
    2.747380423595179,
    0.1493023336197571,
    83.53993655954575,
    "f"
  ],
  [
    2.865906371751843,
    0.1631152456539663,
    83.16389816592879,
    "f"
  ],
  [
    2.9840657456557187,
    0.17768214962029172,
    82.77818347533785,
    "f"
  ],
  [
    3.101835296256133,
    0.193016859489185,
    82.38254992413651,
    "f"
  ],
  [
    3.2191917745024146,
    0.20913318923109714,
    81.97674704890782,
    "f"
  ],
  [
    3.3361119313438934,
    0.22604495281648007,
    81.56051641699717,
    "f"
  ],
  [
    3.452572517729896,
    0.24376596421578545,
    81.1335915738669,
    "f"
  ],
  [
    3.5685502846097514,
    0.2623100373994638,
    80.69569801028767,
    "f"
  ],
  [
    3.6840219829327894,
    0.28169098633796774,
    80.24655315271325,
    "f"
  ],
  [
    3.7989643636483383,
    0.30192262500174816,
    79.78586638053348,
    "f"
  ],
  [
    3.913354177705726,
    0.32301876736125723,
    79.31333907427658,
    "f"
  ],
  [
    4.02716817605428,
    0.34499322738694516,
    78.82866469923356,
    "f"
  ],
  [
    4.140383109643329,
    0.36785981904926435,
    78.33152892940687,
    "f"
  ],
  [
    4.2529757294222055,
    0.39163235631866655,
    77.82160981714212,
    "f"
  ],
  [
    4.364922786340233,
    0.4163246531656031,
    77.29857801427919,
    "f"
  ],
  [
    4.476201031346742,
    0.441950523560525,
    76.7620970511624,
    "f"
  ],
  [
    4.586787215391062,
    0.4685237814738836,
    76.21182368036692,
    "f"
  ],
  [
    4.6966580894225185,
    0.49605824087613093,
    75.64740829253144,
    "f"
  ],
  [
    4.805790404390444,
    0.5245677157377189,
    75.06849541222549,
    "f"
  ],
  [
    4.9141609112441635,
    0.5540660200290981,
    74.47472428231428,
    "f"
  ],
  [
    5.021746360933008,
    0.5845669677207206,
    73.86572954580792,
    "f"
  ],
  [
    5.1285235044063056,
    0.6160843727830376,
    73.24114203467632,
    "f"
  ],
  [
    5.2344690926133834,
    0.6486320491865005,
    72.60058967556476,
    "f"
  ],
  [
    5.3395598765035714,
    0.6822238109015615,
    71.94369852273717,
    "f"
  ],
  [
    5.443772607026197,
    0.7168734718986713,
    71.27009392887793,
    "f"
  ],
  [
    5.54708403513059,
    0.752594846148281,
    70.57940186458033,
    "f"
  ],
  [
    5.649470911766079,
    0.7894017476208437,
    69.87125039739912,
    "f"
  ],
  [
    5.750909987881991,
    0.8273079902868095,
    69.14527134122044,
    "f"
  ],
  [
    5.851378014427655,
    0.8663273881166311,
    68.40110208635996,
    "f"
  ],
  [
    5.950851742352399,
    0.9064737550807584,
    67.63838762019587,
    "f"
  ],
  [
    6.049307922605554,
    0.9477609051496443,
    66.85678274723472,
    "f"
  ],
  [
    6.146723306136447,
    0.9902026522937395,
    66.05595451623816,
    "f"
  ],
  [
    6.243074643894405,
    1.0338128104834954,
    65.23558486036006,
    "f"
  ],
  [
    6.33833868682876,
    1.0786051936893648,
    64.39537345410213,
    "f"
  ],
  [
    6.4324921858888375,
    1.124593615881798,
    63.53504078823465,
    "f"
  ],
  [
    6.525511892023967,
    1.171791891031246,
    62.6543314606115,
    "f"
  ],
  [
    6.617374556183475,
    1.2202138331081616,
    61.75301767697641,
    "f"
  ],
  [
    6.708056929316694,
    1.2698732560829953,
    60.83090295139715,
    "f"
  ],
  [
    6.797535762372951,
    1.3207839739262,
    59.887825990848285,
    "f"
  ],
  [
    6.885787806301575,
    1.3729598006082253,
    58.92366474269954,
    "f"
  ],
  [
    6.972789812051892,
    1.4264145500995238,
    57.938340577486144,
    "f"
  ],
  [
    7.058518530573233,
    1.481162036370547,
    56.93182257239755,
    "f"
  ],
  [
    7.142950712814925,
    1.5372160733917466,
    55.904131853520255,
    "f"
  ],
  [
    7.226063109726296,
    1.594590475133573,
    54.855345947145736,
    "f"
  ],
  [
    7.3078324722566785,
    1.6532990555664795,
    53.7856030825896,
    "f"
  ],
  [
    7.388235551355397,
    1.7133556286609153,
    52.69510638119607,
    "f"
  ],
  [
    7.467249097971782,
    1.7747740083873336,
    51.58412785880023,
    "f"
  ],
  [
    7.544849863055159,
    1.8375680087161859,
    50.45301216221384,
    "f"
  ],
  [
    7.621014597554861,
    1.9017514436179224,
    49.30217995465796,
    "f"
  ],
  [
    7.6957200524202145,
    1.967338127062996,
    48.13213086087103,
    "f"
  ],
  [
    7.768942978600547,
    2.0343418730218565,
    46.94344588028832,
    "f"
  ],
  [
    7.840660127045189,
    2.1027764954649584,
    45.73678917661016,
    "f"
  ],
  [
    7.910848248703467,
    2.17265580836275,
    44.51290915462681,
    "f"
  ],
  [
    7.979484094524712,
    2.243993625685685,
    43.2726387406513,
    "f"
  ],
  [
    8.046544415458248,
    2.3168037614042123,
    42.01689479155908,
    "f"
  ],
  [
    8.11200596245341,
    2.3911000294887854,
    40.74667656934929,
    "f"
  ],
  [
    8.17584548645952,
    2.466896243909857,
    39.46306323329446,
    "f"
  ],
  [
    8.238039738425913,
    2.5442062186378758,
    38.16721031994189,
    "f"
  ],
  [
    8.298565469301911,
    2.623043767643295,
    36.86034520208966,
    "f"
  ],
  [
    8.357399430036848,
    2.7034227048965658,
    35.543761540849175,
    "f"
  ],
  [
    8.414518371580051,
    2.78535684436814,
    34.21881276929099,
    "f"
  ],
  [
    8.469899044880844,
    2.8688600000284676,
    32.88690467110894,
    "f"
  ],
  [
    8.523518200888562,
    2.9539459858480015,
    31.54948714225543,
    "f"
  ],
  [
    8.57535259055253,
    3.040628615797194,
    30.20804524658473,
    "f"
  ],
  [
    8.62537896482208,
    3.128921703846494,
    28.86408969717513,
    "f"
  ],
  [
    8.673574074646533,
    3.218839063966355,
    27.519146912238682,
    "f"
  ],
  [
    8.719914670975225,
    3.310394510127228,
    26.174748807545825,
    "f"
  ],
  [
    8.764377504757482,
    3.4036018562995634,
    24.83242249546214,
    "f"
  ],
  [
    8.806939326942631,
    3.4984749164538154,
    23.493680063606803,
    "f"
  ],
  [
    8.847576888480004,
    3.5950275045604325,
    22.16000860365483,
    "f"
  ],
  [
    8.886266940318928,
    3.693273434589869,
    20.83286065304071,
    "f"
  ],
  [
    8.922986233408725,
    3.7932265205125733,
    19.513645199664495,
    "f"
  ],
  [
    8.957711518698737,
    3.8949005762990003,
    18.203719382770487,
    "f"
  ],
  [
    8.99041954713828,
    3.9983094159195978,
    16.904381002768957,
    "f"
  ],
  [
    9.02108706967669,
    4.10346685334482,
    15.616861929845584,
    "f"
  ],
  [
    9.049690837263293,
    4.210386702545119,
    14.342322476760103,
    "f"
  ],
  [
    9.076207600847418,
    4.319082777490943,
    13.081846776295663,
    "f"
  ],
  [
    9.100614111378391,
    4.429568892152745,
    11.83643917935649,
    "f"
  ],
  [
    9.122887119805547,
    4.541858860500978,
    10.607021666587116,
    "f"
  ],
  [
    9.143003377078205,
    4.655966496506092,
    9.394432245331757,
    "f"
  ],
  [
    9.160939634145704,
    4.77190561413854,
    8.199424285331986,
    "f"
  ],
  [
    9.176672641957364,
    4.889690027368771,
    7.022666731157358,
    "f"
  ],
  [
    9.190179151462518,
    5.009333550167238,
    5.8647451171875105,
    "f"
  ],
  [
    9.190179151462518,
    5.009333550167238,
    5.8647451171875105,
    "f"
  ],
  [
    9.202347199164546,
    5.127794142042424,
    5.864745639468822,
    "f"
  ],
  [
    9.214086218234721,
    5.242077965809222,
    5.864746189174525,
    "f"
  ],
  [
    9.225405054624224,
    5.352271140397704,
    5.86474676813566,
    "f"
  ],
  [
    9.236312554284222,
    5.458459784737938,
    5.864747378325717,
    "f"
  ],
  [
    9.246817563165884,
    5.560730017759994,
    5.8647480218723445,
    "f"
  ],
  [
    9.256928927220391,
    5.659167958393944,
    5.864748701070027,
    "f"
  ],
  [
    9.266655492398906,
    5.753859725569854,
    5.864749418393899,
    "f"
  ],
  [
    9.276006104652605,
    5.8448914382177986,
    5.864750176513667,
    "f"
  ],
  [
    9.284989609932659,
    5.932349215267841,
    5.864750978309303,
    "f"
  ],
  [
    9.293614854190244,
    6.016319175650059,
    5.864751826887016,
    "f"
  ],
  [
    9.301890683376525,
    6.096887438294515,
    5.864752725595736,
    "f"
  ],
  [
    9.309825943442682,
    6.174140122131285,
    5.864753678044451,
    "f"
  ],
  [
    9.317429480339886,
    6.248163346090436,
    5.864754688119717,
    "f"
  ],
  [
    9.324710140019299,
    6.319043229102036,
    5.864755760002538,
    "f"
  ],
  [
    9.331676768432107,
    6.386865890096161,
    5.864756898185192,
    "f"
  ],
  [
    9.338338211529472,
    6.45171744800287,
    5.864758107485898,
    "f"
  ],
  [
    9.344703315262572,
    6.513684021752244,
    5.864759393061888,
    "f"
  ],
  [
    9.350780925582578,
    6.572851730274346,
    5.864760760418164,
    "f"
  ],
  [
    9.35657988844066,
    6.629306692499251,
    5.864762215410963,
    "f"
  ],
  [
    9.362109049787996,
    6.683135027357027,
    5.864763764244344,
    "f"
  ],
  [
    9.367377255575747,
    6.734422853777739,
    5.8647654134557,
    "f"
  ],
  [
    9.372393351755097,
    6.783256290691462,
    5.864767169888523,
    "f"
  ],
  [
    9.37716618427721,
    6.829721457028263,
    5.864769040646081,
    "f"
  ],
  [
    9.381704599093265,
    6.873904471718218,
    5.864771033022635,
    "f"
  ],
  [
    9.386017442154426,
    6.915891453691388,
    5.864773154403736,
    "f"
  ],
  [
    9.390113559411873,
    6.955768521877848,
    5.8647754121292905,
    "f"
  ],
  [
    9.394001796816772,
    6.99362179520767,
    5.864777813308308,
    "f"
  ],
  [
    9.397691000320295,
    7.029537392610914,
    5.864780364576063,
    "f"
  ],
  [
    9.401190015873622,
    7.063601433017661,
    5.864783071780096,
    "f"
  ],
  [
    9.404507689427922,
    7.095900035357977,
    5.864785939582703,
    "f"
  ],
  [
    9.40765286693436,
    7.126519318561929,
    5.864788970966856,
    "f"
  ],
  [
    9.410634394344111,
    7.155545401559587,
    5.86479216663372,
    "f"
  ],
  [
    9.413461117608355,
    7.183064403281028,
    5.864795524282556,
    "f"
  ],
  [
    9.416141882678257,
    7.209162442656314,
    5.864799037774276,
    "f"
  ],
  [
    9.418685535504991,
    7.233925638615519,
    5.86480269618545,
    "f"
  ],
  [
    9.421100922039729,
    7.2574401100887105,
    5.864806482780182,
    "f"
  ],
  [
    9.42339688823364,
    7.279791976005958,
    5.864810373949865,
    "f"
  ],
  [
    9.425582280037903,
    7.301067355297334,
    5.864814338196595,
    "f"
  ],
  [
    9.427665943403682,
    7.321352366892905,
    5.8648183352736964,
    "f"
  ],
  [
    9.429656724282157,
    7.340733129722745,
    5.86482231562934,
    "f"
  ],
  [
    9.431563468624502,
    7.359295762716922,
    5.864826220329633,
    "f"
  ],
  [
    9.433395022381875,
    7.377126384805502,
    5.864829981650303,
    "f"
  ],
  [
    9.435160231505458,
    7.39431111491856,
    5.8648335245131875,
    "f"
  ],
  [
    9.436867941946428,
    7.410936071986168,
    5.86483676888804,
    "f"
  ],
  [
    9.438526999655943,
    7.427087374938386,
    5.864839633178178,
    "f"
  ],
  [
    9.440146250585187,
    7.442851142705291,
    5.864842038467202,
    "f"
  ],
  [
    9.441734540685331,
    7.458313494216954,
    5.864843913324819,
    "f"
  ],
  [
    9.443300715907542,
    7.473560548403441,
    5.8648451987123735,
    "f"
  ],
  [
    9.444853622202995,
    7.4886784241948225,
    5.864845852415556,
    "f"
  ],
  [
    9.446402105522866,
    7.503753240521172,
    5.864845852415499,
    "f"
  ],
  [
    9.447955011818319,
    7.518871116312555,
    5.864845198712146,
    "f"
  ],
  [
    9.449521187040526,
    7.53411817049904,
    5.864843913324762,
    "f"
  ],
  [
    9.451109477140669,
    7.549580522010703,
    5.8648420384670885,
    "f"
  ],
  [
    9.452728728069912,
    7.565344289777608,
    5.864839633178178,
    "f"
  ],
  [
    9.454387785779435,
    7.581495592729828,
    5.864836768887869,
    "f"
  ],
  [
    9.4560954962204,
    7.598120549797432,
    5.864833524513131,
    "f"
  ],
  [
    9.457860705343984,
    7.6153052799104906,
    5.864829981650303,
    "f"
  ],
  [
    9.459692259101361,
    7.633135901999074,
    5.864826220329576,
    "f"
  ],
  [
    9.4615990034437,
    7.651698534993249,
    5.864822315629283,
    "f"
  ],
  [
    9.463589784322174,
    7.671079297823088,
    5.864818335273753,
    "f"
  ],
  [
    9.465673447687955,
    7.691364309418661,
    5.864814338196595,
    "f"
  ],
  [
    9.467858839492216,
    7.712639688710036,
    5.864810373949808,
    "f"
  ],
  [
    9.47015480568613,
    7.734991554627285,
    5.864806482780125,
    "f"
  ],
  [
    9.47257019222087,
    7.758506026100475,
    5.86480269618545,
    "f"
  ],
  [
    9.475113845047602,
    7.78326922205968,
    5.8647990377743895,
    "f"
  ],
  [
    9.477794610117503,
    7.809367261434966,
    5.864795524282556,
    "f"
  ],
  [
    9.480621333381746,
    7.836886263156405,
    5.86479216663372,
    "f"
  ],
  [
    9.483602860791501,
    7.865912346154065,
    5.864788970966913,
    "f"
  ],
  [
    9.48674803829794,
    7.896531629358019,
    5.864785939582703,
    "f"
  ],
  [
    9.490065711852239,
    7.928830231698333,
    5.864783071780096,
    "f"
  ],
  [
    9.493564727405563,
    7.96289427210508,
    5.864780364576006,
    "f"
  ],
  [
    9.497253930909087,
    7.998809869508327,
    5.864777813308308,
    "f"
  ],
  [
    9.501142168313988,
    8.036663142838146,
    5.864775412129234,
    "f"
  ],
  [
    9.505238285571433,
    8.076540211024607,
    5.864773154403736,
    "f"
  ],
  [
    9.509551128632596,
    8.118527192997778,
    5.864771033022578,
    "f"
  ],
  [
    9.514089543448648,
    8.16271020768773,
    5.864769040646081,
    "f"
  ],
  [
    9.518862375970762,
    8.209175374024532,
    5.8647671698884665,
    "f"
  ],
  [
    9.52387847215011,
    8.258008810938255,
    5.8647654134557,
    "f"
  ],
  [
    9.529146677937865,
    8.309296637358969,
    5.864763764244287,
    "f"
  ],
  [
    9.534675839285198,
    8.363124972216744,
    5.864762215410963,
    "f"
  ],
  [
    9.54047480214328,
    8.419579934441646,
    5.864760760418164,
    "f"
  ],
  [
    9.546552412463285,
    8.47874764296375,
    5.864759393061945,
    "f"
  ],
  [
    9.552917516196386,
    8.540714216713123,
    5.8647581074859545,
    "f"
  ],
  [
    9.559578959293752,
    8.605565774619835,
    5.864756898185135,
    "f"
  ],
  [
    9.56654558770656,
    8.673388435613958,
    5.864755760002538,
    "f"
  ],
  [
    9.573826247385979,
    8.744268318625561,
    5.864754688119717,
    "f"
  ],
  [
    9.581429784283179,
    8.81829154258471,
    5.864753678044451,
    "f"
  ],
  [
    9.589365044349334,
    8.895544226421478,
    5.864752725595736,
    "f"
  ],
  [
    9.597640873535617,
    8.976112489065937,
    5.864751826887016,
    "f"
  ],
  [
    9.6062661177932,
    9.060082449448153,
    5.86475097830936,
    "f"
  ],
  [
    9.615249623073257,
    9.147540226498197,
    5.864750176513667,
    "f"
  ],
  [
    9.624600235326955,
    9.23857193914614,
    5.864749418393899,
    "f"
  ],
  [
    9.63432680050547,
    9.333263706322052,
    5.864748701070027,
    "f"
  ],
  [
    9.644438164559975,
    9.431701646956,
    5.8647480218723445,
    "f"
  ],
  [
    9.654943173441637,
    9.533971879978056,
    5.864747378325717,
    "f"
  ],
  [
    9.665850673101636,
    9.64016052431829,
    5.86474676813566,
    "f"
  ],
  [
    9.677169509491137,
    9.750353698906771,
    5.864746189174525,
    "f"
  ],
  [
    9.688908528561315,
    9.864637522673572,
    5.864745639468822,
    "f"
  ],
  [
    9.701076576263343,
    9.983098114548756,
    5.8647451171875105,
    "f"
  ],
  [
    9.701076576263343,
    9.983098114548756,
    5.8647451171875105,
    "f"
  ],
  [
    9.71324462369773,
    10.101558706312423,
    5.86474539065307,
    "f"
  ],
  [
    9.724983641972244,
    10.215842529747679,
    5.864745678477959,
    "f"
  ],
  [
    9.73630247704895,
    10.326035703789138,
    5.864745981620899,
    "f"
  ],
  [
    9.747209974889895,
    10.432224347371402,
    5.864746301115304,
    "f"
  ],
  [
    9.757714981457152,
    10.534494579429081,
    5.8647466380751325,
    "f"
  ],
  [
    9.767826342712773,
    10.63293251889678,
    5.864746993701829,
    "f"
  ],
  [
    9.777552904618817,
    10.727624284709101,
    5.864747369291251,
    "f"
  ],
  [
    9.786903513137347,
    10.818655995800661,
    5.864747766241408,
    "f"
  ],
  [
    9.79588701423041,
    10.90611377110605,
    5.864748186060126,
    "f"
  ],
  [
    9.804512253860088,
    10.99008372955989,
    5.864748630373867,
    "f"
  ],
  [
    9.812788077988419,
    11.070651990096778,
    5.864749100936137,
    "f"
  ],
  [
    9.820723332577474,
    11.147904671651325,
    5.864749599636582,
    "f"
  ],
  [
    9.82832686358931,
    11.221927893158139,
    5.864750128510138,
    "f"
  ],
  [
    9.835607516985979,
    11.292807773551814,
    5.864750689746074,
    "f"
  ],
  [
    9.842574138729553,
    11.360630431766973,
    5.864751285696457,
    "f"
  ],
  [
    9.849235574782075,
    11.425481986738207,
    5.864751918884167,
    "f"
  ],
  [
    9.855600671105623,
    11.487448557400137,
    5.864752592009438,
    "f"
  ],
  [
    9.861678273662239,
    11.546616262687355,
    5.864753307954743,
    "f"
  ],
  [
    9.867477228413993,
    11.603071221534481,
    5.864754069786443,
    "f"
  ],
  [
    9.873006381322945,
    11.656899552876116,
    5.864754880752855,
    "f"
  ],
  [
    9.878274578351142,
    11.708187375646855,
    5.8647557442770335,
    "f"
  ],
  [
    9.88329066546066,
    11.757020808781323,
    5.86475666394216,
    "f"
  ],
  [
    9.88806348861354,
    11.803485971214112,
    5.864757643467556,
    "f"
  ],
  [
    9.892601893771857,
    11.847668981879838,
    5.8647586866725305,
    "f"
  ],
  [
    9.896914726897664,
    11.8896559597131,
    5.864759797424028,
    "f"
  ],
  [
    9.90101083395302,
    11.92953302364851,
    5.864760979565233,
    "f"
  ],
  [
    9.904899060899984,
    11.967386292620672,
    5.864762236818478,
    "f"
  ],
  [
    9.908588253700614,
    12.00330188556419,
    5.864763572658035,
    "f"
  ],
  [
    9.912087258316975,
    12.037365921413674,
    5.864764990145488,
    "f"
  ],
  [
    9.91540492071112,
    12.069664519103728,
    5.864766491722207,
    "f"
  ],
  [
    9.91855008684511,
    12.10028379756896,
    5.864768078949851,
    "f"
  ],
  [
    9.921531602681004,
    12.12930987574397,
    5.864769752195855,
    "f"
  ],
  [
    9.924358314180864,
    12.156828872563377,
    5.864771510255366,
    "f"
  ],
  [
    9.927039067306746,
    12.182926906961779,
    5.864773349914003,
    "f"
  ],
  [
    9.929582708020707,
    12.20769009787378,
    5.864775265452295,
    "f"
  ],
  [
    9.931998082284816,
    12.231204564233991,
    5.864777248107373,
    "f"
  ],
  [
    9.934294036061122,
    12.253556424977019,
    5.864779285517841,
    "f"
  ],
  [
    9.936479415311686,
    12.274831799037463,
    5.8647813611912625,
    "f"
  ],
  [
    9.938563065998567,
    12.295116805349934,
    5.864783454054873,
    "f"
  ],
  [
    9.940553834083833,
    12.314497562849045,
    5.864785538163062,
    "f"
  ],
  [
    9.942460565529533,
    12.333060190469395,
    5.86478758265838,
    "f"
  ],
  [
    9.944292106297729,
    12.350890807145586,
    5.864789552080481,
    "f"
  ],
  [
    9.946057302350484,
    12.368075531812234,
    5.864791407118446,
    "f"
  ],
  [
    9.947764999649852,
    12.384700483403943,
    5.8647931058684435,
    "f"
  ],
  [
    9.949424044157896,
    12.400851780855312,
    5.864794605606562,
    "f"
  ],
  [
    9.95104328183667,
    12.416615543100953,
    5.864795865012638,
    "f"
  ],
  [
    9.952631558648239,
    12.432077889075476,
    5.864796846685408,
    "f"
  ],
  [
    9.95419772055466,
    12.447324937713482,
    5.864797519712681,
    "f"
  ],
  [
    9.95575061351799,
    12.462442807949577,
    5.86479786199078,
    "f"
  ],
  [
    9.957299083500294,
    12.477517618718373,
    5.86479786199078,
    "f"
  ],
  [
    9.958851976463626,
    12.492635488954468,
    5.864797519712681,
    "f"
  ],
  [
    9.960418138370047,
    12.507882537592472,
    5.864796846685579,
    "f"
  ],
  [
    9.962006415181616,
    12.523344883566994,
    5.864795865012638,
    "f"
  ],
  [
    9.96362565286039,
    12.539108645812636,
    5.864794605606619,
    "f"
  ],
  [
    9.965284697368435,
    12.555259943264009,
    5.8647931058685,
    "f"
  ],
  [
    9.966992394667802,
    12.571884894855714,
    5.864791407118446,
    "f"
  ],
  [
    9.968757590720555,
    12.58906961952236,
    5.864789552080424,
    "f"
  ],
  [
    9.970589131488754,
    12.606900236198557,
    5.864787582658494,
    "f"
  ],
  [
    9.972495862934455,
    12.625462863818905,
    5.864785538163119,
    "f"
  ],
  [
    9.974486631019715,
    12.644843621318012,
    5.864783454054759,
    "f"
  ],
  [
    9.976570281706604,
    12.665128627630487,
    5.864781361191319,
    "f"
  ],
  [
    9.978755660957166,
    12.686404001690931,
    5.864779285517898,
    "f"
  ],
  [
    9.981051614733472,
    12.70875586243396,
    5.864777248107487,
    "f"
  ],
  [
    9.983466988997577,
    12.732270328794169,
    5.864775265452295,
    "f"
  ],
  [
    9.986010629711542,
    12.757033519706173,
    5.864773349914003,
    "f"
  ],
  [
    9.988691382837423,
    12.783131554104571,
    5.864771510255309,
    "f"
  ],
  [
    9.991518094337282,
    12.810650550923977,
    5.864769752195912,
    "f"
  ],
  [
    9.994499610173175,
    12.83967662909899,
    5.8647680789499645,
    "f"
  ],
  [
    9.997644776307167,
    12.870295907564223,
    5.8647664917221505,
    "f"
  ],
  [
    10.00096243870131,
    12.902594505254276,
    5.864764990145488,
    "f"
  ],
  [
    10.00446144331767,
    12.93665854110376,
    5.864763572657978,
    "f"
  ],
  [
    10.008150636118302,
    12.972574134047278,
    5.864762236818478,
    "f"
  ],
  [
    10.012038863065266,
    13.010427403019438,
    5.864760979565233,
    "f"
  ],
  [
    10.016134970120621,
    13.050304466954849,
    5.864759797423972,
    "f"
  ],
  [
    10.020447803246427,
    13.092291444788113,
    5.8647586866725305,
    "f"
  ],
  [
    10.024986208404744,
    13.136474455453836,
    5.864757643467556,
    "f"
  ],
  [
    10.02975903155763,
    13.182939617886628,
    5.864756663942217,
    "f"
  ],
  [
    10.034775118667143,
    13.231773051021094,
    5.8647557442770335,
    "f"
  ],
  [
    10.040043315695346,
    13.283060873791838,
    5.864754880752798,
    "f"
  ],
  [
    10.045572468604295,
    13.33688920513347,
    5.864754069786443,
    "f"
  ],
  [
    10.051371423356045,
    13.393344163980592,
    5.8647533079548,
    "f"
  ],
  [
    10.057449025912664,
    13.452511869267813,
    5.864752592009495,
    "f"
  ],
  [
    10.06381412223621,
    13.514478439929741,
    5.864751918884167,
    "f"
  ],
  [
    10.070475558288736,
    13.579329994900979,
    5.864751285696457,
    "f"
  ],
  [
    10.077442180032307,
    13.647152653116134,
    5.864750689746074,
    "f"
  ],
  [
    10.08472283342898,
    13.718032533509817,
    5.864750128510138,
    "f"
  ],
  [
    10.092326364440812,
    13.792055755016623,
    5.864749599636582,
    "f"
  ],
  [
    10.100261619029867,
    13.86930843657117,
    5.864749100936137,
    "f"
  ],
  [
    10.108537443158198,
    13.949876697108062,
    5.864748630373867,
    "f"
  ],
  [
    10.117162682787873,
    14.033846655561899,
    5.864748186060126,
    "f"
  ],
  [
    10.126146183880941,
    14.12130443086729,
    5.864747766241351,
    "f"
  ],
  [
    10.135496792399472,
    14.212336141958849,
    5.864747369291251,
    "f"
  ],
  [
    10.145223354305516,
    14.307027907771172,
    5.864746993701772,
    "f"
  ],
  [
    10.155334715561136,
    14.405465847238869,
    5.8647466380751325,
    "f"
  ],
  [
    10.16583972212839,
    14.507736079296546,
    5.86474630111536,
    "f"
  ],
  [
    10.17674721996934,
    14.613924722878812,
    5.864745981620956,
    "f"
  ],
  [
    10.188066055046042,
    14.72411789692027,
    5.864745678477959,
    "f"
  ],
  [
    10.199805073320556,
    14.838401720355527,
    5.86474539065307,
    "f"
  ],
  [
    10.211973120754944,
    14.956862312119192,
    5.8647451171875105,
    "f"
  ]
]