[
  [
    0.0,
    0.0,
    90.192,
    "f"
  ],
  [
    0.11806610013141641,
    -0.0003956447799526794,
    90.192,
    "f"
  ],
  [
    0.2299268166113312,
    -0.0007704950418634532,
    90.192,
    "f"
  ],
  [
    0.33571009549441444,
    -0.001124979538681653,
    90.192,
    "f"
  ],
  [
    0.4355438828353362,
    -0.0014595270233565272,
    90.192,
    "f"
  ],
  [
    0.5295561246887668,
    -0.0017745662488375114,
    90.192,
    "f"
  ],
  [
    0.6178747671093763,
    -0.0020705259680738886,
    90.192,
    "f"
  ],
  [
    0.7006277561518349,
    -0.0023478349340148585,
    90.192,
    "f"
  ],
  [
    0.7779430378708126,
    -0.002606921899609871,
    90.192,
    "f"
  ],
  [
    0.8499485583209794,
    -0.0028482156178082363,
    90.192,
    "f"
  ],
  [
    0.9167722635570059,
    -0.0030721448415591546,
    90.192,
    "f"
  ],
  [
    0.9785420996335619,
    -0.0032791383238120475,
    90.192,
    "f"
  ],
  [
    1.0353860126053172,
    -0.0034696248175162814,
    90.192,
    "f"
  ],
  [
    1.087431948526943,
    -0.003644033075621056,
    90.192,
    "f"
  ],
  [
    1.1348078534531083,
    -0.003802791851075682,
    90.192,
    "f"
  ],
  [
    1.1776416734384845,
    -0.003946329896829415,
    90.192,
    "f"
  ],
  [
    1.21606135453774,
    -0.004075075965832009,
    90.192,
    "f"
  ],
  [
    1.2501948428055463,
    -0.004189458811032165,
    90.192,
    "f"
  ],
  [
    1.2801700842965729,
    -0.004289907185379693,
    90.192,
    "f"
  ],
  [
    1.3061150250654907,
    -0.004376849841823849,
    90.192,
    "f"
  ],
  [
    1.3281576111669693,
    -0.004450715533313443,
    90.192,
    "f"
  ],
  [
    1.346425788655678,
    -0.004511933012798397,
    90.192,
    "f"
  ],
  [
    1.3610475035862888,
    -0.004560931033227744,
    90.192,
    "f"
  ],
  [
    1.37215070201347,
    -0.004598138347550851,
    90.192,
    "f"
  ],
  [
    1.379863329991893,
    -0.004623983708716972,
    90.192,
    "f"
  ],
  [
    1.3843133335762272,
    -0.0046388958696755855,
    90.192,
    "f"
  ],
  [
    1.3856286588211437,
    -0.004643303583375835,
    90.192,
    "f"
  ],
  [
    1.3839372517813116,
    -0.004637635602767309,
    90.192,
    "f"
  ],
  [
    1.379367058511401,
    -0.004622320680798819,
    90.192,
    "f"
  ],
  [
    1.3720460250660826,
    -0.004597787570420064,
    90.192,
    "f"
  ],
  [
    1.3621020975000273,
    -0.004564465024580855,
    90.192,
    "f"
  ],
  [
    1.349663221867903,
    -0.004522781796229114,
    90.192,
    "f"
  ],
  [
    1.3348573442243814,
    -0.004473166638315762,
    90.192,
    "f"
  ],
  [
    1.3178124106241333,
    -0.004416048303788722,
    90.192,
    "f"
  ],
  [
    1.2986563671218272,
    -0.004351855545598471,
    90.192,
    "f"
  ],
  [
    1.277517159772134,
    -0.004281017116693264,
    90.192,
    "f"
  ],
  [
    1.2545227346297243,
    -0.004203961770023468,
    90.192,
    "f"
  ],
  [
    1.2298010377492674,
    -0.004121118258537559,
    90.192,
    "f"
  ],
  [
    1.2034800151854337,
    -0.004032915335185128,
    90.192,
    "f"
  ],
  [
    1.1756876129928928,
    -0.003939781752915705,
    90.192,
    "f"
  ],
  [
    1.146551777226317,
    -0.0038421462646784366,
    90.192,
    "f"
  ],
  [
    1.1162004539403738,
    -0.003740437623422632,
    90.192,
    "f"
  ],
  [
    1.0847615891897344,
    -0.0036350845820976585,
    90.192,
    "f"
  ],
  [
    1.0523631290290694,
    -0.0035265158936527707,
    90.192,
    "f"
  ],
  [
    1.0191330195130488,
    -0.003415160311037224,
    90.192,
    "f"
  ],
  [
    0.9851992066963418,
    -0.003301446587200607,
    90.192,
    "f"
  ],
  [
    0.950689636633619,
    -0.003185803475091953,
    90.192,
    "f"
  ],
  [
    0.9157322553795512,
    -0.0030686597276606276,
    90.192,
    "f"
  ],
  [
    0.8804550089888084,
    -0.002950444097856053,
    90.192,
    "f"
  ],
  [
    0.8449858435160597,
    -0.0028315853386275958,
    90.192,
    "f"
  ],
  [
    0.8094527050159763,
    -0.0027125122029243998,
    90.192,
    "f"
  ],
  [
    0.7739835395432276,
    -0.0025936534436958314,
    90.192,
    "f"
  ],
  [
    0.7387062931524844,
    -0.0024754378138914235,
    90.192,
    "f"
  ],
  [
    0.7037489118984169,
    -0.0023582940664601537,
    90.192,
    "f"
  ],
  [
    0.6692393418356941,
    -0.0022426509543514994,
    90.192,
    "f"
  ],
  [
    0.6353055290189877,
    -0.0021289372305147714,
    90.192,
    "f"
  ],
  [
    0.602075419502966,
    -0.002017581647899225,
    90.192,
    "f"
  ],
  [
    0.5696769593423016,
    -0.001909012959454448,
    90.192,
    "f"
  ],
  [
    0.5382380945916624,
    -0.0018036599181294188,
    90.192,
    "f"
  ],
  [
    0.5078867713057191,
    -0.0017019512768735312,
    90.192,
    "f"
  ],
  [
    0.47875093553914283,
    -0.0016043157886362902,
    90.192,
    "f"
  ],
  [
    0.4509585333466024,
    -0.0015111822063667568,
    90.192,
    "f"
  ],
  [
    0.4246375107827689,
    -0.0014229792830145471,
    90.192,
    "f"
  ],
  [
    0.3999158139023117,
    -0.001340135771528611,
    90.192,
    "f"
  ],
  [
    0.37692138875990183,
    -0.0012630804248586203,
    90.192,
    "f"
  ],
  [
    0.35578218141020906,
    -0.0011922419959536912,
    90.192,
    "f"
  ],
  [
    0.33662613790790297,
    -0.001128049237763079,
    90.192,
    "f"
  ],
  [
    0.31958120430765435,
    -0.0010709309032363445,
    90.192,
    "f"
  ],
  [
    0.3047753266641329,
    -0.0010213157453226318,
    90.192,
    "f"
  ],
  [
    0.2923364510320092,
    -0.0009796325169712239,
    90.192,
    "f"
  ],
  [
    0.28239252346595334,
    -0.0009463099711316952,
    90.192,
    "f"
  ],
  [
    0.27507149002063525,
    -0.0009217768607529819,
    90.192,
    "f"
  ],
  [
    0.27050129675072504,
    -0.0009064619387847417,
    90.192,
    "f"
  ],
  [
    0.26880988971089276,
    -0.0009007939581760632,
    90.192,
    "f"
  ],
  [
    0.27012521495580877,
    -0.0009052016718763267,
    90.192,
    "f"
  ],
  [
    0.27457521854014333,
    -0.000920113832834954,
    90.192,
    "f"
  ],
  [
    0.2822878465185661,
    -0.0009459591940011308,
    90.192,
    "f"
  ],
  [
    0.29339104494574775,
    -0.0009831665083242513,
    90.192,
    "f"
  ],
  [
    0.30801275987635823,
    -0.0010321645287536263,
    90.192,
    "f"
  ],
  [
    0.3262809373650674,
    -0.001093382008238497,
    90.192,
    "f"
  ],
  [
    0.34832352346654594,
    -0.0011672476997283132,
    90.192,
    "f"
  ],
  [
    0.3742684642354633,
    -0.0012541903561722467,
    90.192,
    "f"
  ],
  [
    0.40424370572649027,
    -0.0013546387305196639,
    90.192,
    "f"
  ],
  [
    0.43837719399429664,
    -0.0014690215757200142,
    90.192,
    "f"
  ],
  [
    0.4767968750935523,
    -0.0015977676447224975,
    90.192,
    "f"
  ],
  [
    0.5196306950789282,
    -0.001741305690476369,
    90.192,
    "f"
  ],
  [
    0.5670066000050935,
    -0.001900064465930995,
    90.192,
    "f"
  ],
  [
    0.6190525359267194,
    -0.002074472724035825,
    90.192,
    "f"
  ],
  [
    0.6758964488984751,
    -0.0022649592177400035,
    90.192,
    "f"
  ],
  [
    0.7376662849750313,
    -0.0024719526999928965,
    90.192,
    "f"
  ],
  [
    0.8044899902110575,
    -0.0026958819237438703,
    90.192,
    "f"
  ],
  [
    0.8764955106612242,
    -0.0029371756419421247,
    90.192,
    "f"
  ],
  [
    0.9538107923802023,
    -0.0031962626075371925,
    90.192,
    "f"
  ],
  [
    1.0365637814226605,
    -0.003473571573478107,
    90.192,
    "f"
  ],
  [
    1.1248824238432704,
    -0.003769531292714401,
    90.192,
    "f"
  ],
  [
    1.2188946656967006,
    -0.0040845705181952185,
    90.192,
    "f"
  ],
  [
    1.3187284530376222,
    -0.004419118002870426,
    90.192,
    "f"
  ],
  [
    1.4245117319207061,
    -0.004773602499688501,
    90.192,
    "f"
  ],
  [
    1.5363724484006203,
    -0.005148452761599365,
    90.192,
    "f"
  ],
  [
    1.6544385485320363,
    -0.00554409754155194,
    90.192,
    "f"
  ],
  [
    1.6544385485320363,
    -0.00554409754155194,
    90.192,
    "f"
  ],
  [
    1.7757015632808069,
    -0.005234720205125831,
    89.5162555098991,
    "f"
  ],
  [
    1.897051014486639,
    -0.003497016236472139,
    88.84348793331542,
    "f"
  ],
  [
    2.018461834514991,
    -0.00033518256639875066,
    88.1734582845118,
    "f"
  ],
  [
    2.1399089557313182,
    0.004246583874286558,
    87.50592772409304,
    "f"
  ],
  [
    2.261367310501076,
    0.010244086154776122,
    86.84065756450399,
    "f"
  ],
  [
    2.3828118311897217,
    0.01765312734426161,
    86.17740926578436,
    "f"
  ],
  [
    2.5042174501627104,
    0.02646951051193569,
    85.51594442259021,
    "f"
  ],
  [
    2.625559099785498,
    0.03668903872699092,
    84.85602474345397,
    "f"
  ],
  [
    2.7468117124235407,
    0.04830751505861919,
    84.19741202322318,
    "f"
  ],
  [
    2.867950220442296,
    0.06132074257601228,
    83.5398681095866,
    "f"
  ],
  [
    2.988949556207218,
    0.07572452434836308,
    82.88315486457246,
    "f"
  ],
  [
    3.109784652083764,
    0.09151466344486336,
    82.22703412187887,
    "f"
  ],
  [
    3.2304304404373907,
    0.10868696293470559,
    81.57126764088245,
    "f"
  ],
  [
    3.3508618536335515,
    0.12723722588708153,
    80.91561705815342,
    "f"
  ],
  [
    3.4710538240377056,
    0.1471612553711843,
    80.25984383729882,
    "f"
  ],
  [
    3.5909812840153066,
    0.168454854456205,
    79.6037092179506,
    "f"
  ],
  [
    3.7106191659318126,
    0.19111382621133655,
    78.94697416471188,
    "f"
  ],
  [
    3.829942402152678,
    0.21513397370577136,
    78.28939931688284,
    "f"
  ],
  [
    3.9489259250433606,
    0.24051110000870146,
    77.63074493979245,
    "f"
  ],
  [
    4.067544666969316,
    0.2672410081893184,
    76.97077087857751,
    "f"
  ],
  [
    4.185773560295997,
    0.29531950131681484,
    76.30923651526648,
    "f"
  ],
  [
    4.303587537388865,
    0.32474238246038367,
    75.64590073004847,
    "f"
  ],
  [
    4.420961530613372,
    0.35550545468921624,
    74.98052186763407,
    "f"
  ],
  [
    4.537870472334976,
    0.387604521072505,
    74.31285770964506,
    "f"
  ],
  [
    4.654289294919134,
    0.4210353846794419,
    73.64266545400493,
    "f"
  ],
  [
    4.770192930731301,
    0.4557938485792208,
    72.96970170234356,
    "f"
  ],
  [
    4.8855563121369325,
    0.4918757158410305,
    72.2937224564697,
    "f"
  ],
  [
    5.0003543715014835,
    0.5292767895340666,
    71.61448312501464,
    "f"
  ],
  [
    5.1145620411904105,
    0.5679928727275199,
    70.93173854140103,
    "f"
  ],
  [
    5.2281542535691745,
    0.6080197684905824,
    70.24524299434346,
    "f"
  ],
  [
    5.341105941003225,
    0.6493532798924466,
    69.55475027214685,
    "f"
  ],
  [
    5.4533920358580215,
    0.6919892100023057,
    68.86001372212682,
    "f"
  ],
  [
    5.564987470499019,
    0.7359233618893506,
    68.16078632653829,
    "f"
  ],
  [
    5.675867177291676,
    0.781151538622773,
    67.45682079646103,
    "f"
  ],
  [
    5.786006088601443,
    0.8276695432717673,
    66.74786968515603,
    "f"
  ],
  [
    5.895379136793782,
    0.8754731789055228,
    66.03368552246569,
    "f"
  ],
  [
    6.003961254234145,
    0.9245582485932347,
    65.31402097189697,
    "f"
  ],
  [
    6.111727373287992,
    0.9749205554040934,
    64.58862901208123,
    "f"
  ],
  [
    6.218652426320773,
    1.026555902407292,
    63.857263144361966,
    "f"
  ],
  [
    6.324711345697953,
    1.0794600926720217,
    63.11967762830771,
    "f"
  ],
  [
    6.4298790637849805,
    1.1336289292674762,
    62.375627746991356,
    "f"
  ],
  [
    6.534130512947312,
    1.189058215262845,
    61.62487010390588,
    "f"
  ],
  [
    6.637440625550408,
    1.2457437537273237,
    60.86716295340766,
    "f"
  ],
  [
    6.739784333959724,
    1.303681347730103,
    60.10226656658118,
    "f"
  ],
  [
    6.841136570540712,
    1.3628668003403752,
    59.32994363440916,
    "f"
  ],
  [
    6.941472267658829,
    1.4232959146273316,
    58.549959710095024,
    "f"
  ],
  [
    7.040766357679535,
    1.4849644936601654,
    57.76208369232988,
    "f"
  ],
  [
    7.138993772968283,
    1.54786834050807,
    56.966088351209564,
    "f"
  ],
  [
    7.236129445890529,
    1.6120032582402342,
    56.16175089839139,
    "f"
  ],
  [
    7.332148308811731,
    1.6773650499258541,
    55.34885360292627,
    "f"
  ],
  [
    7.4270252940973425,
    1.7439495186341185,
    54.527184454012385,
    "f"
  ],
  [
    7.520735334112821,
    1.8117524674342214,
    53.696537871676625,
    "f"
  ],
  [
    7.613253361223622,
    1.8807696993953549,
    52.85671546610733,
    "f"
  ],
  [
    7.704554307795203,
    1.9509970175867122,
    52.00752684602331,
    "f"
  ],
  [
    7.794613106193019,
    2.022430225077483,
    51.148790476068754,
    "f"
  ],
  [
    7.883404688782527,
    2.0950651249368635,
    50.28033458276768,
    "f"
  ],
  [
    7.97090398792918,
    2.1688975202340397,
    49.401998108053974,
    "f"
  ],
  [
    8.057085935998439,
    2.2439232140382104,
    48.513631708805676,
    "f"
  ],
  [
    8.141925465355756,
    2.3201380094185637,
    47.615098800158464,
    "f"
  ],
  [
    8.225397508366589,
    2.3975377094442925,
    46.70627663965284,
    "f"
  ],
  [
    8.307476997396392,
    2.4761181171845914,
    45.78705744847882,
    "f"
  ],
  [
    8.388138864810625,
    2.555875035708649,
    44.8573495652286,
    "f"
  ],
  [
    8.467358042974741,
    2.63680426808566,
    43.9170786266548,
    "f"
  ],
  [
    8.545109464254194,
    2.718901617384816,
    42.96618876896382,
    "f"
  ],
  [
    8.621368061014447,
    2.8021628866753088,
    42.00464384216535,
    "f"
  ],
  [
    8.69610876562095,
    2.8865838790263307,
    41.03242862895728,
    "f"
  ],
  [
    8.769306510439161,
    2.972160397507074,
    40.04955005856725,
    "f"
  ],
  [
    8.840936227834536,
    3.0588882451867327,
    39.056038404917885,
    "f"
  ],
  [
    8.910972850172532,
    3.1467632251344964,
    38.05194845745028,
    "f"
  ],
  [
    8.979391309818606,
    3.235781140419558,
    37.03736065195538,
    "f"
  ],
  [
    9.046166539138211,
    3.32593779411111,
    36.01238214785472,
    "f"
  ],
  [
    9.111273470496803,
    3.417228989278345,
    34.977147837564516,
    "f"
  ],
  [
    9.174687036259842,
    3.509650528990455,
    33.93182127290895,
    "f"
  ],
  [
    9.23638216879278,
    3.603198216316632,
    32.87659549304679,
    "f"
  ],
  [
    9.296333800461076,
    3.697867854326068,
    31.81169373807579,
    "f"
  ],
  [
    9.354516863630183,
    3.793655246087955,
    30.737370032414546,
    "f"
  ],
  [
    9.41090629066556,
    3.8905561946714866,
    29.653909622261196,
    "f"
  ],
  [
    9.46547701393266,
    3.9885665031458535,
    28.561629251920962,
    "f"
  ],
  [
    9.518203965796943,
    4.087681974580249,
    27.460877264603425,
    "f"
  ],
  [
    9.569062078623864,
    4.187898412043865,
    26.352033514430047,
    "f"
  ],
  [
    9.618026284778876,
    4.289211618605894,
    25.235509077878305,
    "f"
  ],
  [
    9.665071516627439,
    4.391617397335528,
    24.111745754712615,
    "f"
  ],
  [
    9.710172706535005,
    4.495111551301957,
    22.98121535061506,
    "f"
  ],
  [
    9.753304786867034,
    4.599689883574376,
    21.844418736201987,
    "f"
  ],
  [
    9.794442689988983,
    4.705348197221977,
    20.701884679871455,
    "f"
  ],
  [
    9.8335613482663,
    4.812082295313953,
    19.554168454923285,
    "f"
  ],
  [
    9.870635694064452,
    4.919887980919492,
    18.401850224579164,
    "f"
  ],
  [
    9.905640659748887,
    5.028761057107792,
    17.245533211838733,
    "f"
  ],
  [
    9.938551177685063,
    5.138697326948041,
    16.085841664465363,
    "f"
  ],
  [
    9.969342180238439,
    5.249692593509431,
    14.923418628731554,
    "f"
  ],
  [
    9.99798859977447,
    5.361742659861157,
    13.758923548771747,
    "f"
  ],
  [
    10.02446536865861,
    5.474843329072412,
    12.593029711424379,
    "f"
  ],
  [
    10.048747419256314,
    5.588990404212382,
    11.426421559193841,
    "f"
  ],
  [
    10.070809683933042,
    5.704179688350267,
    10.259791896365982,
    "f"
  ],
  [
    10.090627095054247,
    5.820406984555255,
    9.09383901528878,
    "f"
  ],
  [
    10.108174584985388,
    5.937668095896537,
    7.929263771326589,
    "f"
  ],
  [
    10.123427086091919,
    6.05595882544331,
    6.766766635970669,
    "f"
  ],
  [
    10.136359530739298,
    6.1752749762647605,
    5.607044758007817,
    "f"
  ],
  [
    10.146946851292977,
    6.295612351430085,
    4.450789062500007,
    "f"
  ],
  [
    10.146946851292977,
    6.295612351430085,
    4.450789062500007,
    "f"
  ],
  [
    10.156188098770068,
    6.41433714725161,
    4.450789048791819,
    "f"
  ],
  [
    10.165103514727805,
    6.528875898132186,
    4.450789034363822,
    "f"
  ],
  [
    10.173699817341852,
    6.639314914276778,
    4.450789019167985,
    "f"
  ],
  [
    10.181983724787855,
    6.7457405058903515,
    4.450789003152522,
    "f"
  ],
  [
    10.189961955241486,
    6.848238983177884,
    4.450788986261614,
    "f"
  ],
  [
    10.19764122687839,
    6.946896656344334,
    4.450788968434949,
    "f"
  ],
  [
    10.205028257874227,
    7.0417998355946745,
    4.450788949607613,
    "f"
  ],
  [
    10.212129766404654,
    7.133034831133875,
    4.450788929709518,
    "f"
  ],
  [
    10.218952470645325,
    7.2206879531668955,
    4.450788908665174,
    "f"
  ],
  [
    10.225503088771905,
    7.304845511898714,
    4.4507888863929,
    "f"
  ],
  [
    10.231788338960037,
    7.38559381753429,
    4.450788862804927,
    "f"
  ],
  [
    10.237814939385393,
    7.463019180278597,
    4.450788837806499,
    "f"
  ],
  [
    10.243589608223619,
    7.537207910336603,
    4.450788811295638,
    "f"
  ],
  [
    10.249119063650376,
    7.608246317913273,
    4.450788783162523,
    "f"
  ],
  [
    10.254410023841318,
    7.676220713213577,
    4.4507887532893164,
    "f"
  ],
  [
    10.259469206972103,
    7.741217406442483,
    4.450788721549657,
    "f"
  ],
  [
    10.26430333121839,
    7.803322707804958,
    4.4507886878080285,
    "f"
  ],
  [
    10.268919114755832,
    7.862622927505971,
    4.450788651919993,
    "f"
  ],
  [
    10.27332327576009,
    7.919204375750493,
    4.450788613731959,
    "f"
  ],
  [
    10.27752253240682,
    7.973153362743487,
    4.450788573081013,
    "f"
  ],
  [
    10.281523602871669,
    8.02455619868992,
    4.450788529795659,
    "f"
  ],
  [
    10.28533320533031,
    8.073499193794767,
    4.450788483696215,
    "f"
  ],
  [
    10.288958057958386,
    8.120068658262992,
    4.4507884345963475,
    "f"
  ],
  [
    10.292404878931563,
    8.164350902299562,
    4.450788382304552,
    "f"
  ],
  [
    10.29568038642549,
    8.206432236109446,
    4.450788326627048,
    "f"
  ],
  [
    10.298791298615832,
    8.246398969897616,
    4.450788267371308,
    "f"
  ],
  [
    10.30174433367824,
    8.284337413869032,
    4.4507882043506015,
    "f"
  ],
  [
    10.30454620978837,
    8.320333878228668,
    4.450788137390987,
    "f"
  ],
  [
    10.30720364512188,
    8.35447467318149,
    4.45078806633893,
    "f"
  ],
  [
    10.30972335785443,
    8.38684610893247,
    4.450787991072104,
    "f"
  ],
  [
    10.312112066161674,
    8.41753449568657,
    4.450787911512407,
    "f"
  ],
  [
    10.314376488219267,
    8.44662614364876,
    4.450787827641307,
    "f"
  ],
  [
    10.31652334220287,
    8.474207363024012,
    4.450787739519342,
    "f"
  ],
  [
    10.318559346288138,
    8.500364464017292,
    4.4507876473076635,
    "f"
  ],
  [
    10.320491218650723,
    8.52518375683356,
    4.450787551292933,
    "f"
  ],
  [
    10.322325677466287,
    8.548751551677793,
    4.45078745191455,
    "f"
  ],
  [
    10.324069440910488,
    8.571154158754963,
    4.450787349792108,
    "f"
  ],
  [
    10.325729227158977,
    8.592477888270029,
    4.450787245752281,
    "f"
  ],
  [
    10.327311754387411,
    8.612809050427956,
    4.450787140851332,
    "f"
  ],
  [
    10.328823740771458,
    8.632233955433726,
    4.4507870363898405,
    "f"
  ],
  [
    10.33027190448676,
    8.650838913492299,
    4.45078693391423,
    "f"
  ],
  [
    10.331662963708979,
    8.668710234808641,
    4.450786835202166,
    "f"
  ],
  [
    10.333003636613778,
    8.685934229587726,
    4.45078674222367,
    "f"
  ],
  [
    10.334300641376807,
    8.702597208034515,
    4.450786657078993,
    "f"
  ],
  [
    10.335560696173722,
    8.71878548035398,
    4.450786581909426,
    "f"
  ],
  [
    10.33679051918018,
    8.734585356751086,
    4.450786518786003,
    "f"
  ],
  [
    10.337996828571844,
    8.750083147430809,
    4.450786469583079,
    "f"
  ],
  [
    10.339186342524364,
    8.765365162598108,
    4.450786435850034,
    "f"
  ],
  [
    10.340365779213398,
    8.780517712457957,
    4.4507864186946335,
    "f"
  ],
  [
    10.341541856814608,
    8.795627107215324,
    4.45078641869469,
    "f"
  ],
  [
    10.342721293503642,
    8.810779657075173,
    4.450786435850091,
    "f"
  ],
  [
    10.343910807456162,
    8.82606167224247,
    4.450786469583136,
    "f"
  ],
  [
    10.345117116847824,
    8.841559462922191,
    4.4507865187859466,
    "f"
  ],
  [
    10.346346939854282,
    8.8573593393193,
    4.450786581909426,
    "f"
  ],
  [
    10.347606994651201,
    8.873547611638768,
    4.450786657078993,
    "f"
  ],
  [
    10.34890399941423,
    8.890210590085557,
    4.450786742223613,
    "f"
  ],
  [
    10.350244672319024,
    8.90743458486464,
    4.450786835202109,
    "f"
  ],
  [
    10.351635731541247,
    8.925305906180984,
    4.450786933914287,
    "f"
  ],
  [
    10.35308389525655,
    8.943910864239555,
    4.4507870363898405,
    "f"
  ],
  [
    10.354595881640591,
    8.963335769245322,
    4.450787140851276,
    "f"
  ],
  [
    10.35617840886903,
    8.983666931403253,
    4.450787245752281,
    "f"
  ],
  [
    10.35783819511752,
    9.00499066091832,
    4.450787349792108,
    "f"
  ],
  [
    10.35958195856172,
    9.027393267995487,
    4.45078745191455,
    "f"
  ],
  [
    10.361416417377283,
    9.05096106283972,
    4.450787551292933,
    "f"
  ],
  [
    10.363348289739871,
    9.075780355655995,
    4.450787647307607,
    "f"
  ],
  [
    10.365384293825135,
    9.10193745664927,
    4.450787739519342,
    "f"
  ],
  [
    10.367531147808737,
    9.12951867602452,
    4.450787827641307,
    "f"
  ],
  [
    10.36979556986633,
    9.158610323986709,
    4.45078791151235,
    "f"
  ],
  [
    10.372184278173574,
    9.189298710740811,
    4.450787991072161,
    "f"
  ],
  [
    10.374703990906124,
    9.221670146491789,
    4.45078806633893,
    "f"
  ],
  [
    10.377361426239636,
    9.255810941444613,
    4.450788137390987,
    "f"
  ],
  [
    10.380163302349768,
    9.291807405804247,
    4.450788204350658,
    "f"
  ],
  [
    10.383116337412172,
    9.329745849775666,
    4.450788267371308,
    "f"
  ],
  [
    10.386227249602515,
    9.369712583563835,
    4.450788326627048,
    "f"
  ],
  [
    10.389502757096443,
    9.411793917373718,
    4.450788382304552,
    "f"
  ],
  [
    10.392949578069619,
    9.45607616141029,
    4.4507884345963475,
    "f"
  ],
  [
    10.396574430697697,
    9.502645625878515,
    4.450788483696215,
    "f"
  ],
  [
    10.400384033156332,
    9.55158862098336,
    4.450788529795659,
    "f"
  ],
  [
    10.40438510362119,
    9.602991456929796,
    4.450788573081013,
    "f"
  ],
  [
    10.408584360267916,
    9.656940443922789,
    4.450788613731959,
    "f"
  ],
  [
    10.412988521272172,
    9.713521892167309,
    4.450788651919993,
    "f"
  ],
  [
    10.417604304809615,
    9.772822111868322,
    4.4507886878080285,
    "f"
  ],
  [
    10.422438429055903,
    9.834927413230798,
    4.450788721549657,
    "f"
  ],
  [
    10.42749761218669,
    9.899924106459704,
    4.450788753289373,
    "f"
  ],
  [
    10.432788572377632,
    9.967898501760008,
    4.450788783162523,
    "f"
  ],
  [
    10.438318027804389,
    10.038936909336678,
    4.450788811295581,
    "f"
  ],
  [
    10.444092696642613,
    10.113125639394685,
    4.450788837806556,
    "f"
  ],
  [
    10.450119297067966,
    10.19055100213899,
    4.450788862804927,
    "f"
  ],
  [
    10.456404547256103,
    10.27129930777457,
    4.4507888863929,
    "f"
  ],
  [
    10.46295516538268,
    10.355456866506383,
    4.450788908665118,
    "f"
  ],
  [
    10.469777869623353,
    10.443109988539408,
    4.450788929709518,
    "f"
  ],
  [
    10.476879378153779,
    10.534344984078606,
    4.450788949607613,
    "f"
  ],
  [
    10.484266409149615,
    10.629248163328946,
    4.4507889684348925,
    "f"
  ],
  [
    10.49194568078652,
    10.727905836495399,
    4.450788986261614,
    "f"
  ],
  [
    10.499923911240145,
    10.830404313782926,
    4.450789003152522,
    "f"
  ],
  [
    10.508207818686156,
    10.936829905396506,
    4.450789019168042,
    "f"
  ],
  [
    10.5168041213002,
    11.047268921541095,
    4.450789034363822,
    "f"
  ],
  [
    10.525719537257938,
    11.161807672421672,
    4.450789048791819,
    "f"
  ],
  [
    10.534960784735029,
    11.280532468243196,
    4.450789062500007,
    "f"
  ],
  [
    10.534960784735029,
    11.280532468243196,
    4.450789062500007,
    "f"
  ],
  [
    10.544202032286417,
    11.399257264354212,
    4.45078909918044,
    "f"
  ],
  [
    10.553117448465036,
    11.513796016095394,
    4.450789137786899,
    "f"
  ],
  [
    10.561713751443524,
    11.624235033659943,
    4.450789178448019,
    "f"
  ],
  [
    10.569997659394506,
    11.730660627241043,
    4.450789221302273,
    "f"
  ],
  [
    10.577975890490627,
    11.833159107031896,
    4.450789266499214,
    "f"
  ],
  [
    10.58565516290452,
    11.931816783225692,
    4.4507893141999375,
    "f"
  ],
  [
    10.593042194808813,
    12.026719966015618,
    4.450789364578213,
    "f"
  ],
  [
    10.600143704376146,
    12.11795496559487,
    4.450789417821568,
    "f"
  ],
  [
    10.606966409779147,
    12.205608092156641,
    4.450789474132307,
    "f"
  ],
  [
    10.613517029190458,
    12.28976565589412,
    4.450789533728482,
    "f"
  ],
  [
    10.61980228078271,
    12.370513967000502,
    4.450789596845311,
    "f"
  ],
  [
    10.62582888272854,
    12.44793933566898,
    4.450789663736259,
    "f"
  ],
  [
    10.63160355320058,
    12.52212807209275,
    4.450789734674288,
    "f"
  ],
  [
    10.63713301037146,
    12.59316648646499,
    4.450789809952994,
    "f"
  ],
  [
    10.642423972413823,
    12.661140888978908,
    4.450789889887801,
    "f"
  ],
  [
    10.647483157500297,
    12.726137589827687,
    4.450789974817155,
    "f"
  ],
  [
    10.652317283803518,
    12.788242899204523,
    4.450790065103206,
    "f"
  ],
  [
    10.656933069496123,
    12.847543127302611,
    4.450790161132488,
    "f"
  ],
  [
    10.661337232750743,
    12.904124584315136,
    4.450790263316264,
    "f"
  ],
  [
    10.665536491740019,
    12.958073580435304,
    4.450790372090296,
    "f"
  ],
  [
    10.669537564636572,
    13.009476425856286,
    4.450790487913537,
    "f"
  ],
  [
    10.673347169613049,
    13.058419430771293,
    4.450790611266655,
    "f"
  ],
  [
    10.676972024842076,
    13.104988905373503,
    4.450790742648451,
    "f"
  ],
  [
    10.680418848496299,
    13.149271159856125,
    4.450790882571027,
    "f"
  ],
  [
    10.683694358748337,
    13.191352504412336,
    4.450791031553138,
    "f"
  ],
  [
    10.686805273770837,
    13.231319249235343,
    4.450791190110124,
    "f"
  ],
  [
    10.68975831173643,
    13.269257704518324,
    4.450791358741071,
    "f"
  ],
  [
    10.692560190817744,
    13.305254180454476,
    4.450791537912039,
    "f"
  ],
  [
    10.695217629187418,
    13.339394987236991,
    4.450791728033437,
    "f"
  ],
  [
    10.697737345018094,
    13.371766435059072,
    4.4507919294326825,
    "f"
  ],
  [
    10.700126056482393,
    13.402454834113895,
    4.45079214231896,
    "f"
  ],
  [
    10.702390481752955,
    13.43154649459466,
    4.450792366741666,
    "f"
  ],
  [
    10.704537339002421,
    13.459127726694563,
    4.450792602538854,
    "f"
  ],
  [
    10.706573346403417,
    13.485284840606791,
    4.450792849279253,
    "f"
  ],
  [
    10.708505222128577,
    13.510104146524535,
    4.450793106195704,
    "f"
  ],
  [
    10.71033968435054,
    13.533671954640994,
    4.4507933721127415,
    "f"
  ],
  [
    10.712083451241941,
    13.556074575149356,
    4.450793645372357,
    "f"
  ],
  [
    10.713743240975408,
    13.577398318242809,
    4.450793923762433,
    "f"
  ],
  [
    10.71532577172358,
    13.59772949411455,
    4.450794204456599,
    "f"
  ],
  [
    10.716837761659093,
    13.617154412957778,
    4.4507944839750735,
    "f"
  ],
  [
    10.718285928954579,
    13.635759384965677,
    4.450794758179313,
    "f"
  ],
  [
    10.71967699178267,
    13.653630720331437,
    4.450795022313514,
    "f"
  ],
  [
    10.721017668316005,
    13.670854729248257,
    4.450795271105676,
    "f"
  ],
  [
    10.722314676727217,
    13.687517721909328,
    4.450795498936031,
    "f"
  ],
  [
    10.723574735188938,
    13.70370600850784,
    4.450795700074764,
    "f"
  ],
  [
    10.724804561873805,
    13.719505899236983,
    4.450795868980606,
    "f"
  ],
  [
    10.726010874954452,
    13.735003704289959,
    4.450796000637752,
    "f"
  ],
  [
    10.727200392603512,
    13.75028573385995,
    4.45079609090061,
    "f"
  ],
  [
    10.728379832993621,
    13.765438298140154,
    4.4507961368050815,
    "f"
  ],
  [
    10.729555914297414,
    13.780547707323763,
    4.450796136805138,
    "f"
  ],
  [
    10.730735354687521,
    13.795700271603964,
    4.450796090900667,
    "f"
  ],
  [
    10.731924872336581,
    13.810982301173956,
    4.450796000637695,
    "f"
  ],
  [
    10.733131185417228,
    13.826480106226928,
    4.450795868980606,
    "f"
  ],
  [
    10.734361012102095,
    13.842279996956071,
    4.450795700074764,
    "f"
  ],
  [
    10.73562107056382,
    13.858468283554588,
    4.450795498935975,
    "f"
  ],
  [
    10.73691807897503,
    13.875131276215658,
    4.450795271105733,
    "f"
  ],
  [
    10.738258755508365,
    13.892355285132478,
    4.450795022313628,
    "f"
  ],
  [
    10.739649818336456,
    13.91022662049824,
    4.45079475817937,
    "f"
  ],
  [
    10.741097985631942,
    13.928831592506135,
    4.4507944839750735,
    "f"
  ],
  [
    10.742609975567454,
    13.94825651134936,
    4.450794204456656,
    "f"
  ],
  [
    10.744192506315628,
    13.968587687221106,
    4.45079392376249,
    "f"
  ],
  [
    10.745852296049094,
    13.989911430314562,
    4.450793645372357,
    "f"
  ],
  [
    10.747596062940495,
    14.012314050822923,
    4.4507933721127415,
    "f"
  ],
  [
    10.749430525162458,
    14.03588185893938,
    4.450793106195761,
    "f"
  ],
  [
    10.751362400887617,
    14.060701164857123,
    4.450792849279253,
    "f"
  ],
  [
    10.753398408288614,
    14.086858278769352,
    4.450792602538797,
    "f"
  ],
  [
    10.755545265538077,
    14.114439510869252,
    4.450792366741609,
    "f"
  ],
  [
    10.75780969080864,
    14.14353117135002,
    4.450792142319017,
    "f"
  ],
  [
    10.760198402272943,
    14.174219570404846,
    4.450791929432626,
    "f"
  ],
  [
    10.762718118103614,
    14.206591018226918,
    4.450791728033437,
    "f"
  ],
  [
    10.765375556473291,
    14.240731825009442,
    4.450791537912039,
    "f"
  ],
  [
    10.768177435554609,
    14.276728300945594,
    4.450791358741128,
    "f"
  ],
  [
    10.771130473520198,
    14.314666756228576,
    4.450791190110124,
    "f"
  ],
  [
    10.774241388542697,
    14.354633501051575,
    4.450791031553138,
    "f"
  ],
  [
    10.777516898794739,
    14.39671484560779,
    4.450790882571084,
    "f"
  ],
  [
    10.780963722448957,
    14.44099710009041,
    4.450790742648451,
    "f"
  ],
  [
    10.784588577677987,
    14.487566574692625,
    4.450790611266655,
    "f"
  ],
  [
    10.788398182654461,
    14.536509579607628,
    4.450790487913537,
    "f"
  ],
  [
    10.79239925555102,
    14.587912425028616,
    4.450790372090296,
    "f"
  ],
  [
    10.79659851454029,
    14.641861421148777,
    4.450790263316264,
    "f"
  ],
  [
    10.80100267779491,
    14.698442878161304,
    4.450790161132431,
    "f"
  ],
  [
    10.805618463487518,
    14.757743106259392,
    4.450790065103206,
    "f"
  ],
  [
    10.810452589790739,
    14.819848415636226,
    4.450789974817155,
    "f"
  ],
  [
    10.815511774877212,
    14.884845116485005,
    4.450789889887801,
    "f"
  ],
  [
    10.820802736919573,
    14.952819518998925,
    4.450789809952994,
    "f"
  ],
  [
    10.826332194090456,
    15.023857933371168,
    4.450789734674288,
    "f"
  ],
  [
    10.832106864562494,
    15.098046669794934,
    4.450789663736316,
    "f"
  ],
  [
    10.83813346650832,
    15.175472038463413,
    4.450789596845311,
    "f"
  ],
  [
    10.844418718100576,
    15.256220349569794,
    4.450789533728482,
    "f"
  ],
  [
    10.850969337511886,
    15.340377913307274,
    4.450789474132307,
    "f"
  ],
  [
    10.857792042914891,
    15.428031039869044,
    4.450789417821568,
    "f"
  ],
  [
    10.864893552482222,
    15.519266039448295,
    4.450789364578213,
    "f"
  ],
  [
    10.872280584386514,
    15.614169222238221,
    4.4507893141999375,
    "f"
  ],
  [
    10.879959856800406,
    15.712826898432018,
    4.450789266499214,
    "f"
  ],
  [
    10.887938087896526,
    15.815325378222864,
    4.450789221302273,
    "f"
  ],
  [
    10.896221995847512,
    15.921750971803974,
    4.450789178448019,
    "f"
  ],
  [
    10.904818298826,
    16.032189989368522,
    4.450789137786899,
    "f"
  ],
  [
    10.91373371500462,
    16.146728741109705,
    4.45078909918044,
    "f"
  ],
  [
    10.922974962556006,
    16.265453537220715,
    4.450789062500007,
    "f"
  ]
]