[
  [
    0.0,
    0.0,
    89.686,
    "f"
  ],
  [
    0.1177184209302694,
    0.0006451427059055853,
    89.686,
    "f"
  ],
  [
    0.22854777683168132,
    0.0012525306575530415,
    89.686,
    "f"
  ],
  [
    0.33263011028215045,
    0.0018229423034838155,
    89.686,
    "f"
  ],
  [
    0.4301074638595912,
    0.002357156092239243,
    89.686,
    "f"
  ],
  [
    0.5211218801419184,
    0.0028559504723607576,
    89.686,
    "f"
  ],
  [
    0.6058154017070464,
    0.003320103892389792,
    89.686,
    "f"
  ],
  [
    0.6843300711328901,
    0.0037503948008676957,
    89.686,
    "f"
  ],
  [
    0.7568079309973637,
    0.00414760164633593,
    89.686,
    "f"
  ],
  [
    0.8233910238783819,
    0.004512502877335844,
    89.686,
    "f"
  ],
  [
    0.8842213923538595,
    0.0048458769424089,
    89.686,
    "f"
  ],
  [
    0.9394410790017108,
    0.005148502290096502,
    89.686,
    "f"
  ],
  [
    0.9891921263998503,
    0.005421157368939888,
    89.686,
    "f"
  ],
  [
    1.0336165771261934,
    0.005664620627480632,
    89.686,
    "f"
  ],
  [
    1.072856473758654,
    0.0058796705142603045,
    89.686,
    "f"
  ],
  [
    1.1070538588751466,
    0.006067085477819922,
    89.686,
    "f"
  ],
  [
    1.1363507750535855,
    0.006227643966701224,
    89.686,
    "f"
  ],
  [
    1.1608892648718865,
    0.006362124429445448,
    89.686,
    "f"
  ],
  [
    1.1808113709079626,
    0.006471305314593889,
    89.686,
    "f"
  ],
  [
    1.1962591357397305,
    0.0065559650706881745,
    89.686,
    "f"
  ],
  [
    1.2073746019451026,
    0.006616882146269543,
    89.686,
    "f"
  ],
  [
    1.2142998121019943,
    0.00665483498987951,
    89.686,
    "f"
  ],
  [
    1.217176808788321,
    0.0066706020500595375,
    89.686,
    "f"
  ],
  [
    1.2161476345819957,
    0.006664961775350919,
    89.686,
    "f"
  ],
  [
    1.211354332060935,
    0.006638692614295061,
    89.686,
    "f"
  ],
  [
    1.2029389438030509,
    0.006592573015433256,
    89.686,
    "f"
  ],
  [
    1.1910435123862608,
    0.006527381427307188,
    89.686,
    "f"
  ],
  [
    1.1758100803884775,
    0.006443896298458152,
    89.686,
    "f"
  ],
  [
    1.1573806903876152,
    0.006342896077427329,
    89.686,
    "f"
  ],
  [
    1.1358973849615903,
    0.006225159212756515,
    89.686,
    "f"
  ],
  [
    1.111502206688316,
    0.00609146415298667,
    89.686,
    "f"
  ],
  [
    1.0843371981457068,
    0.005942589346659588,
    89.686,
    "f"
  ],
  [
    1.054544401911678,
    0.005779313242316564,
    89.686,
    "f"
  ],
  [
    1.0222658605641446,
    0.005602414288498836,
    89.686,
    "f"
  ],
  [
    0.98764361668102,
    0.005412670933747921,
    89.686,
    "f"
  ],
  [
    0.9508197128402194,
    0.005210861626605445,
    89.686,
    "f"
  ],
  [
    0.9119361916196576,
    0.0049977648156123156,
    89.686,
    "f"
  ],
  [
    0.8711350955972483,
    0.004774158949310381,
    89.686,
    "f"
  ],
  [
    0.828558467350907,
    0.0045408224762409355,
    89.686,
    "f"
  ],
  [
    0.7843483494585474,
    0.004298533844945218,
    89.686,
    "f"
  ],
  [
    0.7386467844980856,
    0.004048071503964801,
    89.686,
    "f"
  ],
  [
    0.6915958150474348,
    0.0037902139018410885,
    89.686,
    "f"
  ],
  [
    0.6433374836845097,
    0.0035257394871154035,
    89.686,
    "f"
  ],
  [
    0.5940138329872255,
    0.0032554267083292343,
    89.686,
    "f"
  ],
  [
    0.543766905533497,
    0.002980054014023792,
    89.686,
    "f"
  ],
  [
    0.4927387439012373,
    0.002700399852740759,
    89.686,
    "f"
  ],
  [
    0.4410713906683623,
    0.0024172426730213192,
    89.686,
    "f"
  ],
  [
    0.3889068884127863,
    0.0021313609234069886,
    89.686,
    "f"
  ],
  [
    0.3363872797124242,
    0.0018435330524391863,
    89.686,
    "f"
  ],
  [
    0.2836546071451897,
    0.001554537508659276,
    89.686,
    "f"
  ],
  [
    0.2308509132889984,
    0.0012651527406086077,
    89.686,
    "f"
  ],
  [
    0.17811824072176374,
    0.0009761571968286281,
    89.686,
    "f"
  ],
  [
    0.1255986320214013,
    0.0006883293258607842,
    89.686,
    "f"
  ],
  [
    0.07343412976582572,
    0.0004024475762465021,
    89.686,
    "f"
  ],
  [
    0.02176677653295052,
    0.00011929039652708567,
    89.686,
    "f"
  ],
  [
    -0.029261385099308253,
    -0.00016036376475598267,
    89.686,
    "f"
  ],
  [
    -0.0795083125530381,
    -0.0004357364590614095,
    89.686,
    "f"
  ],
  [
    -0.12883196325032162,
    -0.0007060492378475891,
    89.686,
    "f"
  ],
  [
    -0.17709029461324613,
    -0.0009705236525732325,
    89.686,
    "f"
  ],
  [
    -0.2241412640638978,
    -0.0012283812546969863,
    89.686,
    "f"
  ],
  [
    -0.2698428290243594,
    -0.0014788435956774176,
    89.686,
    "f"
  ],
  [
    -0.3140529469167189,
    -0.0017211322269731072,
    89.686,
    "f"
  ],
  [
    -0.35662957516305993,
    -0.001954468700042525,
    89.686,
    "f"
  ],
  [
    -0.39743067118546954,
    -0.0021780745663445844,
    89.686,
    "f"
  ],
  [
    -0.4363141924060313,
    -0.0023911713773374643,
    89.686,
    "f"
  ],
  [
    -0.4731380962468317,
    -0.002592980684480134,
    89.686,
    "f"
  ],
  [
    -0.5077603401299565,
    -0.0027827240392309383,
    89.686,
    "f"
  ],
  [
    -0.54003888147749,
    -0.0029596229930486384,
    89.686,
    "f"
  ],
  [
    -0.5698316777115191,
    -0.0031228990973917736,
    89.686,
    "f"
  ],
  [
    -0.5969966862541275,
    -0.0032717739037188,
    89.686,
    "f"
  ],
  [
    -0.6213918645274018,
    -0.0034054689634884783,
    89.686,
    "f"
  ],
  [
    -0.6428751699534271,
    -0.00352320582815957,
    89.686,
    "f"
  ],
  [
    -0.6613045599542886,
    -0.0036242060491901706,
    89.686,
    "f"
  ],
  [
    -0.6765379919520722,
    -0.003707691178039374,
    89.686,
    "f"
  ],
  [
    -0.688433423368863,
    -0.003772882766165525,
    89.686,
    "f"
  ],
  [
    -0.6968488116267463,
    -0.0038190023650271077,
    89.686,
    "f"
  ],
  [
    -0.7016421141478076,
    -0.003845271526083105,
    89.686,
    "f"
  ],
  [
    -0.7026712883541322,
    -0.0038509118007916676,
    89.686,
    "f"
  ],
  [
    -0.6997942916678058,
    -0.0038351447406116956,
    89.686,
    "f"
  ],
  [
    -0.692869081510914,
    -0.003797191897001728,
    89.686,
    "f"
  ],
  [
    -0.6817536153055415,
    -0.0037362748214202768,
    89.686,
    "f"
  ],
  [
    -0.6663058504737744,
    -0.0036516150653261026,
    89.686,
    "f"
  ],
  [
    -0.6463837444376977,
    -0.0035424341801774395,
    89.686,
    "f"
  ],
  [
    -0.6218452546193971,
    -0.003407953717433354,
    89.686,
    "f"
  ],
  [
    -0.5925483384409579,
    -0.003247395228552108,
    89.686,
    "f"
  ],
  [
    -0.5583509533244648,
    -0.003059980264992379,
    89.686,
    "f"
  ],
  [
    -0.5191110566920047,
    -0.002844930378212873,
    89.686,
    "f"
  ],
  [
    -0.4746866059656616,
    -0.002601467119672074,
    89.686,
    "f"
  ],
  [
    -0.4249355585675218,
    -0.0023288120408285207,
    89.686,
    "f"
  ],
  [
    -0.3697158719196701,
    -0.002026186693141044,
    89.686,
    "f"
  ],
  [
    -0.30888550344419285,
    -0.0016928126280679745,
    89.686,
    "f"
  ],
  [
    -0.2423024105631748,
    -0.001327911397068074,
    89.686,
    "f"
  ],
  [
    -0.16982455069870073,
    -0.0009307045515998327,
    89.686,
    "f"
  ],
  [
    -0.09130988127285747,
    -0.0005004136431219289,
    89.686,
    "f"
  ],
  [
    -0.006616359707728826,
    -3.6260223092926275e-05,
    89.686,
    "f"
  ],
  [
    0.08439805657459788,
    0.0004625341570285921,
    89.686,
    "f"
  ],
  [
    0.1818754101520383,
    0.0009967479457840267,
    89.686,
    "f"
  ],
  [
    0.28595774360250814,
    0.0015671595917148146,
    89.686,
    "f"
  ],
  [
    0.39678709950391966,
    0.002174547543362243,
    89.686,
    "f"
  ],
  [
    0.5145055204341885,
    0.002819690249267842,
    89.686,
    "f"
  ],
  [
    0.5145055204341885,
    0.002819690249267842,
    89.686,
    "f"
  ],
  [
    0.6357530646119178,
    0.003837836057968308,
    89.35105538673301,
    "f"
  ],
  [
    0.7570594113083258,
    0.005570516292898203,
    89.0115371317693,
    "f"
  ],
  [
    0.8784010346802512,
    0.008027933864945436,
    88.66727938824297,
    "f"
  ],
  [
    0.9997544088845326,
    0.011220291684998107,
    88.3181131652668,
    "f"
  ],
  [
    1.1210960080780088,
    0.015157792663944125,
    87.96386616636235,
    "f"
  ],
  [
    1.2424023064175187,
    0.019850639712671703,
    87.60436262961807,
    "f"
  ],
  [
    1.363649778059901,
    0.02530903574206861,
    87.2394231697327,
    "f"
  ],
  [
    1.4848148971619948,
    0.031543183663023,
    86.86886462216378,
    "f"
  ],
  [
    1.605874137880638,
    0.03856328638642281,
    86.4924998896681,
    "f"
  ],
  [
    1.72680397437267,
    0.04637954682315604,
    86.11013779159194,
    "f"
  ],
  [
    1.8475808807949294,
    0.05500216788411083,
    85.72158291634761,
    "f"
  ],
  [
    1.968181331304255,
    0.06444135248017502,
    85.32663547759572,
    "f"
  ],
  [
    2.0885818000574865,
    0.07470730352223665,
    84.9250911747437,
    "f"
  ],
  [
    2.2087587612114605,
    0.08581022392118398,
    84.5167410584705,
    "f"
  ],
  [
    2.328688688923018,
    0.09776031658790463,
    84.10137140209176,
    "f"
  ],
  [
    2.448348057348995,
    0.11056778443328674,
    83.67876357969894,
    "f"
  ],
  [
    2.5677133406462334,
    0.1242428303682187,
    83.24869395212895,
    "f"
  ],
  [
    2.6867610129715698,
    0.1387956573035879,
    82.81093376195864,
    "f"
  ],
  [
    2.8054675484818445,
    0.1542364681502829,
    82.36524903886553,
    "f"
  ],
  [
    2.923809421333896,
    0.17057546581919136,
    81.91140051685628,
    "f"
  ],
  [
    3.0417631056845607,
    0.1878228532212013,
    81.44914356503583,
    "f"
  ],
  [
    3.1593050756906806,
    0.20598883326720074,
    80.97822813377732,
    "f"
  ],
  [
    3.276411805509092,
    0.2250836088680781,
    80.49839871835118,
    "f"
  ],
  [
    3.393059769296635,
    0.24511738293472085,
    80.00939434228596,
    "f"
  ],
  [
    3.5092254412101482,
    0.26610035837801704,
    79.51094856296228,
    "f"
  ],
  [
    3.624885295406471,
    0.28804273810885495,
    79.00278950218475,
    "f"
  ],
  [
    3.7400158060424418,
    0.3109547250381226,
    78.48463990473343,
    "f"
  ],
  [
    3.8545934472748975,
    0.33484652207670806,
    77.95621722816955,
    "f"
  ],
  [
    3.9685946932606777,
    0.3597283321354985,
    77.41723376745509,
    "f"
  ],
  [
    4.081996018156623,
    0.38561035812538313,
    76.86739681824346,
    "f"
  ],
  [
    4.194773896119571,
    0.4125028029572495,
    76.30640888300664,
    "f"
  ],
  [
    4.306904801306359,
    0.4404158695419851,
    75.73396792447923,
    "f"
  ],
  [
    4.41836520787383,
    0.46935976079047914,
    75.1497676712232,
    "f"
  ],
  [
    4.529131589978818,
    0.4993446796136183,
    74.55349798043576,
    "f"
  ],
  [
    4.639180421778164,
    0.5303808289222913,
    73.94484526344363,
    "f"
  ],
  [
    4.748488177428705,
    0.5624784116273853,
    73.32349297963273,
    "f"
  ],
  [
    4.857031331087283,
    0.59564763063979,
    72.6891222048537,
    "f"
  ],
  [
    4.964786356910735,
    0.6298986888703924,
    72.04141228060658,
    "f"
  ],
  [
    5.071729729055896,
    0.6652417892300795,
    71.38004155053582,
    "f"
  ],
  [
    5.177837921679613,
    0.7016871346297413,
    70.70468819094415,
    "f"
  ],
  [
    5.283087408938719,
    0.7392449279802649,
    70.01503114214839,
    "f"
  ],
  [
    5.387454664990053,
    0.7779253721925381,
    69.3107511475362,
    "f"
  ],
  [
    5.490916163990455,
    0.8177386701774487,
    68.59153190712141,
    "f"
  ],
  [
    5.593448380096765,
    0.8586950248458853,
    67.85706135221403,
    "f"
  ],
  [
    5.695027787465819,
    0.9008046391087354,
    67.10703304750439,
    "f"
  ],
  [
    5.795630860254458,
    0.9440777158768885,
    66.34114772637452,
    "f"
  ],
  [
    5.895234072619519,
    0.9885244580612309,
    65.55911496457793,
    "f"
  ],
  [
    5.993813898717841,
    1.0341550685726506,
    64.76065499653805,
    "f"
  ],
  [
    6.091346812706264,
    1.080979750322036,
    63.94550067738135,
    "f"
  ],
  [
    6.187809288741626,
    1.1290087062202758,
    63.11339959240979,
    "f"
  ],
  [
    6.283177800980767,
    1.1782521391782577,
    62.26411631401925,
    "f"
  ],
  [
    6.377428823580522,
    1.2287202521068687,
    61.397434804033765,
    "f"
  ],
  [
    6.470538830697733,
    1.2804232479169977,
    60.51316095706056,
    "f"
  ],
  [
    6.562484296489237,
    1.3333713295195326,
    59.611125277742076,
    "f"
  ],
  [
    6.653241695111878,
    1.3875746998253617,
    58.69118568169131,
    "f"
  ],
  [
    6.742787500722488,
    1.443043561745373,
    57.75323040644605,
    "f"
  ],
  [
    6.831098187477908,
    1.4997881181904533,
    56.79718101498952,
    "f"
  ],
  [
    6.9181502295349775,
    1.5578185720714919,
    55.822995470277874,
    "f"
  ],
  [
    7.003920101050535,
    1.6171451262993766,
    54.830671254853996,
    "f"
  ],
  [
    7.088384276181419,
    1.6777779837849953,
    53.820248505068434,
    "f"
  ],
  [
    7.17151922908447,
    1.7397273474392358,
    52.79181312477124,
    "f"
  ],
  [
    7.253301433916523,
    1.803003420172987,
    51.74549983869497,
    "f"
  ],
  [
    7.33370736483442,
    1.867616404897135,
    50.681495141257756,
    "f"
  ],
  [
    7.412713495994997,
    1.9335765045225692,
    49.600040092335234,
    "f"
  ],
  [
    7.490296301555095,
    2.0008939219601776,
    48.50143290786832,
    "f"
  ],
  [
    7.566432255671554,
    2.0695788601208482,
    47.38603129018111,
    "f"
  ],
  [
    7.6410978325012096,
    2.1396415219154683,
    46.254254440795194,
    "f"
  ],
  [
    7.714269506200902,
    2.211092110254927,
    45.10658469754776,
    "f"
  ],
  [
    7.78592375092747,
    2.2839408280501114,
    43.94356873816514,
    "f"
  ],
  [
    7.856037040837754,
    2.358197878211911,
    42.76581829428346,
    "f"
  ],
  [
    7.924585850088589,
    2.433873463651211,
    41.574010323412836,
    "f"
  ],
  [
    7.991546652836815,
    2.510977787278901,
    40.368886591609225,
    "f"
  ],
  [
    8.056895923239274,
    2.5895210520058702,
    39.15125262670688,
    "f"
  ],
  [
    8.120610135452798,
    2.669513460743004,
    37.92197601085729,
    "f"
  ],
  [
    8.182665763634237,
    2.750965216401194,
    36.6819839917124,
    "f"
  ],
  [
    8.243039281940417,
    2.8338865218913254,
    35.432260403713485,
    "f"
  ],
  [
    8.301707164528185,
    2.918287580124286,
    34.17384190431312,
    "f"
  ],
  [
    8.358645885554376,
    3.0041785940109644,
    32.907813544232795,
    "f"
  ],
  [
    8.41383191917583,
    3.09156976646225,
    31.635303705601473,
    "f"
  ],
  [
    8.467241739549388,
    3.1804713003890304,
    30.357478456554077,
    "f"
  ],
  [
    8.518851820831884,
    3.270893398702191,
    29.07553538507011,
    "f"
  ],
  [
    8.568638637180161,
    3.362846264312623,
    27.790696987965134,
    "f"
  ],
  [
    8.616578662751056,
    3.456340100131213,
    26.504203702492873,
    "f"
  ],
  [
    8.662648371701406,
    3.5513851090688484,
    25.217306677509328,
    "f"
  ],
  [
    8.706824238188055,
    3.64799149403642,
    23.93126038817661,
    "f"
  ],
  [
    8.749082736367836,
    3.746169457944811,
    22.647315202458117,
    "f"
  ],
  [
    8.789400340397592,
    3.8459292037049146,
    21.366710008977634,
    "f"
  ],
  [
    8.827753524434156,
    3.947280934227615,
    20.09066501413622,
    "f"
  ],
  [
    8.864118762634375,
    4.050234852423802,
    18.820374811766442,
    "f"
  ],
  [
    8.89847252915508,
    4.154801161204364,
    17.55700182126236,
    "f"
  ],
  [
    8.930791298153116,
    4.260990063480187,
    16.30167018036559,
    "f"
  ],
  [
    8.961051543785318,
    4.368811762162162,
    15.055460167024762,
    "f"
  ],
  [
    8.989229740208524,
    4.4782764601611715,
    13.819403211458052,
    "f"
  ],
  [
    9.015302361579575,
    4.589394360388111,
    12.594477545257973,
    "f"
  ],
  [
    9.039245882055312,
    4.702175665753863,
    11.381604519613461,
    "f"
  ],
  [
    9.06103677579257,
    4.816630579169318,
    10.18164561001231,
    "f"
  ],
  [
    9.080651516948187,
    4.9327693035453635,
    8.995400110605374,
    "f"
  ],
  [
    9.098066579679005,
    5.050602041792887,
    7.823603508170891,
    "f"
  ],
  [
    9.11325843814186,
    5.170138996822776,
    6.6669265136719105,
    "f"
  ],
  [
    9.11325843814186,
    5.170138996822776,
    6.6669265136719105,
    "f"
  ],
  [
    9.12708377306106,
    5.28841764208259,
    6.666926782869041,
    "f"
  ],
  [
    9.140421649516327,
    5.402525972987944,
    6.666927066201424,
    "f"
  ],
  [
    9.153282118197644,
    5.51254997540182,
    6.666927364612434,
    "f"
  ],
  [
    9.165675229794989,
    5.618575635187193,
    6.66692767911934,
    "f"
  ],
  [
    9.177611034998337,
    5.720688938207044,
    6.666928010818879,
    "f"
  ],
  [
    9.18909958449767,
    5.8189758703243495,
    6.6669283608935075,
    "f"
  ],
  [
    9.20015092898296,
    5.913522417402088,
    6.666928730618906,
    "f"
  ],
  [
    9.210775119144197,
    6.004414565303243,
    6.666929121371254,
    "f"
  ],
  [
    9.220982205671339,
    6.091738299890785,
    6.666929534634619,
    "f"
  ],
  [
    9.230782239254385,
    6.1755796070277,
    6.6669299720100526,
    "f"
  ],
  [
    9.240185270583297,
    6.256024472576961,
    6.666930435223662,
    "f"
  ],
  [
    9.249201350348063,
    6.33315888240155,
    6.666930926135365,
    "f"
  ],
  [
    9.257840529238658,
    6.407068822364444,
    6.666931446748322,
    "f"
  ],
  [
    9.266112857945055,
    6.477840278328621,
    6.666931999217468,
    "f"
  ],
  [
    9.274028387157239,
    6.545559236157062,
    6.666932585857921,
    "f"
  ],
  [
    9.281597167565181,
    6.610311681712741,
    6.6669332091531714,
    "f"
  ],
  [
    9.28882924985887,
    6.672183600858642,
    6.666933871760875,
    "f"
  ],
  [
    9.29573468472827,
    6.731260979457739,
    6.666934576518429,
    "f"
  ],
  [
    9.302323522863372,
    6.787629803373015,
    6.666935326443991,
    "f"
  ],
  [
    9.308605814954142,
    6.841376058467444,
    6.666936124734775,
    "f"
  ],
  [
    9.314591611690563,
    6.892585730604004,
    6.6669369747601195,
    "f"
  ],
  [
    9.320290963762616,
    6.941344805645681,
    6.66693788004693,
    "f"
  ],
  [
    9.325713921860274,
    6.987739269455444,
    6.666938844255924,
    "f"
  ],
  [
    9.330870536673524,
    7.0318551078962805,
    6.666939871146042,
    "f"
  ],
  [
    9.335770858892328,
    7.07377830683116,
    6.666940964523633,
    "f"
  ],
  [
    9.340424939206681,
    7.113594852123071,
    6.666942128171058,
    "f"
  ],
  [
    9.34484282830655,
    7.151390729634983,
    6.666943365751763,
    "f"
  ],
  [
    9.349034576881914,
    7.187251925229878,
    6.666944680684992,
    "f"
  ],
  [
    9.353010235622754,
    7.221264424770734,
    6.666946075983674,
    "f"
  ],
  [
    9.356779855219047,
    7.253514214120534,
    6.666947554050012,
    "f"
  ],
  [
    9.360353486360768,
    7.2840872791422475,
    6.6669491164205965,
    "f"
  ],
  [
    9.363741179737902,
    7.313069605698862,
    6.666950763455702,
    "f"
  ],
  [
    9.366952986040424,
    7.340547179653353,
    6.666952493968552,
    "f"
  ],
  [
    9.369998955958309,
    7.366605986868698,
    6.666954304794217,
    "f"
  ],
  [
    9.37288914018153,
    7.391332013207872,
    6.666956190301562,
    "f"
  ],
  [
    9.375633589400076,
    7.414811244533859,
    6.66695814186437,
    "f"
  ],
  [
    9.37824235430392,
    7.437129666709638,
    6.666960147313944,
    "f"
  ],
  [
    9.380725485583037,
    7.458373265598183,
    6.666962190416257,
    "f"
  ],
  [
    9.38309303392741,
    7.478628027062474,
    6.66696425042835,
    "f"
  ],
  [
    9.38535505002702,
    7.4979799369654945,
    6.666966301812408,
    "f"
  ],
  [
    9.387521584571838,
    7.516514981170218,
    6.666968314195287,
    "f"
  ],
  [
    9.389602688251832,
    7.534319145539621,
    6.666970252674673,
    "f"
  ],
  [
    9.391608411757005,
    7.551478415936689,
    6.666972078558729,
    "f"
  ],
  [
    9.393548805777321,
    7.568078778224397,
    6.666973750603802,
    "f"
  ],
  [
    9.395433921002752,
    7.584206218265718,
    6.666975226759973,
    "f"
  ],
  [
    9.397273808123284,
    7.599946721923637,
    6.666976466358847,
    "f"
  ],
  [
    9.399078517828896,
    7.615386275061134,
    6.666977432589874,
    "f"
  ],
  [
    9.400858100809561,
    7.6306108635411825,
    6.666978095028753,
    "f"
  ],
  [
    9.402622607755257,
    7.645706473226764,
    6.666978431921848,
    "f"
  ],
  [
    9.404382089355968,
    7.660759089980859,
    6.666978431921848,
    "f"
  ],
  [
    9.406146596301669,
    7.67585469966644,
    6.6669780950289805,
    "f"
  ],
  [
    9.407926179282333,
    7.691079288146487,
    6.666977432589647,
    "f"
  ],
  [
    9.409730888987946,
    7.706518841283984,
    6.666976466358733,
    "f"
  ],
  [
    9.411570776108475,
    7.722259344941902,
    6.666975226759973,
    "f"
  ],
  [
    9.413455891333912,
    7.738386784983228,
    6.666973750603802,
    "f"
  ],
  [
    9.415396285354223,
    7.754987147270933,
    6.666972078558729,
    "f"
  ],
  [
    9.417402008859392,
    7.772146417668,
    6.666970252674673,
    "f"
  ],
  [
    9.419483112539398,
    7.789950582037406,
    6.666968314195287,
    "f"
  ],
  [
    9.421649647084212,
    7.808485626242128,
    6.666966301812408,
    "f"
  ],
  [
    9.423911663183816,
    7.827837536145145,
    6.666964250428464,
    "f"
  ],
  [
    9.426279211528191,
    7.848092297609439,
    6.666962190416143,
    "f"
  ],
  [
    9.42876234280731,
    7.869335896497985,
    6.666960147313944,
    "f"
  ],
  [
    9.431371107711152,
    7.891654318673762,
    6.6669581418642565,
    "f"
  ],
  [
    9.434115556929699,
    7.915133549999751,
    6.666956190301562,
    "f"
  ],
  [
    9.437005741152923,
    7.939859576338927,
    6.666954304794217,
    "f"
  ],
  [
    9.440051711070808,
    7.96591838355427,
    6.666952493968552,
    "f"
  ],
  [
    9.443263517373326,
    7.99339595750876,
    6.666950763455702,
    "f"
  ],
  [
    9.446651210750456,
    8.022378284065374,
    6.6669491164205965,
    "f"
  ],
  [
    9.450224841892181,
    8.052951349087088,
    6.666947554050012,
    "f"
  ],
  [
    9.453994461488477,
    8.085201138436886,
    6.66694607598356,
    "f"
  ],
  [
    9.457970120229316,
    8.119213637977746,
    6.666944680684992,
    "f"
  ],
  [
    9.46216186880468,
    8.155074833572641,
    6.666943365751763,
    "f"
  ],
  [
    9.466579757904547,
    8.192870711084552,
    6.666942128171172,
    "f"
  ],
  [
    9.471233838218897,
    8.23268725637646,
    6.666940964523633,
    "f"
  ],
  [
    9.476134160437706,
    8.274610455311343,
    6.666939871146042,
    "f"
  ],
  [
    9.481290775250951,
    8.318726293752176,
    6.66693884425581,
    "f"
  ],
  [
    9.486713733348612,
    8.365120757561941,
    6.66693788004693,
    "f"
  ],
  [
    9.492413085420662,
    8.413879832603616,
    6.6669369747601195,
    "f"
  ],
  [
    9.498398882157089,
    8.46508950474018,
    6.666936124734775,
    "f"
  ],
  [
    9.504681174247859,
    8.518835759834609,
    6.666935326443991,
    "f"
  ],
  [
    9.511270012382958,
    8.575204583749883,
    6.666934576518429,
    "f"
  ],
  [
    9.51817544725236,
    8.634281962348982,
    6.666933871760875,
    "f"
  ],
  [
    9.525407529546046,
    8.696153881494881,
    6.6669332091531714,
    "f"
  ],
  [
    9.532976309953991,
    8.76090632705056,
    6.666932585857921,
    "f"
  ],
  [
    9.540891839166173,
    8.828625284879003,
    6.666931999217468,
    "f"
  ],
  [
    9.549164167872572,
    8.899396740843178,
    6.666931446748322,
    "f"
  ],
  [
    9.557803346763166,
    8.973306680806072,
    6.666930926135365,
    "f"
  ],
  [
    9.56681942652793,
    9.050441090630661,
    6.666930435223662,
    "f"
  ],
  [
    9.576222457856847,
    9.130885956179924,
    6.6669299720100526,
    "f"
  ],
  [
    9.586022491439888,
    9.214727263316837,
    6.666929534634619,
    "f"
  ],
  [
    9.596229577967035,
    9.30205099790438,
    6.666929121371254,
    "f"
  ],
  [
    9.606853768128266,
    9.392943145805534,
    6.66692873061902,
    "f"
  ],
  [
    9.61790511261356,
    9.487489692883273,
    6.6669283608935075,
    "f"
  ],
  [
    9.629393662112891,
    9.58577662500058,
    6.666928010818879,
    "f"
  ],
  [
    9.64132946731624,
    9.687889928020429,
    6.66692767911934,
    "f"
  ],
  [
    9.653722578913584,
    9.793915587805802,
    6.666927364612434,
    "f"
  ],
  [
    9.666583047594902,
    9.903939590219679,
    6.6669270662013105,
    "f"
  ],
  [
    9.679920924050172,
    10.018047921125033,
    6.666926782869041,
    "f"
  ],
  [
    9.693746258969368,
    10.136326566384845,
    6.6669265136719105,
    "f"
  ],
  [
    9.693746258969368,
    10.136326566384845,
    6.6669265136719105,
    "f"
  ],
  [
    9.707571593862427,
    10.254605211712269,
    6.666926749856202,
    "f"
  ],
  [
    9.720909470239983,
    10.368713542818616,
    6.666926998442136,
    "f"
  ],
  [
    9.73376993879308,
    10.478737545564119,
    6.66692726025758,
    "f"
  ],
  [
    9.746163050212758,
    10.584763205809004,
    6.666927536195203,
    "f"
  ],
  [
    9.75809885519006,
    10.686876509413498,
    6.666927827216796,
    "f"
  ],
  [
    9.76958740441603,
    10.785163442237835,
    6.666928134360205,
    "f"
  ],
  [
    9.780638748581698,
    10.879709990142235,
    6.6669284587445645,
    "f"
  ],
  [
    9.791262938378118,
    10.970602138986935,
    6.666928801577001,
    "f"
  ],
  [
    9.801470024496325,
    11.057925874632154,
    6.666929164160024,
    "f"
  ],
  [
    9.811270057627363,
    11.141767182938132,
    6.666929547898121,
    "f"
  ],
  [
    9.820673088462268,
    11.222212049765083,
    6.666929954305715,
    "f"
  ],
  [
    9.829689167692088,
    11.29934646097325,
    6.666930385014666,
    "f"
  ],
  [
    9.838328346007863,
    11.373256402422854,
    6.6669308417824595,
    "f"
  ],
  [
    9.846600674100626,
    11.44402785997412,
    6.666931326499707,
    "f"
  ],
  [
    9.854516202661427,
    11.511746819487282,
    6.666931841197766,
    "f"
  ],
  [
    9.862084982381308,
    11.576499266822562,
    6.666932388055443,
    "f"
  ],
  [
    9.869317063951307,
    11.638371187840201,
    6.66693296940457,
    "f"
  ],
  [
    9.876222498062463,
    11.697448568400414,
    6.66693358773432,
    "f"
  ],
  [
    9.88281133540582,
    11.753817394363438,
    6.666934245693028,
    "f"
  ],
  [
    9.889093626672423,
    11.807563651589497,
    6.666934946085689,
    "f"
  ],
  [
    9.8950794225533,
    11.858773325938815,
    6.666935691868616,
    "f"
  ],
  [
    9.90077877373951,
    11.907532403271631,
    6.666936486135796,
    "f"
  ],
  [
    9.90620173092208,
    11.953926869448162,
    6.666937332099224,
    "f"
  ],
  [
    9.911358344792061,
    11.998042710328649,
    6.666938233057067,
    "f"
  ],
  [
    9.916258666040484,
    12.039965911773308,
    6.66693919234865,
    "f"
  ],
  [
    9.920912745358406,
    12.07978245964238,
    6.666940213292605,
    "f"
  ],
  [
    9.925330633436854,
    12.117578339796081,
    6.666941299102973,
    "f"
  ],
  [
    9.92952238096687,
    12.153439538094645,
    6.666942452779722,
    "f"
  ],
  [
    9.933498038639502,
    12.187452040398298,
    6.666943676966412,
    "f"
  ],
  [
    9.937267657145789,
    12.219701832567274,
    6.666944973770455,
    "f"
  ],
  [
    9.94084128717677,
    12.250274900461793,
    6.666946344540179,
    "f"
  ],
  [
    9.944228979423489,
    12.279257229942088,
    6.666947789591404,
    "f"
  ],
  [
    9.947440784576989,
    12.306734806868393,
    6.666949307883328,
    "f"
  ],
  [
    9.950486753328306,
    12.332793617100926,
    6.666950896638696,
    "f"
  ],
  [
    9.953376936368478,
    12.35751964649992,
    6.666952550917358,
    "f"
  ],
  [
    9.956121384388561,
    12.380998880925606,
    6.666954263150501,
    "f"
  ],
  [
    9.958730148079585,
    12.403317306238208,
    6.666956022662134,
    "f"
  ],
  [
    9.96121327813259,
    12.424560908297952,
    6.6669578152090025,
    "f"
  ],
  [
    9.96358082523862,
    12.44481567296507,
    6.666959622592003,
    "f"
  ],
  [
    9.96584284008872,
    12.464167586099798,
    6.666961422404597,
    "f"
  ],
  [
    9.968009373373931,
    12.482702633562354,
    6.666963187999386,
    "f"
  ],
  [
    9.970090475785282,
    12.500506801212964,
    6.666964888753569,
    "f"
  ],
  [
    9.972096198013832,
    12.517666074911867,
    6.66696649072037,
    "f"
  ],
  [
    9.974036590750613,
    12.534266440519287,
    6.6669679577142915,
    "f"
  ],
  [
    9.975921704686666,
    12.550393883895445,
    6.66696925284225,
    "f"
  ],
  [
    9.977761590513028,
    12.566134390900576,
    6.6669703404229494,
    "f"
  ],
  [
    9.979566298920753,
    12.581573947394913,
    6.6669711881602325,
    "f"
  ],
  [
    9.981345880600873,
    12.596798539238678,
    6.666971769360998,
    "f"
  ],
  [
    9.98311038624443,
    12.611894152292098,
    6.666972064939046,
    "f"
  ],
  [
    9.984869866542468,
    12.626946772415405,
    6.666972064939273,
    "f"
  ],
  [
    9.986634372186025,
    12.642042385468827,
    6.666971769361112,
    "f"
  ],
  [
    9.988413953866145,
    12.657266977312592,
    6.666971188160346,
    "f"
  ],
  [
    9.990218662273866,
    12.672706533806926,
    6.666970340422836,
    "f"
  ],
  [
    9.992058548100232,
    12.688447040812058,
    6.66696925284225,
    "f"
  ],
  [
    9.993943662036287,
    12.70457448418822,
    6.666967957714405,
    "f"
  ],
  [
    9.995884054773065,
    12.721174849795638,
    6.666966490720483,
    "f"
  ],
  [
    9.997889777001612,
    12.738334123494539,
    6.666964888753569,
    "f"
  ],
  [
    9.999970879412968,
    12.756138291145152,
    6.666963187999272,
    "f"
  ],
  [
    10.002137412698177,
    12.774673338607709,
    6.666961422404825,
    "f"
  ],
  [
    10.004399427548273,
    12.79402525174243,
    6.6669596225918895,
    "f"
  ],
  [
    10.006766974654306,
    12.814280016409551,
    6.666957815209116,
    "f"
  ],
  [
    10.009250104707315,
    12.8355236184693,
    6.666956022662134,
    "f"
  ],
  [
    10.011858868398338,
    12.8578420437819,
    6.666954263150615,
    "f"
  ],
  [
    10.014603316418416,
    12.881321278207583,
    6.6669525509172445,
    "f"
  ],
  [
    10.017493499458595,
    12.906047307606578,
    6.666950896638809,
    "f"
  ],
  [
    10.02053946820991,
    12.932106117839112,
    6.666949307883328,
    "f"
  ],
  [
    10.023751273363406,
    12.959583694765413,
    6.666947789591404,
    "f"
  ],
  [
    10.027138965610124,
    12.98856602424571,
    6.666946344540065,
    "f"
  ],
  [
    10.03071259564111,
    13.019139092140232,
    6.666944973770455,
    "f"
  ],
  [
    10.034482214147395,
    13.051388884309205,
    6.666943676966412,
    "f"
  ],
  [
    10.038457871820029,
    13.085401386612864,
    6.666942452779722,
    "f"
  ],
  [
    10.042649619350046,
    13.121262584911424,
    6.666941299102973,
    "f"
  ],
  [
    10.047067507428494,
    13.159058465065126,
    6.666940213292605,
    "f"
  ],
  [
    10.05172158674641,
    13.198875012934192,
    6.666939192348764,
    "f"
  ],
  [
    10.05662190799484,
    13.240798214378856,
    6.666938233057181,
    "f"
  ],
  [
    10.061778521864818,
    13.284914055259343,
    6.666937332099224,
    "f"
  ],
  [
    10.06720147904739,
    13.331308521435876,
    6.66693648613591,
    "f"
  ],
  [
    10.072900830233596,
    13.38006759876869,
    6.6669356918685025,
    "f"
  ],
  [
    10.078886626114478,
    13.43127727311801,
    6.666934946085689,
    "f"
  ],
  [
    10.085168917381079,
    13.485023530344069,
    6.666934245693028,
    "f"
  ],
  [
    10.091757754724433,
    13.541392356307089,
    6.66693358773432,
    "f"
  ],
  [
    10.09866318883559,
    13.600469736867302,
    6.66693296940457,
    "f"
  ],
  [
    10.10589527040559,
    13.662341657884939,
    6.666932388055443,
    "f"
  ],
  [
    10.113464050125469,
    13.727094105220225,
    6.666931841197766,
    "f"
  ],
  [
    10.121379578686271,
    13.794813064733386,
    6.666931326499821,
    "f"
  ],
  [
    10.129651906779037,
    13.865584522284653,
    6.6669308417824595,
    "f"
  ],
  [
    10.13829108509481,
    13.939494463734256,
    6.666930385014666,
    "f"
  ],
  [
    10.147307164324628,
    14.016628874942418,
    6.666929954305715,
    "f"
  ],
  [
    10.156710195159537,
    14.097073741769375,
    6.666929547898121,
    "f"
  ],
  [
    10.166510228290573,
    14.18091505007535,
    6.666929164160024,
    "f"
  ],
  [
    10.17671731440878,
    14.268238785720573,
    6.666928801577001,
    "f"
  ],
  [
    10.1873415042052,
    14.359130934565272,
    6.6669284587445645,
    "f"
  ],
  [
    10.19839284837087,
    14.45367748246967,
    6.666928134360205,
    "f"
  ],
  [
    10.209881397596837,
    14.551964415294007,
    6.666927827216796,
    "f"
  ],
  [
    10.221817202574139,
    14.654077718898503,
    6.666927536195203,
    "f"
  ],
  [
    10.234210313993819,
    14.760103379143384,
    6.66692726025758,
    "f"
  ],
  [
    10.247070782546913,
    14.870127381888889,
    6.666926998442136,
    "f"
  ],
  [
    10.26040865892447,
    14.984235712995236,
    6.666926749856202,
    "f"
  ],
  [
    10.274233993817528,
    15.102514358322658,
    6.6669265136719105,
    "f"
  ]
]