--start--
[1.56, 1.67]
[1.56, 1.67]
[1.56, 1.67]
[1.56, 1.67]
[1.56, 1.67]
[1.64, 1.67]
[1.72, 1.67]
[1.89, 1.67]
[2.13, 1.56]
[2.46, 1.56]
[2.79, 1.45]
[3.20, 1.45]
[3.61, 1.45]
[3.86, 1.45]
[4.18, 1.45]
[4.35, 1.56]
[4.76, 1.67]
[5.09, 1.78]
[5.33, 1.78]
[5.58, 1.89]
[5.91, 2.12]
[6.24, 2.34]
[6.48, 2.56]
[6.56, 2.56]
[6.97, 2.89]
[7.14, 3.01]
[7.30, 3.12]
[7.63, 3.45]
[7.79, 3.56]
[8.12, 4.01]
[8.20, 4.01]
[8.37, 4.34]
[8.53, 4.45]
[8.70, 4.79]
[8.86, 5.01]
[8.94, 5.34]
[9.11, 5.45]
[9.27, 5.79]
[9.35, 6.01]
[9.44, 6.35]
[9.52, 6.57]
[9.60, 6.90]
[9.68, 7.01]
[9.76, 7.35]
[9.76, 7.68]
[9.85, 7.90]
[9.85, 8.24]
[9.93, 8.46]
[10.01, 8.79]
[10.01, 9.02]
[10.09, 9.24]
[10.09, 9.57]
[10.17, 9.91]
[10.17, 10.13]
[10.26, 10.35]
[10.26, 10.58]
[10.34, 10.80]
[10.34, 11.02]
[10.42, 11.35]
[10.42, 11.69]
[10.50, 11.91]
[10.50, 12.13]
[10.58, 12.36]
[10.58, 12.58]
[10.67, 12.91]
[10.67, 13.25]
[10.67, 13.47]
[10.67, 13.47]
[10.67, 13.47]
[10.67, 13.47]
[10.75, 13.47]
[10.75, 13.47]
--stop--
[10.75, 13.47]
[10.75, 13.47]
[10.75, 13.47]
[10.75, 13.47]
[10.75, 13.47]
[10.75, 13.47]
[10.75, 13.47]
[10.75, 13.47]
[10.75, 13.47]
[10.75, 13.47]
[10.75, 13.47]
[10.75, 13.47]
[10.75, 13.47]
[10.75, 13.47]
[10.75, 13.47]
[10.75, 13.47]
[10.75, 13.47]
[10.75, 13.47]
[10.75, 13.47]
[10.75, 13.47]
[10.75, 13.47]
[10.75, 13.47]
[10.75, 13.47]
[10.75, 13.47]
[10.75, 13.47]
[10.75, 13.47]
[10.75, 13.47]
[10.75, 13.47]
[10.75, 13.47]
[10.75, 13.47]
[10.75, 13.47]
[10.75, 13.47]
[10.83, 13.47]
[10.83, 13.47]
[10.83, 13.47]
[10.83, 13.47]
[10.83, 13.47]
[10.83, 13.47]
[10.83, 13.47]
[10.83, 13.47]
[10.83, 13.47]
[10.83, 13.47]
[10.83, 13.47]
[10.83, 13.47]
[10.83, 13.47]
[10.83, 13.47]
[10.83, 13.47]
[10.83, 13.47]
[10.83, 13.47]
[10.83, 13.47]
[10.83, 13.47]
[10.83, 13.47]
[10.83, 13.47]
[10.83, 13.47]
[10.83, 13.47]
[10.83, 13.47]
[10.83, 13.47]
[10.83, 13.47]
[10.83, 13.47]
[10.83, 13.47]
[10.83, 13.47]
[10.83, 13.47]
[10.83, 13.47]
[10.83, 13.47]
[10.83, 13.47]
[10.83, 13.47]
[10.83, 13.47]
[10.83, 13.47]
[10.83, 13.47]
[10.83, 13.47]
[10.83, 13.47]
[10.83, 13.47]
[10.83, 13.47]
[10.83, 13.47]
[10.83, 13.47]
[10.83, 13.47]
[10.83, 13.47]
[10.83, 13.47]
[10.83, 13.47]
[10.83, 13.47]
[10.83, 13.47]
[10.83, 13.47]
[10.83, 13.47]
[10.83, 13.47]
[10.83, 13.47]
[10.75, 13.47]
[10.75, 13.47]
[10.75, 13.47]
[10.75, 13.47]
[10.75, 13.47]
[10.75, 13.47]
[10.75, 13.47]
[10.75, 13.47]
[10.75, 13.47]
[10.75, 13.47]
[10.75, 13.47]
[10.75, 13.47]
[10.75, 13.47]
[10.75, 13.47]
[10.75, 13.47]
[10.75, 13.47]
[10.75, 13.47]
[10.67, 13.47]
[10.67, 13.47]
[10.67, 13.47]
[10.67, 13.47]
[10.67, 13.47]
[10.67, 13.47]
[10.67, 13.47]
[10.67, 13.47]
[10.67, 13.47]
[10.67, 13.47]
[10.67, 13.47]
[10.67, 13.47]
[10.67, 13.47]
[10.67, 13.47]
[10.67, 13.47]
[10.67, 13.47]
[10.67, 13.47]
[10.67, 13.47]
[10.67, 13.47]
[10.67, 13.47]
[10.67, 13.47]
[10.67, 13.47]
[10.67, 13.47]
[10.67, 13.47]
[10.67, 13.47]
[10.67, 13.47]
[10.67, 13.47]
[10.67, 13.47]
[10.67, 13.47]
[10.67, 13.47]
[10.67, 13.47]
[10.67, 13.47]
[10.67, 13.58]
[10.67, 13.58]
[10.67, 13.58]
[10.67, 13.58]
[10.67, 13.58]
[10.67, 13.58]
[10.67, 13.58]
[10.67, 13.58]
[10.67, 13.58]
[10.67, 13.58]
[10.67, 13.58]
[10.67, 13.58]
[10.67, 13.58]
[10.67, 13.58]
[10.67, 13.58]
[10.67, 13.58]
[10.67, 13.58]
[10.67, 13.58]
[10.67, 13.58]
[10.67, 13.58]
[10.67, 13.58]
[10.67, 13.47]
[10.67, 13.47]
[10.67, 13.47]
[10.67, 13.47]
[10.67, 13.47]
[10.67, 13.47]
[10.67, 13.47]
[10.67, 13.47]
[10.67, 13.47]
[10.67, 13.47]
[10.67, 13.47]
[10.67, 13.47]
[10.67, 13.47]
[10.67, 13.47]
[10.67, 13.47]
[10.67, 13.47]
[10.67, 13.36]
[10.67, 13.36]
[10.67, 13.36]
[10.67, 13.36]
[10.67, 13.36]
[10.67, 13.36]
[10.67, 13.36]
[10.67, 13.36]
[10.67, 13.36]
[10.67, 13.36]
[10.67, 13.36]
[10.67, 13.36]
[10.67, 13.36]
[10.67, 13.36]
[10.75, 13.36]
[10.75, 13.36]
[10.75, 13.25]
[10.75, 13.25]
[10.75, 13.25]
[10.75, 13.25]
[10.75, 13.25]
[10.75, 13.25]
[10.75, 13.25]
[10.75, 13.25]
[10.75, 13.25]
[10.75, 13.25]
[10.75, 13.25]
[10.67, 13.25]
[10.75, 13.25]
[10.75, 13.25]
[10.75, 13.25]
[10.75, 13.25]
[10.75, 13.25]
[10.67, 13.25]
[10.67, 13.25]
[10.67, 13.25]
[10.67, 13.25]
[10.67, 13.25]
[10.67, 13.25]
[10.67, 13.25]
[10.67, 13.25]
[10.67, 13.25]
[10.67, 13.25]
[10.67, 13.25]
[10.67, 13.25]
[10.67, 13.25]
[10.67, 13.25]
[10.67, 13.25]
[10.67, 13.25]
[10.67, 13.25]
[10.67, 13.25]
[10.67, 13.25]
[10.67, 13.25]
[10.67, 13.25]
[10.67, 13.25]
[10.67, 13.25]
[10.67, 13.25]
[10.67, 13.25]
[10.67, 13.25]
[10.67, 13.25]
[10.67, 13.25]
[10.67, 13.25]
[10.67, 13.25]
[10.67, 13.25]
[10.67, 13.25]
[10.67, 13.25]
[10.67, 13.25]
[10.67, 13.25]
[10.67, 13.25]
[10.67, 13.25]
[10.67, 13.25]
[10.67, 13.25]
[10.67, 13.25]
[10.67, 13.25]
[10.67, 13.25]
[10.67, 13.25]
[10.67, 13.25]
[10.67, 13.25]
[10.67, 13.25]
[10.67, 13.14]
[10.67, 13.14]
[10.67, 13.14]
[10.67, 13.14]
[10.67, 13.14]
[10.67, 13.14]
[10.67, 13.14]
[10.67, 13.14]
[10.67, 13.14]
