[42.520169,-83.043801]
[42.520169, -83.043801]
[42.520169, -83.043801]
[42.520169, -83.043801]
[42.520169, -83.043801]
[42.520169, -83.043801]
[42.520169, -83.043801]
[42.520169, -83.043801]
[42.520169, -83.043801]
[42.520169, -83.043801]
[42.520169, -83.043801]
[42.520169, -83.043801]
[42.520169, -83.043801]
[42.520169, -83.043801]
[42.520169, -83.043801]
[42.520169, -83.043801]
[42.520169, -83.043801]
[42.520169, -83.043801]
[42.520169, -83.043801]
[42.520170, -83.043801]
[42.520170, -83.043801]
[42.520170, -83.043801]
[42.520170, -83.043801]
[42.520170, -83.043801]
[42.520170, -83.043801]
[42.520170, -83.043801]
[42.520170, -83.043801]
[42.520170, -83.043801]
[42.520170, -83.043801]
[42.520170, -83.043801]
[42.520170, -83.043801]
[42.520170, -83.043801]
[42.520170, -83.043801]
[42.520170, -83.043801]
[42.520170, -83.043801]
[42.520170, -83.043801]
[42.520170, -83.043801]
[42.520170, -83.043801]
[42.520170, -83.043801]
[42.520170, -83.043801]
[42.520170, -83.043801]
[42.520170, -83.043801]
[42.520170, -83.043801]
[42.520170, -83.043801]
[42.520170, -83.043801]
[42.520170, -83.043801]
[42.520170, -83.043801]
[42.520170, -83.043801]
[42.520170, -83.043801]
[42.520170, -83.043801]
[42.520170, -83.043801]
[42.520169, -83.043801]
[42.520169, -83.043801]
[42.520169, -83.043801]
[42.520169, -83.043801]
[42.520169, -83.043801]
[42.520169, -83.043801]
[42.520169, -83.043801]
[42.520169, -83.043800]
[42.520169, -83.043800]
[42.520169, -83.043800]
[42.520169, -83.043800]
[42.520169, -83.043800]
[42.520169, -83.043800]
[42.520169, -83.043800]
[42.520169, -83.043800]
[42.520169, -83.043800]
[42.520169, -83.043800]
[42.520170, -83.043800]
[42.520170, -83.043800]
[42.520170, -83.043800]
[42.520170, -83.043800]
[42.520170, -83.043800]
[42.520170, -83.043800]
[42.520170, -83.043800]
[42.520170, -83.043800]
[42.520170, -83.043800]
[42.520170, -83.043800]
[42.520170, -83.043800]
[42.520170, -83.043800]
[42.520170, -83.043800]
[42.520170, -83.043800]
[42.520170, -83.043800]
[42.520170, -83.043800]
[42.520170, -83.043800]
[42.520170, -83.043800]
[42.520170, -83.043800]
[42.520170, -83.043800]
[42.520170, -83.043800]
[42.520170, -83.043800]
[42.520170, -83.043800]
[42.520170, -83.043800]
[42.520169, -83.043800]
[42.520169, -83.043800]
[42.520169, -83.043800]
[42.520169, -83.043800]
[42.520169, -83.043800]
[42.520169, -83.043800]
[42.520169, -83.043800]
[42.520169, -83.043800]
[42.520169, -83.043800]
[42.520169, -83.043800]
[42.520169, -83.043800]
[42.520169, -83.043800]
[42.520169, -83.043800]
[42.520169, -83.043800]
[42.520169, -83.043800]
[42.520169, -83.043800]
[42.520168, -83.043800]
[42.520168, -83.043800]
[42.520168, -83.043800]
[42.520168, -83.043800]
[42.520168, -83.043800]
[42.520168, -83.043800]
[42.520168, -83.043800]
[42.520168, -83.043800]
[42.520168, -83.043800]
[42.520168, -83.043800]
[42.520168, -83.043800]
[42.520168, -83.043800]
[42.520168, -83.043800]
[42.520168, -83.043800]
[42.520168, -83.043800]
[42.520168, -83.043800]
[42.520168, -83.043800]
[42.520168, -83.043800]
[42.520168, -83.043800]
[42.520168, -83.043800]
[42.520168, -83.043800]
[42.520168, -83.043800]
[42.520168, -83.043800]
[42.520168, -83.043800]
[42.520168, -83.043800]
[42.520168, -83.043800]
[42.520168, -83.043800]
[42.520168, -83.043800]
[42.520168, -83.043800]
[42.520168, -83.043800]
[42.520168, -83.043800]
[42.520168, -83.043800]
[42.520168, -83.043800]
[42.520168, -83.043800]
[42.520168, -83.043800]
[42.520168, -83.043800]
[42.520168, -83.043800]
[42.520168, -83.043799]
[42.520168, -83.043799]
[42.520167, -83.043799]
[42.520167, -83.043799]
[42.520167, -83.043799]
[42.520167, -83.043799]
[42.520167, -83.043799]
[42.520167, -83.043799]
[42.520167, -83.043799]
[42.520167, -83.043799]
[42.520167, -83.043799]
[42.520167, -83.043799]
[42.520167, -83.043799]
[42.520167, -83.043799]
[42.520167, -83.043799]
[42.520167, -83.043799]
[42.520167, -83.043799]
[42.520167, -83.043799]
[42.520167, -83.043799]
[42.520167, -83.043799]
[42.520167, -83.043799]
[42.520167, -83.043799]
[42.520167, -83.043799]
[42.520167, -83.043799]
[42.520167, -83.043799]
[42.520167, -83.043799]
[42.520167, -83.043799]
[42.520167, -83.043799]
[42.520167, -83.043799]
[42.520167, -83.043799]
[42.520167, -83.043799]
[42.520167, -83.043799]
[42.520167, -83.043799]
[42.520167, -83.043799]
[42.520167, -83.043799]
[42.520167, -83.043799]
[42.520167, -83.043799]
[42.520167, -83.043799]
[42.520167, -83.043799]
[42.520167, -83.043799]
[42.520167, -83.043799]
[42.520167, -83.043799]
[42.520167, -83.043799]
[42.520166, -83.043799]
[42.520166, -83.043799]
[42.520166, -83.043799]
[42.520166, -83.043799]
[42.520166, -83.043799]
[42.520166, -83.043799]
[42.520166, -83.043799]
[42.520166, -83.043799]
[42.520166, -83.043799]
[42.520166, -83.043799]
[42.520166, -83.043799]
[42.520166, -83.043799]
[42.520166, -83.043799]
[42.520166, -83.043799]
[42.520166, -83.043799]
[42.520166, -83.043799]
[42.520166, -83.043799]
[42.520166, -83.043799]
[42.520166, -83.043799]
[42.520166, -83.043799]
[42.520166, -83.043799]
[42.520166, -83.043799]
[42.520166, -83.043799]
[42.520166, -83.043799]
[42.520166, -83.043799]
[42.520166, -83.043799]
[42.520166, -83.043799]
[42.520166, -83.043799]
[42.520166, -83.043799]
[42.520166, -83.043799]
[42.520167, -83.043799]
[42.520167, -83.043799]
[42.520167, -83.043799]
[42.520167, -83.043799]
[42.520167, -83.043799]
[42.520167, -83.043799]
[42.520167, -83.043799]
[42.520167, -83.043799]
[42.520167, -83.043799]
[42.520167, -83.043799]
[42.520167, -83.043799]
[42.520167, -83.043799]
[42.520167, -83.043799]
[42.520167, -83.043799]
[42.520167, -83.043799]
[42.520167, -83.043799]
[42.520167, -83.043799]
[42.520167, -83.043799]
[42.520167, -83.043799]
[42.520167, -83.043799]
[42.520167, -83.043799]
[42.520167, -83.043799]
[42.520167, -83.043799]
[42.520167, -83.043799]
[42.520167, -83.043799]
[42.520167, -83.043799]
[42.520167, -83.043799]
[42.520167, -83.043799]
[42.520167, -83.043799]
[42.520167, -83.043799]
[42.520167, -83.043799]
[42.520167, -83.043799]
[42.520167, -83.043799]
[42.520167, -83.043799]
[42.520167, -83.043799]
[42.520167, -83.043799]
[42.520167, -83.043799]
[42.520167, -83.043799]
[42.520167, -83.043799]
[42.520167, -83.043799]
[42.520168, -83.043799]
[42.520168, -83.043799]
[42.520168, -83.043799]
[42.520168, -83.043799]
[42.520168, -83.043799]
[42.520168, -83.043799]
[42.520168, -83.043799]
[42.520168, -83.043799]
[42.520168, -83.043799]
[42.520168, -83.043799]
[42.520168, -83.043799]
[42.520168, -83.043799]
[42.520168, -83.043799]
[42.520168, -83.043799]
[42.520168, -83.043799]
[42.520168, -83.043799]
[42.520168, -83.043799]
[42.520168, -83.043799]
[42.520169, -83.043799]
[42.520169, -83.043799]
[42.520169, -83.043799]
[42.520169, -83.043799]
[42.520169, -83.043799]
[42.520169, -83.043799]
[42.520169, -83.043799]
[42.520169, -83.043799]
[42.520169, -83.043799]
[42.520169, -83.043799]
[42.520169, -83.043799]
[42.520169, -83.043799]
[42.520169, -83.043799]
[42.520169, -83.043799]
[42.520169, -83.043799]
[42.520169, -83.043799]
[42.520169, -83.043799]
[42.520169, -83.043799]
[42.520169, -83.043799]
[42.520169, -83.043799]
[42.520169, -83.043799]
[42.520169, -83.043799]
[42.520169, -83.043799]
[42.520169, -83.043799]
[42.520169, -83.043799]
[42.520169, -83.043799]
[42.520169, -83.043799]
[42.520169, -83.043799]
[42.520169, -83.043799]
[42.520169, -83.043799]
[42.520169, -83.043799]
[42.520169, -83.043799]
[42.520169, -83.043799]
[42.520169, -83.043799]
[42.520169, -83.043800]
[42.520169, -83.043800]
[42.520169, -83.043800]
[42.520169, -83.043800]
[42.520169, -83.043800]
[42.520169, -83.043800]
[42.520169, -83.043800]
[42.520169, -83.043800]
[42.520169, -83.043800]
[42.520169, -83.043800]
[42.520169, -83.043800]
[42.520169, -83.043800]
[42.520169, -83.043800]
[42.520169, -83.043800]
[42.520169, -83.043800]
[42.520169, -83.043800]
[42.520169, -83.043800]
[42.520169, -83.043800]
[42.520169, -83.043800]
[42.520169, -83.043800]
[42.520169, -83.043800]
[42.520169, -83.043800]
[42.520169, -83.043800]
[42.520169, -83.043800]
[42.520169, -83.043800]
[42.520169, -83.043800]
[42.520169, -83.043800]
[42.520169, -83.043800]
[42.520169, -83.043800]
[42.520169, -83.043800]
[42.520169, -83.043800]
[42.520169, -83.043800]
[42.520169, -83.043800]
[42.520169, -83.043800]
[42.520169, -83.043800]
[42.520169, -83.043800]
[42.520169, -83.043800]
[42.520169, -83.043800]
[42.520169, -83.043800]
[42.520169, -83.043800]
[42.520169, -83.043800]
[42.520169, -83.043800]
[42.520169, -83.043800]
[42.520169, -83.043800]
[42.520169, -83.043800]
[42.520169, -83.043800]
[42.520169, -83.043800]
[42.520169, -83.043800]
[42.520169, -83.043800]
[42.520169, -83.043800]
[42.520169, -83.043800]
[42.520169, -83.043800]
[42.520169, -83.043800]
[42.520169, -83.043800]
[42.520169, -83.043800]
[42.520169, -83.043800]
[42.520168, -83.043800]
[42.520168, -83.043800]
[42.520168, -83.043800]
[42.520168, -83.043800]
[42.520168, -83.043800]
[42.520168, -83.043800]
[42.520168, -83.043800]
[42.520168, -83.043800]
[42.520168, -83.043800]
[42.520168, -83.043800]
[42.520168, -83.043800]
[42.520168, -83.043800]
[42.520168, -83.043800]
[42.520168, -83.043800]
[42.520168, -83.043800]
[42.520168, -83.043800]
[42.520168, -83.043800]
[42.520168, -83.043800]
[42.520168, -83.043800]
[42.520168, -83.043800]
[42.520168, -83.043800]
[42.520168, -83.043800]
[42.520168, -83.043800]
[42.520168, -83.043800]
[42.520168, -83.043800]
[42.520168, -83.043800]
[42.520168, -83.043800]
[42.520168, -83.043800]
[42.520168, -83.043800]
[42.520168, -83.043800]
[42.520168, -83.043800]
[42.520168, -83.043800]
[42.520168, -83.043800]
[42.520168, -83.043800]
[42.520168, -83.043800]
[42.520168, -83.043800]
[42.520168, -83.043800]
[42.520168, -83.043800]
[42.520168, -83.043800]
[42.520168, -83.043800]
[42.520168, -83.043800]
[42.520168, -83.043800]
[42.520168, -83.043800]
[42.520168, -83.043800]
[42.520168, -83.043800]
[42.520168, -83.043800]
[42.520168, -83.043800]
[42.520168, -83.043800]
[42.520169, -83.043800]
[42.520169, -83.043800]
[42.520169, -83.043800]
[42.520169, -83.043800]
[42.520169, -83.043800]
[42.520169, -83.043800]
[42.520169, -83.043800]
[42.520169, -83.043800]
[42.520169, -83.043800]
[42.520169, -83.043800]
[42.520169, -83.043800]
[42.520169, -83.043800]
[42.520169, -83.043800]
[42.520169, -83.043800]
[42.520169, -83.043800]
[42.520169, -83.043800]
[42.520169, -83.043800]
[42.520169, -83.043800]
[42.520169, -83.043800]
[42.520169, -83.043800]
[42.520169, -83.043800]
[42.520169, -83.043800]
[42.520169, -83.043800]
[42.520169, -83.043800]
[42.520169, -83.043800]
[42.520169, -83.043800]
[42.520169, -83.043800]
[42.520169, -83.043800]
[42.520169, -83.043800]
[42.520169, -83.043800]
[42.520169, -83.043800]
[42.520169, -83.043800]
[42.520169, -83.043800]
[42.520169, -83.043800]
[42.520169, -83.043800]
[42.520169, -83.043800]
[42.520169, -83.043800]
[42.520169, -83.043800]
[42.520169, -83.043800]
[42.520169, -83.043800]
[42.520169, -83.043800]
[42.520169, -83.043800]
[42.520169, -83.043800]
[42.520169, -83.043800]
[42.520169, -83.043800]
[42.520169, -83.043800]
[42.520169, -83.043800]
[42.520169, -83.043800]
[42.520169, -83.043800]
[42.520169, -83.043800]
[42.520169, -83.043800]
[42.520169, -83.043800]
[42.520169, -83.043800]
[42.520169, -83.043800]
[42.520169, -83.043800]
[42.520169, -83.043800]
[42.520169, -83.043800]
[42.520169, -83.043800]
[42.520170, -83.043801]
[42.520170, -83.043801]
[42.520170, -83.043801]
[42.520170, -83.043801]
[42.520170, -83.043801]
[42.520170, -83.043800]
[42.520170, -83.043800]
[42.520170, -83.043800]
[42.520170, -83.043801]
[42.520170, -83.043801]
[42.520170, -83.043801]
[42.520170, -83.043800]
[42.520170, -83.043800]
[42.520170, -83.043800]
[42.520170, -83.043800]
[42.520170, -83.043800]
[42.520170, -83.043800]
[42.520170, -83.043800]
[42.520170, -83.043800]
[42.520170, -83.043800]
[42.520170, -83.043800]
[42.520170, -83.043800]
[42.520170, -83.043800]
[42.520170, -83.043800]
[42.520170, -83.043800]
[42.520170, -83.043800]
[42.520170, -83.043800]
[42.520170, -83.043800]
[42.520170, -83.043800]
[42.520170, -83.043800]
[42.520170, -83.043800]
[42.520169, -83.043800]
[42.520169, -83.043800]
[42.520169, -83.043800]
[42.520169, -83.043800]
[42.520169, -83.043800]
[42.520169, -83.043800]
[42.520169, -83.043800]
[42.520169, -83.043800]
[42.520169, -83.043800]
[42.520170, -83.043800]
[42.520170, -83.043800]
[42.520170, -83.043800]
[42.520170, -83.043800]
[42.520169, -83.043800]
[42.520169, -83.043800]
[42.520169, -83.043800]
[42.520169, -83.043800]
[42.520169, -83.043800]
[42.520169, -83.043800]
[42.520169, -83.043800]
[42.520169, -83.043800]
[42.520169, -83.043800]
[42.520169, -83.043800]
[42.520169, -83.043800]
[42.520169, -83.043800]
[42.520169, -83.043800]
[42.520169, -83.043800]
[42.520169, -83.043800]
[42.520169, -83.043800]
[42.520169, -83.043800]
[42.520169, -83.043800]
[42.520169, -83.043800]
[42.520169, -83.043800]
[42.520169, -83.043800]
[42.520169, -83.043800]
[42.520169, -83.043800]
[42.520169, -83.043800]
[42.520169, -83.043800]
[42.520169, -83.043800]
[42.520169, -83.043800]
[42.520169, -83.043800]
[42.520169, -83.043800]
[42.520169, -83.043800]
[42.520169, -83.043800]
[42.520170, -83.043800]
[42.520170, -83.043800]
[42.520170, -83.043800]
[42.520170, -83.043800]
[42.520170, -83.043800]
[42.520170, -83.043800]
[42.520170, -83.043801]
[42.520170, -83.043801]
[42.520170, -83.043801]
[42.520170, -83.043801]
[42.520170, -83.043801]
[42.520170, -83.043801]
[42.520170, -83.043801]
[42.520170, -83.043801]
[42.520170, -83.043801]
[42.520169, -83.043801]
[42.520169, -83.043801]
[42.520169, -83.043801]
[42.520169, -83.043801]
[42.520169, -83.043801]
[42.520169, -83.043800]
[42.520169, -83.043801]
[42.520169, -83.043801]
[42.520169, -83.043801]
[42.520169, -83.043801]
[42.520169, -83.043801]
[42.520169, -83.043801]
[42.520169, -83.043801]
[42.520169, -83.043801]
[42.520169, -83.043801]
[42.520169, -83.043801]
[42.520169, -83.043801]
[42.520169, -83.043801]
[42.520169, -83.043801]
[42.520169, -83.043801]
[42.520169, -83.043801]
[42.520169, -83.043801]
[42.520169, -83.043801]
[42.520169, -83.043801]
[42.520169, -83.043801]
[42.520169, -83.043801]
[42.520169, -83.043800]
[42.520169, -83.043800]
[42.520169, -83.043800]
[42.520169, -83.043800]
[42.520169, -83.043800]
[42.520169, -83.043800]
[42.520169, -83.043800]
[42.520169, -83.043800]
[42.520169, -83.043800]
[42.520169, -83.043800]
[42.520169, -83.043800]
[42.520169, -83.043800]
[42.520169, -83.043800]
[42.520169, -83.043800]
[42.520169, -83.043800]
[42.520169, -83.043800]
[42.520169, -83.043800]
[42.520169, -83.043800]
--start execution--
--start execution--
--stop execution--
[42.517368, -83.045219]
[42.517368, -83.045220]
[42.517368, -83.045220]
[42.517368, -83.045219]
[42.517368, -83.045219]
[42.517368, -83.045219]
[42.517368, -83.045219]
[42.517368, -83.045219]
[42.517368, -83.045219]
[42.517368, -83.045219]
[42.517368, -83.045219]
[42.517368, -83.045219]
[42.517368, -83.045219]
[42.517368, -83.045219]
[42.517368, -83.045219]
[42.517369, -83.045219]
[42.517369, -83.045219]
[42.517369, -83.045219]
[42.517368, -83.045219]
[42.517368, -83.045218]
[42.517368, -83.045218]
[42.517368, -83.045218]
[42.517368, -83.045218]
[42.517368, -83.045218]
[42.517368, -83.045218]
[42.517368, -83.045218]
[42.517368, -83.045218]
[42.517368, -83.045218]
[42.517368, -83.045218]
[42.517368, -83.045218]
[42.517368, -83.045218]
[42.517368, -83.045217]
[42.517368, -83.045217]
[42.517368, -83.045217]
[42.517368, -83.045217]
[42.517368, -83.045217]
[42.517368, -83.045217]
[42.517368, -83.045217]
[42.517368, -83.045217]
[42.517368, -83.045217]
[42.517369, -83.045217]
[42.517369, -83.045218]
[42.517369, -83.045218]
[42.517369, -83.045218]
[42.517369, -83.045219]
[42.517369, -83.045219]
[42.517369, -83.045219]
[42.517369, -83.045219]
[42.517370, -83.045220]
[42.517370, -83.045220]
[42.517370, -83.045220]
[42.517370, -83.045220]
[42.517370, -83.045220]
[42.517370, -83.045220]
[42.517370, -83.045220]
[42.517370, -83.045219]
[42.517370, -83.045219]
[42.517371, -83.045219]
[42.517371, -83.045219]
[42.517371, -83.045219]
[42.517371, -83.045219]
[42.517371, -83.045219]
[42.517371, -83.045219]
[42.517371, -83.045218]
[42.517372, -83.045218]
[42.517372, -83.045218]
[42.517372, -83.045218]
[42.517372, -83.045218]
[42.517372, -83.045217]
[42.517372, -83.045217]
[42.517372, -83.045217]
[42.517372, -83.045217]
[42.517372, -83.045217]
[42.517372, -83.045216]
[42.517372, -83.045216]
[42.517372, -83.045216]
[42.517372, -83.045216]
[42.517372, -83.045216]
[42.517372, -83.045215]
[42.517372, -83.045215]
[42.517372, -83.045215]
[42.517372, -83.045215]
[42.517372, -83.045215]
[42.517372, -83.045215]
[42.517372, -83.045214]
[42.517372, -83.045214]
[42.517372, -83.045214]
[42.517372, -83.045214]
[42.517372, -83.045214]
[42.517372, -83.045214]
[42.517372, -83.045213]
[42.517372, -83.045213]
[42.517372, -83.045213]
[42.517372, -83.045213]
[42.517372, -83.045213]
[42.517372, -83.045213]
[42.517371, -83.045213]
[42.517371, -83.045212]
[42.517371, -83.045212]
[42.517371, -83.045212]
[42.517371, -83.045212]
[42.517371, -83.045212]
[42.517371, -83.045212]
[42.517371, -83.045212]
[42.517371, -83.045212]
[42.517371, -83.045212]
[42.517371, -83.045212]
[42.517371, -83.045212]
[42.517371, -83.045212]
[42.517371, -83.045212]
[42.517371, -83.045212]
[42.517371, -83.045212]
[42.517371, -83.045212]
[42.517370, -83.045212]
[42.517370, -83.045212]
[42.517370, -83.045212]
[42.517370, -83.045212]
[42.517370, -83.045212]
[42.517370, -83.045212]
[42.517370, -83.045212]
[42.517370, -83.045213]
[42.517370, -83.045213]
[42.517370, -83.045213]
[42.517370, -83.045213]
[42.517370, -83.045213]
[42.517370, -83.045213]
[42.517370, -83.045213]
[42.517370, -83.045213]
[42.517370, -83.045213]
[42.517370, -83.045214]
[42.517370, -83.045214]
[42.517370, -83.045214]
[42.517370, -83.045214]
[42.517370, -83.045214]
[42.517370, -83.045214]
[42.517370, -83.045214]
[42.517370, -83.045215]
[42.517370, -83.045215]
[42.517370, -83.045215]
[42.517370, -83.045215]
[42.517370, -83.045215]
[42.517370, -83.045215]
[42.517370, -83.045215]
[42.517370, -83.045215]
[42.517369, -83.045216]
[42.517369, -83.045216]
[42.517369, -83.045216]
[42.517369, -83.045216]
[42.517369, -83.045216]
[42.517369, -83.045216]
[42.517369, -83.045216]
[42.517369, -83.045216]
[42.517369, -83.045216]
[42.517369, -83.045216]
[42.517369, -83.045216]
[42.517369, -83.045217]
[42.517369, -83.045217]
[42.517369, -83.045217]
[42.517369, -83.045217]
[42.517369, -83.045217]
[42.517369, -83.045217]
[42.517369, -83.045218]
[42.517369, -83.045218]
[42.517369, -83.045218]
[42.517369, -83.045218]
[42.517369, -83.045218]
[42.517369, -83.045218]
[42.517369, -83.045218]
[42.517369, -83.045218]
[42.517369, -83.045218]
[42.517369, -83.045219]
[42.517369, -83.045219]
[42.517369, -83.045219]
[42.517369, -83.045219]
[42.517369, -83.045219]
[42.517369, -83.045219]
[42.517369, -83.045219]
[42.517369, -83.045219]
[42.517369, -83.045220]
[42.517369, -83.045220]
[42.517369, -83.045220]
[42.517369, -83.045220]
[42.517369, -83.045220]
[42.517369, -83.045220]
[42.517369, -83.045220]
[42.517369, -83.045220]
[42.517369, -83.045220]
[42.517369, -83.045220]
[42.517369, -83.045220]
[42.517369, -83.045220]
[42.517369, -83.045220]
[42.517369, -83.045220]
[42.517369, -83.045220]
[42.517369, -83.045220]
[42.517369, -83.045220]
[42.517369, -83.045220]
[42.517369, -83.045220]
[42.517369, -83.045220]
[42.517369, -83.045220]
[42.517369, -83.045220]
[42.517369, -83.045220]
[42.517369, -83.045221]
[42.517369, -83.045221]
[42.517369, -83.045221]
[42.517369, -83.045221]
[42.517369, -83.045221]
[42.517369, -83.045221]
[42.517369, -83.045221]
[42.517369, -83.045221]
[42.517369, -83.045221]
[42.517369, -83.045221]
[42.517369, -83.045221]
[42.517369, -83.045221]
[42.517369, -83.045221]
[42.517369, -83.045221]
[42.517369, -83.045221]
[42.517369, -83.045221]
[42.517369, -83.045221]
[42.517370, -83.045221]
[42.517370, -83.045221]
[42.517370, -83.045221]
[42.517370, -83.045221]
[42.517370, -83.045221]
[42.517370, -83.045221]
[42.517370, -83.045221]
[42.517370, -83.045221]
[42.517370, -83.045221]
[42.517370, -83.045221]
[42.517370, -83.045221]
[42.517370, -83.045221]
[42.517370, -83.045221]
[42.517370, -83.045221]
[42.517370, -83.045221]
[42.517370, -83.045221]
[42.517370, -83.045221]
[42.517370, -83.045221]
[42.517370, -83.045221]
[42.517370, -83.045222]
[42.517370, -83.045222]
[42.517370, -83.045222]
[42.517370, -83.045222]
[42.517370, -83.045222]
[42.517370, -83.045222]
[42.517371, -83.045222]
[42.517371, -83.045222]
[42.517371, -83.045222]
[42.517371, -83.045222]
[42.517371, -83.045222]
[42.517371, -83.045222]
[42.517371, -83.045222]
[42.517371, -83.045222]
[42.517371, -83.045222]
[42.517371, -83.045222]
[42.517371, -83.045223]
[42.517370, -83.045223]
[42.517370, -83.045223]
[42.517370, -83.045223]
[42.517370, -83.045223]
[42.517370, -83.045224]
[42.517370, -83.045224]
[42.517370, -83.045224]
[42.517370, -83.045224]
[42.517370, -83.045224]
[42.517370, -83.045224]
[42.517370, -83.045225]
[42.517370, -83.045225]
[42.517370, -83.045225]
[42.517370, -83.045225]
[42.517370, -83.045225]
[42.517370, -83.045225]
[42.517370, -83.045225]
[42.517370, -83.045225]
[42.517370, -83.045226]
[42.517370, -83.045226]
[42.517370, -83.045226]
[42.517370, -83.045226]
[42.517370, -83.045226]
[42.517370, -83.045226]
[42.517370, -83.045226]
[42.517370, -83.045226]
[42.517370, -83.045226]
[42.517370, -83.045226]
[42.517370, -83.045226]
[42.517370, -83.045227]
[42.517370, -83.045227]
[42.517370, -83.045226]
[42.517370, -83.045226]
[42.517370, -83.045226]
[42.517370, -83.045226]
[42.517370, -83.045226]
[42.517370, -83.045226]
[42.517370, -83.045226]
[42.517370, -83.045226]
[42.517370, -83.045226]
[42.517369, -83.045226]
[42.517369, -83.045226]
[42.517369, -83.045226]
[42.517369, -83.045226]
[42.517369, -83.045226]
[42.517369, -83.045226]
[42.517369, -83.045226]
[42.517369, -83.045225]
[42.517369, -83.045225]
[42.517369, -83.045225]
[42.517369, -83.045225]
[42.517369, -83.045225]
[42.517369, -83.045225]
[42.517369, -83.045225]
[42.517369, -83.045225]
[42.517370, -83.045225]
[42.517370, -83.045225]
[42.517370, -83.045224]
[42.517370, -83.045224]
--start execution--
--start execution--
--stop execution--
--stop execution--
--stop execution--
--stop execution--
[42.520175, -83.043515]
[42.520175, -83.043515]
[42.520175, -83.043515]
[42.520175, -83.043515]
[42.520175, -83.043515]
[42.520175, -83.043515]
[42.520175, -83.043515]
[42.520175, -83.043515]
[42.520175, -83.043516]
[42.520175, -83.043516]
[42.520175, -83.043516]
[42.520175, -83.043516]
[42.520175, -83.043516]
[42.520175, -83.043516]
[42.520175, -83.043516]
[42.520174, -83.043516]
[42.520174, -83.043516]
[42.520174, -83.043516]
[42.520174, -83.043516]
[42.520174, -83.043516]
[42.520174, -83.043516]
[42.520174, -83.043516]
[42.520174, -83.043516]
[42.520174, -83.043516]
[42.520174, -83.043516]
[42.520174, -83.043516]
[42.520174, -83.043516]
[42.520175, -83.043516]
[42.520175, -83.043516]
[42.520175, -83.043516]
[42.520174, -83.043516]
[42.520174, -83.043516]
[42.520174, -83.043516]
[42.520174, -83.043516]
[42.520174, -83.043516]
[42.520174, -83.043516]
[42.520174, -83.043516]
[42.520174, -83.043516]
[42.520174, -83.043516]
[42.520174, -83.043516]
[42.520174, -83.043516]
[42.520174, -83.043516]
[42.520174, -83.043516]
[42.520174, -83.043516]
[42.520174, -83.043517]
[42.520174, -83.043517]
[42.520174, -83.043517]
[42.520174, -83.043517]
[42.520174, -83.043517]
[42.520174, -83.043517]
[42.520173, -83.043517]
[42.520173, -83.043516]
[42.520173, -83.043516]
[42.520173, -83.043516]
[42.520173, -83.043516]
[42.520173, -83.043516]
[42.520173, -83.043516]
[42.520173, -83.043516]
[42.520173, -83.043516]
[42.520173, -83.043516]
[42.520173, -83.043516]
[42.520173, -83.043516]
[42.520173, -83.043516]
[42.520173, -83.043516]
--start execution--
--stop execution--
[42.520172, -83.043511]
[42.520172, -83.043511]
[42.520172, -83.043511]
[42.520172, -83.043511]
[42.520172, -83.043511]
[42.520172, -83.043512]
[42.520172, -83.043512]
[42.520172, -83.043512]
[42.520172, -83.043512]
[42.520172, -83.043512]
[42.520172, -83.043513]
[42.520172, -83.043516]
[42.520172, -83.043519]
[42.520172, -83.043523]
[42.520173, -83.043531]
[42.520173, -83.043535]
[42.520173, -83.043538]
[42.520173, -83.043541]
[42.520173, -83.043541]
[42.520173, -83.043541]
[42.520173, -83.043541]
[42.520173, -83.043541]
[42.520173, -83.043541]
[42.520173, -83.043541]
[42.520173, -83.043541]
[42.520173, -83.043541]
[42.520173, -83.043541]
[42.520173, -83.043541]
[42.520173, -83.043541]
[42.520173, -83.043541]
[42.520173, -83.043541]
[42.520173, -83.043541]
[42.520173, -83.043539]
[42.520173, -83.043538]
[42.520173, -83.043537]
[42.520173, -83.043532]
[42.520173, -83.043527]
[42.520173, -83.043520]
[42.520173, -83.043512]
[42.520173, -83.043506]
[42.520173, -83.043500]
[42.520173, -83.043491]
[42.520173, -83.043487]
[42.520173, -83.043488]
[42.520173, -83.043488]
[42.520173, -83.043488]
[42.520173, -83.043488]
[42.520173, -83.043488]
[42.520173, -83.043488]
[42.520173, -83.043488]
[42.520173, -83.043488]
[42.520173, -83.043488]
[42.520173, -83.043488]
[42.520173, -83.043488]
[42.520173, -83.043488]
--start execution--
--stop execution--
[42.520297, -83.043387]
[42.520297, -83.043387]
[42.520297, -83.043387]
[42.520297, -83.043387]
[42.520297, -83.043387]
[42.520297, -83.043387]
[42.520297, -83.043388]
[42.520297, -83.043388]
[42.520297, -83.043388]
[42.520297, -83.043388]
[42.520297, -83.043388]
[42.520297, -83.043388]
[42.520297, -83.043388]
[42.520297, -83.043388]
[42.520297, -83.043388]
[42.520297, -83.043388]
[42.520297, -83.043388]
[42.520297, -83.043388]
[42.520297, -83.043388]
[42.520298, -83.043388]
[42.520298, -83.043388]
[42.520298, -83.043388]
[42.520298, -83.043389]
[42.520298, -83.043389]
[42.520298, -83.043389]
[42.520298, -83.043389]
[42.520298, -83.043389]
[42.520298, -83.043389]
[42.520298, -83.043389]
[42.520298, -83.043389]
[42.520298, -83.043389]
[42.520298, -83.043389]
[42.520298, -83.043389]
[42.520298, -83.043389]
[42.520298, -83.043389]
[42.520298, -83.043390]
[42.520298, -83.043390]
[42.520298, -83.043390]
[42.520298, -83.043390]
[42.520298, -83.043390]
[42.520299, -83.043390]
[42.520299, -83.043390]
[42.520299, -83.043390]
[42.520299, -83.043390]
[42.520299, -83.043390]
[42.520299, -83.043390]
[42.520299, -83.043390]
[42.520299, -83.043390]
[42.520299, -83.043390]
[42.520299, -83.043390]
[42.520299, -83.043390]
[42.520299, -83.043390]
[42.520299, -83.043390]
[42.520299, -83.043390]
[42.520299, -83.043390]
[42.520299, -83.043390]
[42.520299, -83.043390]
[42.520299, -83.043390]
[42.520299, -83.043390]
[42.520299, -83.043390]
[42.520299, -83.043390]
[42.520299, -83.043390]
[42.520299, -83.043390]
[42.520299, -83.043390]
[42.520299, -83.043390]
[42.520299, -83.043390]
[42.520299, -83.043390]
[42.520299, -83.043390]
[42.520299, -83.043390]
[42.520299, -83.043390]
[42.520299, -83.043390]
[42.520299, -83.043390]
[42.520299, -83.043390]
[42.520299, -83.043390]
[42.520299, -83.043390]
[42.520299, -83.043390]
[42.520299, -83.043390]
[42.520299, -83.043389]
[42.520299, -83.043390]
[42.520299, -83.043389]
[42.520299, -83.043389]
[42.520299, -83.043389]
[42.520299, -83.043389]
[42.520299, -83.043389]
[42.520299, -83.043389]
[42.520299, -83.043389]
[42.520299, -83.043389]
[42.520299, -83.043389]
[42.520299, -83.043389]
[42.520299, -83.043389]
[42.520299, -83.043389]
[42.520299, -83.043389]
--stop execution--
[42.520299, -83.043389]
[42.520299, -83.043389]
[42.520299, -83.043389]
[42.520299, -83.043389]
[42.520299, -83.043389]
[42.520299, -83.043389]
[42.520299, -83.043389]
[42.520298, -83.043389]
[42.520298, -83.043389]
[42.520298, -83.043389]
[42.520298, -83.043389]
[42.520298, -83.043388]
[42.520298, -83.043388]
[42.520298, -83.043388]
[42.520298, -83.043388]
[42.520298, -83.043388]
[42.520298, -83.043388]
[42.520298, -83.043388]
[42.520298, -83.043388]
[42.520298, -83.043388]
[42.520298, -83.043388]
[42.520298, -83.043388]
[42.520298, -83.043388]
[42.520298, -83.043388]
[42.520298, -83.043388]
[42.520298, -83.043388]
[42.520298, -83.043388]
[42.520298, -83.043388]
[42.520298, -83.043388]
[42.520298, -83.043388]
[42.520298, -83.043388]
[42.520298, -83.043388]
[42.520298, -83.043388]
[42.520298, -83.043388]
[42.520298, -83.043388]
[42.520297, -83.043388]
[42.520297, -83.043388]
[42.520297, -83.043388]
[42.520297, -83.043388]
[42.520297, -83.043388]
[42.520297, -83.043388]
[42.520297, -83.043388]
[42.520297, -83.043388]
[42.520297, -83.043388]
[42.520297, -83.043388]
[42.520297, -83.043388]
[42.520297, -83.043388]
[42.520297, -83.043388]
[42.520297, -83.043388]
[42.520297, -83.043387]
[42.520297, -83.043387]
[42.520297, -83.043387]
[42.520297, -83.043387]
[42.520297, -83.043387]
[42.520297, -83.043387]
[42.520297, -83.043387]
[42.520297, -83.043387]
[42.520297, -83.043387]
[42.520297, -83.043387]
[42.520297, -83.043387]
[42.520297, -83.043387]
[42.520297, -83.043387]
[42.520297, -83.043387]
[42.520297, -83.043387]
[42.520297, -83.043387]
[42.520297, -83.043386]
[42.520297, -83.043386]
[42.520297, -83.043386]
[42.520297, -83.043386]
[42.520297, -83.043386]
[42.520297, -83.043386]
[42.520297, -83.043386]
[42.520297, -83.043386]
[42.520297, -83.043386]
[42.520297, -83.043386]
[42.520297, -83.043386]
[42.520297, -83.043386]
[42.520297, -83.043386]
[42.520297, -83.043386]
[42.520297, -83.043386]
[42.520297, -83.043386]
[42.520297, -83.043386]
[42.520297, -83.043386]
[42.520297, -83.043386]
[42.520297, -83.043386]
[42.520297, -83.043386]
[42.520297, -83.043386]
[42.520296, -83.043386]
[42.520297, -83.043386]
[42.520296, -83.043386]
[42.520296, -83.043386]
[42.520296, -83.043386]
[42.520296, -83.043386]
[42.520296, -83.043386]
[42.520296, -83.043386]
[42.520296, -83.043386]
[42.520296, -83.043386]
[42.520296, -83.043386]
[42.520296, -83.043386]
[42.520296, -83.043386]
[42.520296, -83.043386]
[42.520296, -83.043386]
[42.520296, -83.043386]
[42.520296, -83.043386]
[42.520296, -83.043386]
[42.520296, -83.043386]
[42.520296, -83.043386]
[42.520296, -83.043386]
[42.520296, -83.043386]
[42.520296, -83.043386]
[42.520296, -83.043386]
[42.520296, -83.043386]
[42.520296, -83.043386]
[42.520296, -83.043386]
[42.520296, -83.043386]
[42.520296, -83.043386]
[42.520296, -83.043386]
[42.520296, -83.043386]
[42.520296, -83.043386]
[42.520296, -83.043386]
[42.520296, -83.043386]
[42.520296, -83.043386]
[42.520296, -83.043386]
[42.520296, -83.043386]
[42.520296, -83.043386]
[42.520296, -83.043386]
[42.520296, -83.043386]
[42.520296, -83.043386]
[42.520296, -83.043386]
[42.520296, -83.043386]
[42.520296, -83.043386]
[42.520296, -83.043386]
[42.520296, -83.043386]
[42.520296, -83.043386]
[42.520296, -83.043386]
[42.520296, -83.043386]
[42.520296, -83.043386]
[42.520296, -83.043386]
[42.520296, -83.043386]
[42.520296, -83.043386]
[42.520296, -83.043386]
[42.520296, -83.043386]
[42.520296, -83.043386]
[42.520296, -83.043386]
[42.520296, -83.043386]
[42.520296, -83.043386]
[42.520296, -83.043386]
[42.520296, -83.043386]
[42.520296, -83.043386]
[42.520295, -83.043386]
[42.520295, -83.043386]
[42.520295, -83.043386]
[42.520295, -83.043386]
[42.520295, -83.043386]
[42.520295, -83.043386]
[42.520295, -83.043386]
[42.520295, -83.043386]
[42.520295, -83.043386]
[42.520295, -83.043386]
[42.520295, -83.043386]
[42.520295, -83.043386]
[42.520295, -83.043386]
[42.520295, -83.043386]
[42.520295, -83.043386]
[42.520295, -83.043386]
[42.520295, -83.043386]
[42.520295, -83.043386]
[42.520295, -83.043386]
[42.520295, -83.043386]
[42.520295, -83.043386]
[42.520295, -83.043386]
[42.520295, -83.043386]
[42.520295, -83.043386]
[42.520295, -83.043386]
[42.520295, -83.043386]
[42.520295, -83.043386]
[42.520295, -83.043386]
[42.520295, -83.043386]
[42.520294, -83.043386]
[42.520294, -83.043386]
[42.520294, -83.043386]
[42.520294, -83.043386]
[42.520294, -83.043386]
[42.520294, -83.043386]
[42.520294, -83.043386]
[42.520294, -83.043386]
[42.520294, -83.043386]
[42.520294, -83.043386]
[42.520294, -83.043386]
[42.520294, -83.043386]
[42.520294, -83.043386]
[42.520294, -83.043386]
[42.520294, -83.043386]
[42.520294, -83.043386]
[42.520294, -83.043386]
[42.520294, -83.043386]
[42.520294, -83.043386]
[42.520294, -83.043386]
[42.520294, -83.043386]
[42.520294, -83.043386]
[42.520294, -83.043386]
[42.520294, -83.043386]
[42.520294, -83.043386]
[42.520294, -83.043386]
[42.520294, -83.043386]
[42.520295, -83.043386]
[42.520295, -83.043386]
[42.520295, -83.043386]
[42.520295, -83.043386]
[42.520295, -83.043386]
[42.520295, -83.043386]
[42.520295, -83.043386]
[42.520295, -83.043386]
[42.520295, -83.043386]
[42.520295, -83.043386]
[42.520295, -83.043386]
[42.520295, -83.043386]
[42.520295, -83.043386]
[42.520295, -83.043386]
[42.520295, -83.043386]
[42.520295, -83.043386]
[42.520295, -83.043386]
[42.520295, -83.043387]
[42.520295, -83.043387]
[42.520295, -83.043387]
[42.520295, -83.043387]
[42.520295, -83.043387]
[42.520296, -83.043387]
[42.520296, -83.043387]
[42.520296, -83.043387]
[42.520296, -83.043387]
[42.520296, -83.043387]
[42.520296, -83.043387]
[42.520295, -83.043387]
[42.520296, -83.043387]
[42.520296, -83.043387]
[42.520296, -83.043387]
[42.520296, -83.043387]
[42.520295, -83.043387]
[42.520295, -83.043388]
[42.520295, -83.043388]
[42.520295, -83.043388]
[42.520295, -83.043388]
[42.520295, -83.043388]
[42.520295, -83.043388]
[42.520295, -83.043388]
[42.520296, -83.043388]
[42.520296, -83.043388]
[42.520296, -83.043388]
[42.520296, -83.043388]
[42.520296, -83.043388]
[42.520296, -83.043388]
[42.520296, -83.043388]
[42.520295, -83.043388]
[42.520295, -83.043388]
[42.520295, -83.043388]
[42.520295, -83.043388]
[42.520295, -83.043388]
[42.520295, -83.043388]
[42.520295, -83.043388]
[42.520295, -83.043388]
[42.520295, -83.043388]
[42.520295, -83.043388]
[42.520295, -83.043388]
[42.520295, -83.043387]
[42.520295, -83.043387]
[42.520295, -83.043387]
[42.520295, -83.043387]
[42.520295, -83.043387]
[42.520295, -83.043387]
[42.520295, -83.043387]
[42.520294, -83.043387]
[42.520294, -83.043387]
[42.520294, -83.043387]
[42.520294, -83.043387]
[42.520294, -83.043387]
[42.520294, -83.043387]
[42.520294, -83.043387]
[42.520294, -83.043387]
[42.520294, -83.043387]
[42.520294, -83.043387]
[42.520294, -83.043387]
[42.520294, -83.043387]
[42.520294, -83.043387]
[42.520294, -83.043387]
[42.520294, -83.043387]
[42.520294, -83.043387]
[42.520294, -83.043387]
[42.520294, -83.043387]
[42.520294, -83.043387]
[42.520294, -83.043387]
[42.520294, -83.043387]
[42.520294, -83.043387]
[42.520294, -83.043387]
[42.520294, -83.043387]
[42.520294, -83.043387]
[42.520294, -83.043387]
[42.520294, -83.043387]
[42.520294, -83.043387]
[42.520294, -83.043387]
[42.520294, -83.043386]
[42.520294, -83.043386]
[42.520294, -83.043386]
[42.520294, -83.043387]
[42.520294, -83.043387]
[42.520294, -83.043387]
[42.520294, -83.043387]
[42.520294, -83.043387]
[42.520294, -83.043387]
[42.520294, -83.043387]
[42.520294, -83.043387]
[42.520294, -83.043387]
[42.520294, -83.043387]
[42.520294, -83.043387]
[42.520294, -83.043387]
[42.520294, -83.043387]
[42.520294, -83.043387]
[42.520294, -83.043387]
[42.520294, -83.043387]
[42.520294, -83.043387]
[42.520294, -83.043387]
[42.520294, -83.043387]
[42.520294, -83.043387]
[42.520294, -83.043387]
[42.520294, -83.043387]
[42.520294, -83.043387]
[42.520295, -83.043387]
[42.520294, -83.043387]
[42.520293, -83.043387]
[42.520290, -83.043388]
[42.520288, -83.043388]
[42.520285, -83.043388]
[42.520282, -83.043389]
[42.520276, -83.043390]
[42.520272, -83.043391]
[42.520265, -83.043393]
[42.520258, -83.043397]
[42.520253, -83.043400]
[42.520246, -83.043406]
[42.520240, -83.043410]
[42.520234, -83.043418]
[42.520228, -83.043426]
[42.520223, -83.043435]
[42.520220, -83.043441]
[42.520214, -83.043454]
[42.520213, -83.043457]
[42.520212, -83.043463]
[42.520210, -83.043474]
[42.520209, -83.043483]
[42.520208, -83.043487]
[42.520207, -83.043492]
[42.520206, -83.043501]
[42.520205, -83.043504]
[42.520205, -83.043507]
[42.520204, -83.043511]
[42.520202, -83.043516]
[42.520201, -83.043520]
[42.520200, -83.043523]
[42.520198, -83.043529]
[42.520198, -83.043532]
[42.520197, -83.043537]
[42.520196, -83.043539]
[42.520196, -83.043542]
[42.520196, -83.043543]
[42.520196, -83.043545]
[42.520196, -83.043545]
[42.520196, -83.043545]
[42.520196, -83.043545]
[42.520196, -83.043545]
[42.520196, -83.043545]
[42.520196, -83.043545]
[42.520196, -83.043545]
[42.520195, -83.043545]
[42.520195, -83.043545]
[42.520195, -83.043545]
[42.520195, -83.043545]
[42.520195, -83.043545]
[42.520195, -83.043545]
[42.520195, -83.043544]
[42.520195, -83.043541]
[42.520195, -83.043538]
[42.520195, -83.043532]
[42.520195, -83.043527]
[42.520195, -83.043522]
[42.520195, -83.043514]
[42.520195, -83.043507]
[42.520195, -83.043498]
[42.520195, -83.043496]
[42.520195, -83.043497]
[42.520195, -83.043497]
[42.520195, -83.043497]
[42.520195, -83.043496]
[42.520195, -83.043497]
[42.520195, -83.043497]
[42.520195, -83.043497]
[42.520195, -83.043497]
[42.520195, -83.043497]
[42.520195, -83.043497]
[42.520195, -83.043497]
[42.520195, -83.043497]
[42.520195, -83.043497]
[42.520195, -83.043497]
[42.520195, -83.043497]
[42.520195, -83.043497]
[42.520195, -83.043497]
[42.520195, -83.043497]
[42.520195, -83.043497]
[42.520195, -83.043497]
[42.520195, -83.043497]
[42.520195, -83.043497]
[42.520195, -83.043497]
[42.520195, -83.043497]
[42.520195, -83.043497]
[42.520195, -83.043497]
[42.520195, -83.043497]
[42.520195, -83.043497]
[42.520195, -83.043497]
[42.520195, -83.043497]
[42.520195, -83.043497]
[42.520195, -83.043497]
[42.520195, -83.043497]
[42.520195, -83.043497]
[42.520195, -83.043497]
[42.520195, -83.043497]
[42.520195, -83.043497]
[42.520195, -83.043497]
[42.520195, -83.043497]
[42.520195, -83.043498]
[42.520195, -83.043498]
[42.520195, -83.043498]
[42.520195, -83.043498]
[42.520195, -83.043498]
[42.520195, -83.043498]
[42.520195, -83.043498]
[42.520195, -83.043498]
[42.520195, -83.043498]
[42.520195, -83.043498]
[42.520195, -83.043498]
[42.520195, -83.043498]
[42.520195, -83.043498]
[42.520195, -83.043498]
[42.520195, -83.043498]
[42.520195, -83.043498]
[42.520195, -83.043498]
[42.520195, -83.043498]
[42.520195, -83.043498]
[42.520195, -83.043498]
[42.520195, -83.043498]
[42.520195, -83.043498]
[42.520195, -83.043498]
[42.520195, -83.043498]
[42.520195, -83.043498]
[42.520195, -83.043498]
[42.520195, -83.043498]
[42.520195, -83.043498]
[42.520195, -83.043498]
[42.520195, -83.043498]
[42.520195, -83.043498]
[42.520195, -83.043498]
[42.520195, -83.043498]
[42.520195, -83.043498]
[42.520195, -83.043498]
[42.520195, -83.043498]
[42.520195, -83.043498]
[42.520195, -83.043498]
[42.520195, -83.043498]
[42.520195, -83.043498]
[42.520195, -83.043498]
[42.520195, -83.043498]
[42.520195, -83.043498]
[42.520195, -83.043498]
[42.520195, -83.043498]
[42.520195, -83.043498]
[42.520195, -83.043498]
[42.520195, -83.043497]
[42.520195, -83.043497]
[42.520195, -83.043497]
[42.520195, -83.043497]
[42.520195, -83.043497]
[42.520195, -83.043497]
[42.520195, -83.043497]
[42.520195, -83.043497]
[42.520195, -83.043497]
[42.520195, -83.043497]
[42.520195, -83.043497]
[42.520195, -83.043497]
[42.520195, -83.043497]
[42.520195, -83.043497]
[42.520195, -83.043497]
[42.520195, -83.043497]
[42.520195, -83.043497]
[42.520195, -83.043497]
[42.520195, -83.043497]
[42.520195, -83.043497]
[42.520195, -83.043497]
[42.520195, -83.043497]
[42.520195, -83.043497]
[42.520195, -83.043497]
[42.520195, -83.043497]
[42.520195, -83.043497]
[42.520195, -83.043497]
[42.520195, -83.043497]
[42.520195, -83.043497]
[42.520195, -83.043497]
[42.520195, -83.043497]
[42.520196, -83.043497]
[42.520196, -83.043497]
[42.520196, -83.043497]
[42.520196, -83.043497]
[42.520196, -83.043497]
[42.520196, -83.043497]
[42.520196, -83.043497]
[42.520196, -83.043497]
[42.520196, -83.043497]
[42.520196, -83.043497]
[42.520196, -83.043497]
[42.520196, -83.043497]
[42.520196, -83.043497]
[42.520196, -83.043497]
[42.520196, -83.043497]
[42.520196, -83.043497]
[42.520196, -83.043497]
[42.520196, -83.043497]
[42.520196, -83.043497]
[42.520196, -83.043497]
[42.520196, -83.043497]
[42.520196, -83.043498]
[42.520196, -83.043498]
[42.520196, -83.043498]
[42.520196, -83.043498]
[42.520196, -83.043498]
[42.520196, -83.043498]
[42.520196, -83.043498]
[42.520196, -83.043498]
[42.520196, -83.043498]
[42.520196, -83.043498]
[42.520196, -83.043498]
[42.520196, -83.043498]
[42.520196, -83.043498]
[42.520196, -83.043498]
[42.520196, -83.043498]
[42.520196, -83.043498]
[42.520196, -83.043498]
[42.520196, -83.043498]
[42.520196, -83.043498]
[42.520196, -83.043498]
[42.520196, -83.043498]
[42.520196, -83.043498]
[42.520196, -83.043498]
[42.520196, -83.043498]
[42.520196, -83.043498]
[42.520196, -83.043498]
[42.520196, -83.043498]
[42.520196, -83.043498]
[42.520196, -83.043498]
[42.520196, -83.043498]
[42.520196, -83.043498]
[42.520196, -83.043498]
[42.520196, -83.043498]
[42.520196, -83.043498]
[42.520196, -83.043498]
[42.520196, -83.043498]
[42.520196, -83.043498]
[42.520196, -83.043498]
[42.520196, -83.043498]
[42.520196, -83.043498]
[42.520196, -83.043498]
[42.520196, -83.043498]
[42.520196, -83.043498]
[42.520196, -83.043498]
[42.520196, -83.043498]
[42.520196, -83.043498]
[42.520196, -83.043498]
[42.520196, -83.043498]
[42.520196, -83.043498]
[42.520196, -83.043498]
[42.520196, -83.043498]
[42.520196, -83.043498]
[42.520196, -83.043498]
[42.520196, -83.043498]
[42.520196, -83.043498]
[42.520196, -83.043498]
[42.520196, -83.043498]
[42.520196, -83.043498]
[42.520196, -83.043498]
[42.520196, -83.043498]
[42.520196, -83.043498]
[42.520196, -83.043498]
[42.520196, -83.043498]
[42.520196, -83.043498]
[42.520196, -83.043498]
[42.520196, -83.043498]
[42.520196, -83.043498]
[42.520196, -83.043498]
[42.520196, -83.043498]
[42.520196, -83.043498]
[42.520196, -83.043498]
[42.520196, -83.043498]
[42.520196, -83.043498]
[42.520196, -83.043498]
[42.520196, -83.043498]
[42.520196, -83.043498]
[42.520196, -83.043498]
[42.520196, -83.043498]
[42.520196, -83.043498]
[42.520196, -83.043498]
[42.520196, -83.043498]
[42.520196, -83.043498]
[42.520196, -83.043498]
[42.520196, -83.043498]
[42.520196, -83.043498]
[42.520195, -83.043498]
[42.520195, -83.043498]
[42.520195, -83.043498]
[42.520195, -83.043498]
[42.520195, -83.043498]
[42.520195, -83.043498]
[42.520195, -83.043498]
[42.520195, -83.043498]
[42.520195, -83.043498]
[42.520195, -83.043498]
[42.520195, -83.043498]
[42.520195, -83.043498]
[42.520195, -83.043498]
[42.520195, -83.043498]
[42.520195, -83.043498]
[42.520195, -83.043498]
[42.520195, -83.043498]
[42.520195, -83.043498]
[42.520195, -83.043498]
[42.520196, -83.043498]
[42.520196, -83.043498]
[42.520196, -83.043498]
[42.520196, -83.043498]
[42.520195, -83.043498]
[42.520195, -83.043498]
[42.520195, -83.043498]
[42.520195, -83.043498]
[42.520195, -83.043498]
[42.520195, -83.043498]
[42.520195, -83.043498]
[42.520195, -83.043498]
[42.520195, -83.043498]
[42.520195, -83.043498]
[42.520195, -83.043498]
[42.520195, -83.043498]
[42.520195, -83.043498]
[42.520195, -83.043498]
[42.520195, -83.043498]
[42.520195, -83.043498]
[42.520195, -83.043498]
[42.520195, -83.043498]
[42.520195, -83.043498]
[42.520195, -83.043498]
[42.520195, -83.043497]
[42.520195, -83.043497]
[42.520195, -83.043497]
[42.520195, -83.043497]
[42.520195, -83.043497]
[42.520195, -83.043497]
[42.520195, -83.043497]
[42.520195, -83.043497]
[42.520195, -83.043497]
[42.520195, -83.043497]
[42.520195, -83.043497]
[42.520195, -83.043497]
[42.520195, -83.043497]
[42.520195, -83.043497]
[42.520195, -83.043497]
[42.520195, -83.043497]
[42.520195, -83.043497]
[42.520195, -83.043497]
[42.520195, -83.043497]
[42.520195, -83.043497]
[42.520195, -83.043497]
[42.520195, -83.043497]
[42.520195, -83.043497]
[42.520195, -83.043497]
[42.520195, -83.043497]
[42.520195, -83.043497]
[42.520195, -83.043497]
[42.520195, -83.043497]
[42.520195, -83.043497]
[42.520195, -83.043497]
[42.520195, -83.043497]
[42.520195, -83.043497]
[42.520195, -83.043497]
[42.520195, -83.043497]
[42.520195, -83.043497]
[42.520195, -83.043497]
[42.520195, -83.043497]
[42.520195, -83.043497]
[42.520195, -83.043497]
[42.520195, -83.043497]
[42.520196, -83.043497]
[42.520196, -83.043497]
[42.520196, -83.043497]
[42.520196, -83.043497]
[42.520196, -83.043497]
[42.520196, -83.043497]
[42.520196, -83.043497]
[42.520196, -83.043497]
[42.520196, -83.043497]
[42.520196, -83.043497]
[42.520196, -83.043497]
[42.520196, -83.043497]
[42.520196, -83.043497]
[42.520196, -83.043497]
[42.520196, -83.043497]
[42.520196, -83.043497]
[42.520196, -83.043497]
[42.520196, -83.043497]
[42.520196, -83.043497]
[42.520196, -83.043497]
[42.520196, -83.043497]
[42.520196, -83.043497]
[42.520196, -83.043497]
[42.520196, -83.043497]
[42.520196, -83.043497]
[42.520196, -83.043497]
[42.520196, -83.043497]
[42.520196, -83.043497]
[42.520196, -83.043497]
[42.520196, -83.043497]
[42.520196, -83.043497]
[42.520196, -83.043497]
[42.520196, -83.043497]
[42.520196, -83.043497]
[42.520196, -83.043497]
[42.520196, -83.043496]
[42.520196, -83.043496]
[42.520196, -83.043496]
[42.520196, -83.043496]
[42.520196, -83.043496]
[42.520196, -83.043496]
[42.520196, -83.043496]
[42.520196, -83.043496]
[42.520196, -83.043496]
[42.520196, -83.043496]
[42.520196, -83.043496]
[42.520196, -83.043496]
[42.520196, -83.043496]
[42.520197, -83.043496]
[42.520197, -83.043496]
[42.520197, -83.043496]
[42.520197, -83.043496]
[42.520197, -83.043496]
[42.520197, -83.043496]
[42.520197, -83.043496]
[42.520197, -83.043496]
[42.520197, -83.043496]
[42.520197, -83.043496]
[42.520197, -83.043496]
[42.520197, -83.043496]
[42.520197, -83.043496]
[42.520197, -83.043496]
[42.520197, -83.043496]
[42.520197, -83.043496]
[42.520197, -83.043496]
[42.520197, -83.043496]
[42.520197, -83.043496]
[42.520197, -83.043496]
[42.520197, -83.043496]
[42.520197, -83.043495]
[42.520197, -83.043495]
[42.520197, -83.043495]
[42.520197, -83.043495]
[42.520197, -83.043495]
[42.520197, -83.043495]
[42.520197, -83.043495]
[42.520197, -83.043495]
[42.520197, -83.043495]
[42.520197, -83.043495]
[42.520197, -83.043495]
[42.520197, -83.043495]
[42.520197, -83.043495]
[42.520197, -83.043495]
[42.520197, -83.043495]
[42.520197, -83.043495]
[42.520196, -83.043495]
[42.520196, -83.043495]
[42.520197, -83.043495]
[42.520197, -83.043495]
[42.520197, -83.043495]
[42.520197, -83.043495]
[42.520197, -83.043495]
[42.520197, -83.043495]
[42.520197, -83.043495]
[42.520197, -83.043495]
[42.520197, -83.043495]
[42.520197, -83.043495]
[42.520197, -83.043494]
[42.520197, -83.043494]
[42.520197, -83.043494]
[42.520197, -83.043494]
[42.520197, -83.043494]
[42.520197, -83.043494]
[42.520197, -83.043494]
[42.520197, -83.043494]
[42.520197, -83.043494]
[42.520197, -83.043494]
[42.520197, -83.043494]
[42.520197, -83.043494]
[42.520197, -83.043494]
[42.520197, -83.043494]
[42.520197, -83.043494]
[42.520197, -83.043494]
[42.520197, -83.043494]
[42.520197, -83.043494]
[42.520197, -83.043494]
[42.520197, -83.043494]
[42.520197, -83.043494]
[42.520197, -83.043494]
[42.520197, -83.043494]
[42.520196, -83.043494]
[42.520196, -83.043494]
[42.520196, -83.043494]
[42.520196, -83.043494]
[42.520196, -83.043494]
[42.520196, -83.043494]
[42.520196, -83.043494]
[42.520196, -83.043494]
[42.520196, -83.043494]
[42.520196, -83.043494]
[42.520196, -83.043495]
[42.520196, -83.043495]
[42.520196, -83.043495]
[42.520196, -83.043495]
[42.520196, -83.043495]
[42.520195, -83.043495]
[42.520195, -83.043495]
[42.520195, -83.043495]
[42.520195, -83.043495]
[42.520195, -83.043495]
[42.520195, -83.043495]
[42.520195, -83.043495]
[42.520195, -83.043495]
[42.520195, -83.043495]
[42.520195, -83.043495]
[42.520195, -83.043494]
[42.520195, -83.043494]
[42.520195, -83.043494]
[42.520195, -83.043494]
[42.520195, -83.043492]
[42.520195, -83.043490]
[42.520195, -83.043488]
[42.520194, -83.043483]
[42.520194, -83.043479]
[42.520193, -83.043472]
[42.520193, -83.043466]
[42.520192, -83.043458]
[42.520192, -83.043452]
[42.520192, -83.043442]
[42.520192, -83.043437]
[42.520192, -83.043433]
[42.520192, -83.043432]
[42.520192, -83.043432]
[42.520192, -83.043432]
[42.520192, -83.043432]
[42.520192, -83.043432]
[42.520192, -83.043432]
[42.520192, -83.043432]
[42.520192, -83.043432]
[42.520191, -83.043432]
[42.520192, -83.043432]
[42.520192, -83.043432]
[42.520192, -83.043432]
[42.520192, -83.043432]
[42.520192, -83.043432]
[42.520192, -83.043432]
[42.520192, -83.043432]
[42.520192, -83.043432]
[42.520192, -83.043432]
[42.520192, -83.043432]
[42.520192, -83.043432]
[42.520192, -83.043432]
[42.520192, -83.043434]
[42.520192, -83.043436]
[42.520192, -83.043437]
[42.520191, -83.043443]
[42.520191, -83.043445]
[42.520192, -83.043453]
[42.520192, -83.043458]
[42.520192, -83.043463]
[42.520192, -83.043471]
[42.520193, -83.043476]
[42.520193, -83.043484]
[42.520193, -83.043489]
[42.520193, -83.043497]
[42.520193, -83.043503]
[42.520193, -83.043508]
[42.520193, -83.043516]
[42.520193, -83.043524]
[42.520193, -83.043532]
[42.520193, -83.043537]
[42.520194, -83.043540]
[42.520194, -83.043546]
[42.520194, -83.043546]
[42.520193, -83.043546]
[42.520193, -83.043546]
[42.520193, -83.043546]
[42.520193, -83.043546]
[42.520193, -83.043546]
[42.520193, -83.043546]
[42.520193, -83.043546]
[42.520193, -83.043546]
[42.520193, -83.043546]
[42.520193, -83.043546]
[42.520193, -83.043546]
[42.520193, -83.043545]
[42.520193, -83.043543]
[42.520193, -83.043538]
[42.520193, -83.043534]
[42.520193, -83.043529]
[42.520193, -83.043521]
[42.520192, -83.043511]
[42.520192, -83.043505]
[42.520192, -83.043496]
[42.520192, -83.043495]
[42.520192, -83.043495]
[42.520192, -83.043495]
[42.520192, -83.043495]
[42.520192, -83.043495]
[42.520192, -83.043495]
[42.520192, -83.043495]
[42.520192, -83.043495]
[42.520192, -83.043495]
[42.520192, -83.043495]
[42.520192, -83.043495]
[42.520192, -83.043495]
[42.520192, -83.043495]
[42.520192, -83.043495]
[42.520192, -83.043495]
[42.520192, -83.043495]
[42.520192, -83.043495]
[42.520192, -83.043495]
[42.520192, -83.043495]
[42.520192, -83.043495]
[42.520192, -83.043495]
[42.520192, -83.043495]
[42.520192, -83.043495]
[42.520192, -83.043495]
[42.520192, -83.043495]
[42.520192, -83.043495]
[42.520192, -83.043495]
[42.520192, -83.043495]
[42.520192, -83.043495]
[42.520192, -83.043495]
[42.520191, -83.043495]
[42.520192, -83.043495]
[42.520192, -83.043495]
[42.520192, -83.043495]
[42.520192, -83.043495]
[42.520192, -83.043495]
[42.520192, -83.043495]
[42.520192, -83.043495]
[42.520192, -83.043495]
[42.520192, -83.043495]
[42.520192, -83.043495]
[42.520192, -83.043495]
[42.520192, -83.043495]
[42.520192, -83.043495]
[42.520192, -83.043495]
[42.520192, -83.043494]
[42.520192, -83.043494]
[42.520192, -83.043494]
[42.520192, -83.043494]
[42.520192, -83.043494]
[42.520192, -83.043494]
[42.520192, -83.043494]
[42.520192, -83.043494]
[42.520192, -83.043494]
[42.520192, -83.043494]
[42.520192, -83.043494]
[42.520192, -83.043494]
[42.520192, -83.043494]
[42.520191, -83.043494]
[42.520191, -83.043494]
[42.520191, -83.043494]
[42.520192, -83.043494]
[42.520192, -83.043494]
[42.520192, -83.043494]
[42.520192, -83.043494]
[42.520192, -83.043494]
[42.520192, -83.043494]
[42.520192, -83.043495]
[42.520192, -83.043495]
[42.520192, -83.043495]
[42.520192, -83.043495]
[42.520192, -83.043494]
[42.520192, -83.043494]
[42.520192, -83.043494]
[42.520192, -83.043494]
[42.520192, -83.043494]
[42.520192, -83.043494]
[42.520192, -83.043494]
[42.520192, -83.043495]
[42.520192, -83.043495]
[42.520192, -83.043495]
[42.520192, -83.043495]
[42.520192, -83.043495]
[42.520192, -83.043495]
[42.520192, -83.043495]
[42.520192, -83.043495]
[42.520192, -83.043495]
[42.520192, -83.043495]
[42.520192, -83.043495]
[42.520192, -83.043495]
[42.520192, -83.043495]
[42.520192, -83.043495]
[42.520192, -83.043495]
[42.520192, -83.043495]
[42.520192, -83.043495]
[42.520192, -83.043495]
[42.520192, -83.043495]
[42.520192, -83.043495]
[42.520192, -83.043495]
[42.520192, -83.043496]
[42.520192, -83.043496]
[42.520191, -83.043496]
[42.520191, -83.043496]
[42.520191, -83.043496]
[42.520191, -83.043496]
[42.520191, -83.043496]
[42.520191, -83.043496]
[42.520191, -83.043496]
[42.520191, -83.043496]
[42.520191, -83.043496]
[42.520191, -83.043496]
[42.520191, -83.043496]
[42.520191, -83.043496]
[42.520191, -83.043496]
[42.520191, -83.043496]
[42.520191, -83.043496]
[42.520191, -83.043496]
[42.520191, -83.043496]
[42.520191, -83.043496]
[42.520191, -83.043496]
[42.520191, -83.043496]
[42.520191, -83.043496]
[42.520191, -83.043496]
[42.520190, -83.043496]
[42.520190, -83.043496]
[42.520190, -83.043496]
[42.520190, -83.043496]
[42.520190, -83.043496]
[42.520190, -83.043497]
[42.520190, -83.043497]
[42.520190, -83.043497]
[42.520190, -83.043497]
[42.520190, -83.043497]
[42.520190, -83.043497]
[42.520190, -83.043497]
[42.520190, -83.043497]
[42.520190, -83.043497]
[42.520190, -83.043496]
[42.520190, -83.043496]
[42.520190, -83.043496]
[42.520190, -83.043496]
[42.520190, -83.043496]
[42.520190, -83.043496]
[42.520190, -83.043496]
[42.520190, -83.043496]
[42.520190, -83.043496]
[42.520190, -83.043496]
[42.520190, -83.043496]
[42.520190, -83.043496]
[42.520190, -83.043496]
[42.520190, -83.043496]
[42.520190, -83.043496]
[42.520191, -83.043496]
[42.520191, -83.043496]
[42.520191, -83.043496]
[42.520191, -83.043496]
[42.520191, -83.043496]
[42.520191, -83.043496]
[42.520191, -83.043496]
[42.520191, -83.043496]
[42.520191, -83.043496]
[42.520191, -83.043496]
[42.520191, -83.043496]
[42.520190, -83.043496]
[42.520190, -83.043496]
[42.520190, -83.043496]
[42.520190, -83.043496]
[42.520190, -83.043496]
[42.520190, -83.043496]
[42.520190, -83.043496]
[42.520190, -83.043496]
--start execution--
--stop execution--
[42.520296, -83.043384]
[42.520296, -83.043384]
[42.520296, -83.043384]
[42.520296, -83.043384]
[42.520296, -83.043384]
[42.520296, -83.043384]
[42.520296, -83.043384]
[42.520296, -83.043384]
[42.520296, -83.043384]
[42.520296, -83.043384]
[42.520296, -83.043384]
[42.520296, -83.043384]
[42.520296, -83.043384]
[42.520296, -83.043384]
[42.520296, -83.043384]
[42.520296, -83.043384]
[42.520296, -83.043384]
[42.520296, -83.043384]
[42.520296, -83.043384]
[42.520296, -83.043384]
[42.520296, -83.043384]
[42.520296, -83.043384]
[42.520296, -83.043384]
[42.520296, -83.043384]
[42.520296, -83.043384]
[42.520296, -83.043384]
[42.520296, -83.043384]
[42.520296, -83.043384]
[42.520296, -83.043384]
[42.520296, -83.043384]
[42.520296, -83.043384]
[42.520296, -83.043384]
[42.520296, -83.043383]
[42.520296, -83.043383]
[42.520296, -83.043383]
[42.520296, -83.043383]
[42.520296, -83.043383]
[42.520296, -83.043383]
[42.520296, -83.043383]
[42.520296, -83.043383]
[42.520296, -83.043383]
[42.520296, -83.043383]
[42.520296, -83.043383]
[42.520296, -83.043383]
[42.520296, -83.043383]
[42.520296, -83.043383]
[42.520296, -83.043383]
[42.520296, -83.043383]
[42.520296, -83.043383]
[42.520296, -83.043383]
[42.520296, -83.043383]
[42.520296, -83.043383]
[42.520296, -83.043383]
[42.520296, -83.043383]
[42.520296, -83.043383]
[42.520296, -83.043383]
[42.520296, -83.043383]
[42.520296, -83.043383]
[42.520296, -83.043383]
[42.520296, -83.043383]
[42.520296, -83.043383]
[42.520296, -83.043383]
[42.520296, -83.043383]
[42.520296, -83.043383]
[42.520296, -83.043383]
[42.520296, -83.043383]
[42.520296, -83.043383]
[42.520296, -83.043383]
[42.520296, -83.043383]
[42.520296, -83.043383]
[42.520296, -83.043383]
[42.520296, -83.043383]
[42.520296, -83.043383]
[42.520296, -83.043383]
[42.520296, -83.043383]
[42.520296, -83.043383]
[42.520296, -83.043383]
[42.520296, -83.043383]
[42.520296, -83.043383]
[42.520296, -83.043383]
[42.520296, -83.043383]
[42.520296, -83.043383]
[42.520296, -83.043383]
[42.520296, -83.043383]
[42.520296, -83.043383]
[42.520296, -83.043384]
[42.520296, -83.043384]
[42.520296, -83.043384]
[42.520296, -83.043384]
[42.520296, -83.043384]
[42.520296, -83.043384]
[42.520296, -83.043384]
[42.520296, -83.043384]
[42.520296, -83.043384]
[42.520296, -83.043384]
[42.520296, -83.043384]
[42.520296, -83.043384]
[42.520296, -83.043384]
[42.520296, -83.043384]
[42.520296, -83.043384]
[42.520296, -83.043384]
[42.520296, -83.043384]
[42.520296, -83.043385]
[42.520296, -83.043385]
[42.520296, -83.043385]
[42.520296, -83.043385]
[42.520296, -83.043385]
[42.520296, -83.043385]
[42.520296, -83.043385]
[42.520296, -83.043385]
[42.520296, -83.043385]
[42.520296, -83.043385]
[42.520296, -83.043385]
[42.520296, -83.043385]
[42.520296, -83.043385]
[42.520296, -83.043385]
[42.520296, -83.043385]
[42.520296, -83.043385]
[42.520296, -83.043385]
[42.520296, -83.043385]
[42.520296, -83.043385]
[42.520296, -83.043385]
[42.520296, -83.043385]
[42.520296, -83.043385]
[42.520296, -83.043385]
[42.520296, -83.043385]
[42.520296, -83.043385]
[42.520296, -83.043385]
[42.520296, -83.043385]
[42.520296, -83.043385]
[42.520296, -83.043385]
[42.520296, -83.043385]
[42.520296, -83.043385]
[42.520296, -83.043385]
[42.520297, -83.043385]
[42.520297, -83.043385]
[42.520297, -83.043385]
[42.520297, -83.043385]
[42.520297, -83.043385]
[42.520297, -83.043385]
[42.520297, -83.043385]
[42.520297, -83.043385]
[42.520297, -83.043385]
[42.520297, -83.043385]
[42.520297, -83.043385]
[42.520297, -83.043385]
[42.520297, -83.043385]
[42.520297, -83.043385]
[42.520297, -83.043385]
[42.520297, -83.043385]
[42.520297, -83.043385]
[42.520297, -83.043385]
[42.520297, -83.043385]
[42.520297, -83.043385]
[42.520297, -83.043385]
[42.520296, -83.043385]
[42.520296, -83.043385]
[42.520296, -83.043385]
[42.520296, -83.043385]
[42.520296, -83.043385]
[42.520296, -83.043385]
[42.520296, -83.043385]
[42.520296, -83.043385]
[42.520296, -83.043385]
[42.520296, -83.043385]
[42.520296, -83.043385]
[42.520296, -83.043385]
[42.520296, -83.043385]
[42.520296, -83.043385]
[42.520296, -83.043385]
[42.520296, -83.043385]
[42.520295, -83.043385]
[42.520295, -83.043385]
[42.520295, -83.043385]
[42.520295, -83.043385]
[42.520295, -83.043385]
[42.520295, -83.043385]
[42.520295, -83.043385]
[42.520295, -83.043385]
[42.520295, -83.043385]
[42.520295, -83.043385]
[42.520295, -83.043385]
[42.520295, -83.043385]
[42.520295, -83.043385]
[42.520295, -83.043385]
[42.520295, -83.043384]
[42.520295, -83.043384]
[42.520294, -83.043384]
[42.520294, -83.043384]
[42.520294, -83.043384]
[42.520294, -83.043384]
[42.520294, -83.043384]
[42.520294, -83.043384]
[42.520294, -83.043384]
[42.520294, -83.043384]
[42.520294, -83.043384]
[42.520294, -83.043384]
[42.520294, -83.043384]
[42.520294, -83.043385]
[42.520294, -83.043384]
[42.520294, -83.043384]
[42.520294, -83.043384]
[42.520294, -83.043384]
[42.520294, -83.043384]
[42.520294, -83.043385]
[42.520294, -83.043385]
[42.520294, -83.043385]
[42.520294, -83.043385]
[42.520294, -83.043385]
[42.520294, -83.043385]
[42.520294, -83.043385]
[42.520294, -83.043385]
[42.520294, -83.043385]
[42.520294, -83.043385]
[42.520294, -83.043385]
[42.520294, -83.043385]
[42.520294, -83.043385]
[42.520294, -83.043385]
[42.520294, -83.043385]
[42.520294, -83.043385]
[42.520294, -83.043385]
[42.520294, -83.043385]
[42.520294, -83.043385]
[42.520294, -83.043385]
[42.520294, -83.043385]
[42.520294, -83.043385]
[42.520294, -83.043385]
[42.520294, -83.043385]
[42.520294, -83.043385]
[42.520294, -83.043385]
[42.520294, -83.043385]
[42.520294, -83.043385]
[42.520294, -83.043385]
[42.520294, -83.043385]
[42.520294, -83.043385]
[42.520294, -83.043385]
[42.520294, -83.043385]
[42.520294, -83.043385]
[42.520294, -83.043385]
[42.520294, -83.043385]
[42.520294, -83.043385]
[42.520294, -83.043385]
[42.520294, -83.043385]
[42.520294, -83.043385]
[42.520294, -83.043385]
[42.520294, -83.043385]
[42.520294, -83.043385]
[42.520294, -83.043385]
[42.520294, -83.043385]
[42.520294, -83.043385]
[42.520293, -83.043385]
[42.520293, -83.043385]
[42.520293, -83.043385]
[42.520293, -83.043385]
[42.520293, -83.043385]
[42.520293, -83.043385]
[42.520293, -83.043385]
[42.520293, -83.043385]
[42.520293, -83.043385]
