--start--
92.71
92.71
92.71
92.71
92.71
92.71
92.71
92.71
94.88
94.88
97.62
97.62
96.55
96.55
91.94
91.94
86.46
86.46
80.41
80.41
74.82
74.82
69.05
69.05
64.12
64.12
59.45
59.45
55.10
55.10
50.42
50.42
46.25
46.25
41.58
41.58
37.16
37.16
32.28
32.28
27.54
27.54
23.14
23.14
19.27
19.27
16.38
16.38
13.91
13.91
12.27
12.27
10.98
10.98
10.05
10.05
9.38
9.38
8.78
8.78
8.42
8.42
8.14
8.14
7.97
7.97
7.86
7.86
7.82
7.82
7.82
7.82
--stop--
7.83
7.83
7.84
7.84
7.80
7.80
7.76
7.76
7.76
7.76
7.76
7.76
7.75
7.75
7.72
7.72
7.71
7.71
7.71
7.71
7.70
7.70
7.70
7.70
7.70
7.70
7.70
7.70
7.70
7.70
7.70
7.70
7.70
7.70
7.70
7.70
7.70
7.70
7.70
7.70
7.70
7.70
7.70
7.70
7.70
7.70
7.70
7.70
7.70
7.70
7.70
7.70
7.70
7.70
7.70
7.70
7.70
7.70
7.70
7.70
7.70
7.70
7.70
7.70
7.70
7.70
7.70
7.70
7.70
7.70
7.70
7.70
7.70
7.70
7.70
7.70
7.70
7.70
7.70
7.70
7.70
7.70
7.70
7.70
7.70
7.70
7.70
7.70
7.70
7.70
7.70
7.70
7.70
7.70
7.70
7.70
7.70
7.70
7.70
7.70
7.70
7.70
7.70
7.70
7.70
7.70
7.70
7.70
7.70
7.70
7.70
7.70
7.70
7.70
7.70
7.70
7.70
7.70
7.70
7.70
7.70
7.70
7.70
7.70
7.70
7.70
7.70
7.70
7.70
7.70
7.70
7.70
7.70
7.70
7.70
7.70
7.70
7.70
7.70
7.70
7.70
7.70
7.70
7.70
7.70
7.70
7.70
7.70
7.70
7.70
7.70
7.70
7.70
7.70
7.70
7.70
7.70
7.70
7.70
7.70
7.70
7.70
7.70
7.70
7.70
7.70
7.70
7.70
7.70
7.70
7.70
7.70
7.70
7.70
7.70
7.70
7.70
7.70
7.70
7.70
7.70
7.70
7.70
7.70
7.70
7.70
7.70
7.70
7.70
7.70
7.70
7.70
7.70
7.70
7.70
7.70
7.70
7.70
7.70
7.70
7.70
7.70
7.70
7.70
7.70
7.70
7.70
7.70
7.70
7.70
7.70
7.70
7.70
7.70
7.70
7.70
7.70
7.70
7.70
7.70
7.70
7.70
7.70
7.70
7.70
7.70
7.70
7.70
7.70
7.70
7.70
7.70
7.70
7.70
7.70
7.70
7.70
7.70
7.70
7.70
7.70
7.70
7.70
7.70
7.70
7.70
7.70
7.70
7.70
7.70
7.70
7.70
7.70
7.70
7.70
7.70
7.70
7.70
7.70
7.70
7.70
7.70
7.70
7.70
7.70
7.70
7.70
7.70
7.70
7.70
7.70
7.70
7.70
7.70
7.70
7.70
7.70
7.70
7.70
7.70
7.70
7.70
7.70
7.70
7.70
7.70
7.70
7.70
7.70
7.70
7.70
7.70
7.70
7.70
7.70
7.70
7.70
7.70
7.70
7.70
7.70
7.70
7.70
7.70
7.70
7.70
7.70
