[
  [
    0.0,
    0.0,
    82.86,
    "f"
  ],
  [
    0.11748169460316216,
    0.014716416008036132,
    82.86,
    "f"
  ],
  [
    0.2294581114947661,
    0.028743210051418725,
    82.86,
    "f"
  ],
  [
    0.33604276155546253,
    0.042094601139728266,
    82.86,
    "f"
  ],
  [
    0.4373491556659021,
    0.05478480828254524,
    82.86,
    "f"
  ],
  [
    0.5334908047067357,
    0.06682805048945015,
    82.86,
    "f"
  ],
  [
    0.6245812195586138,
    0.07823854677002344,
    82.86,
    "f"
  ],
  [
    0.7107339111021873,
    0.08903051613384567,
    82.86,
    "f"
  ],
  [
    0.7920623902181066,
    0.09921817759049727,
    82.86,
    "f"
  ],
  [
    0.8686801677870223,
    0.10881575014955866,
    82.86,
    "f"
  ],
  [
    0.9407007546895857,
    0.11783745282061048,
    82.86,
    "f"
  ],
  [
    1.008237661806447,
    0.1262975046132331,
    82.86,
    "f"
  ],
  [
    1.0714044000182565,
    0.134210124537007,
    82.86,
    "f"
  ],
  [
    1.130314480205666,
    0.14158953160151277,
    82.86,
    "f"
  ],
  [
    1.1850814132493248,
    0.14844994481633075,
    82.86,
    "f"
  ],
  [
    1.2358187100298852,
    0.15480558319104162,
    82.86,
    "f"
  ],
  [
    1.2826398814279958,
    0.1606706657352256,
    82.86,
    "f"
  ],
  [
    1.3256584383243095,
    0.16605941145846342,
    82.86,
    "f"
  ],
  [
    1.3649878915994755,
    0.17098603937033544,
    82.86,
    "f"
  ],
  [
    1.4007417521341454,
    0.17546476848042222,
    82.86,
    "f"
  ],
  [
    1.4330335308089692,
    0.1795098177983042,
    82.86,
    "f"
  ],
  [
    1.4619767385045976,
    0.18313540633356176,
    82.86,
    "f"
  ],
  [
    1.4876848861016816,
    0.1863557530957756,
    82.86,
    "f"
  ],
  [
    1.5102714844808716,
    0.18918507709452598,
    82.86,
    "f"
  ],
  [
    1.5298500445228191,
    0.19163759733939362,
    82.86,
    "f"
  ],
  [
    1.5465340771081735,
    0.1937275328399588,
    82.86,
    "f"
  ],
  [
    1.5604370931175868,
    0.19546910260580222,
    82.86,
    "f"
  ],
  [
    1.5716726034317088,
    0.19687652564650415,
    82.86,
    "f"
  ],
  [
    1.5803541189311898,
    0.19796402097164512,
    82.86,
    "f"
  ],
  [
    1.5865951504966813,
    0.19874580759080568,
    82.86,
    "f"
  ],
  [
    1.5905092090088346,
    0.19923610451356633,
    82.86,
    "f"
  ],
  [
    1.5922098053482987,
    0.19944913074950746,
    82.86,
    "f"
  ],
  [
    1.5918104503957249,
    0.19939910530820962,
    82.86,
    "f"
  ],
  [
    1.5894246550317652,
    0.1991002471992534,
    82.86,
    "f"
  ],
  [
    1.5851659301370693,
    0.19856677543221912,
    82.86,
    "f"
  ],
  [
    1.579147786592287,
    0.19781290901668727,
    82.86,
    "f"
  ],
  [
    1.5714837352780695,
    0.1968528669622384,
    82.86,
    "f"
  ],
  [
    1.5622872870750684,
    0.19570086827845298,
    82.86,
    "f"
  ],
  [
    1.5516719528639336,
    0.1943711319749115,
    82.86,
    "f"
  ],
  [
    1.5397512435253153,
    0.19287787706119436,
    82.86,
    "f"
  ],
  [
    1.5266386699398662,
    0.1912353225468823,
    82.86,
    "f"
  ],
  [
    1.5124477429882348,
    0.18945768744155553,
    82.86,
    "f"
  ],
  [
    1.4972919735510721,
    0.18755919075479455,
    82.86,
    "f"
  ],
  [
    1.4812848725090297,
    0.18555405149618004,
    82.86,
    "f"
  ],
  [
    1.4645399507427586,
    0.18345648867529243,
    82.86,
    "f"
  ],
  [
    1.4471707191329077,
    0.18128072130171205,
    82.86,
    "f"
  ],
  [
    1.4292906885601289,
    0.17904096838501946,
    82.86,
    "f"
  ],
  [
    1.411013369905073,
    0.17675144893479522,
    82.86,
    "f"
  ],
  [
    1.3924522740483904,
    0.1744263819606198,
    82.86,
    "f"
  ],
  [
    1.3737209118707319,
    0.17207998647207362,
    82.86,
    "f"
  ],
  [
    1.3549327942527476,
    0.1697264814787372,
    82.86,
    "f"
  ],
  [
    1.3362014320750888,
    0.167380085990191,
    82.86,
    "f"
  ],
  [
    1.317640336218406,
    0.16505501901601555,
    82.86,
    "f"
  ],
  [
    1.2993630175633502,
    0.1627654995657913,
    82.86,
    "f"
  ],
  [
    1.2814829869905715,
    0.16052574664909877,
    82.86,
    "f"
  ],
  [
    1.2641137553807213,
    0.15834997927551844,
    82.86,
    "f"
  ],
  [
    1.2473688336144493,
    0.15625241645463073,
    82.86,
    "f"
  ],
  [
    1.231361732572407,
    0.15424727719601627,
    82.86,
    "f"
  ],
  [
    1.216205963135245,
    0.15234878050925538,
    82.86,
    "f"
  ],
  [
    1.2020150361836133,
    0.15057114540392857,
    82.86,
    "f"
  ],
  [
    1.1889024625981635,
    0.1489285908896164,
    82.86,
    "f"
  ],
  [
    1.1769817532595457,
    0.14743533597589933,
    82.86,
    "f"
  ],
  [
    1.166366419048411,
    0.14610559967235787,
    82.86,
    "f"
  ],
  [
    1.15716997084541,
    0.14495360098857246,
    82.86,
    "f"
  ],
  [
    1.1495059195311925,
    0.14399355893412358,
    82.86,
    "f"
  ],
  [
    1.1434877759864104,
    0.14323969251859173,
    82.86,
    "f"
  ],
  [
    1.1392290510917145,
    0.14270622075155748,
    82.86,
    "f"
  ],
  [
    1.1368432557277541,
    0.14240736264260115,
    82.86,
    "f"
  ],
  [
    1.1364439007751805,
    0.14235733720130334,
    82.86,
    "f"
  ],
  [
    1.1381444971146448,
    0.1425703634372445,
    82.86,
    "f"
  ],
  [
    1.142058555626798,
    0.14306066036000514,
    82.86,
    "f"
  ],
  [
    1.1482995871922899,
    0.14384244697916576,
    82.86,
    "f"
  ],
  [
    1.156981102691771,
    0.14492994230430672,
    82.86,
    "f"
  ],
  [
    1.168216613005893,
    0.14633736534500866,
    82.86,
    "f"
  ],
  [
    1.1821196290153055,
    0.14807893511085196,
    82.86,
    "f"
  ],
  [
    1.1988036616006605,
    0.15016887061141723,
    82.86,
    "f"
  ],
  [
    1.2183822216426077,
    0.15262139085628482,
    82.86,
    "f"
  ],
  [
    1.240968820021798,
    0.15545071485503528,
    82.86,
    "f"
  ],
  [
    1.266676967618882,
    0.1586710616172491,
    82.86,
    "f"
  ],
  [
    1.2956201753145107,
    0.1622966501525067,
    82.86,
    "f"
  ],
  [
    1.3279119539893347,
    0.16634169947038868,
    82.86,
    "f"
  ],
  [
    1.363665814524004,
    0.17082042858047541,
    82.86,
    "f"
  ],
  [
    1.4029952677991704,
    0.17574705649234745,
    82.86,
    "f"
  ],
  [
    1.446013824695484,
    0.18113580221558526,
    82.86,
    "f"
  ],
  [
    1.4928349960935947,
    0.18700088475976925,
    82.86,
    "f"
  ],
  [
    1.5435722928741549,
    0.19335652313448012,
    82.86,
    "f"
  ],
  [
    1.598339225917814,
    0.2002169363492981,
    82.86,
    "f"
  ],
  [
    1.6572493061052236,
    0.20759634341380392,
    82.86,
    "f"
  ],
  [
    1.7204160443170333,
    0.21550896333757785,
    82.86,
    "f"
  ],
  [
    1.787952951433895,
    0.2239690151302005,
    82.86,
    "f"
  ],
  [
    1.8599735383364577,
    0.23299071780125225,
    82.86,
    "f"
  ],
  [
    1.9365913159053731,
    0.24258829036031365,
    82.86,
    "f"
  ],
  [
    2.0179197950212933,
    0.25277595181696527,
    82.86,
    "f"
  ],
  [
    2.104072486564866,
    0.2635679211807875,
    82.86,
    "f"
  ],
  [
    2.1951629014167446,
    0.27497841746136087,
    82.86,
    "f"
  ],
  [
    2.2913045504575775,
    0.28702165966826565,
    82.86,
    "f"
  ],
  [
    2.3926109445680175,
    0.29971186681108264,
    82.86,
    "f"
  ],
  [
    2.4991955946287145,
    0.31306325789939227,
    82.86,
    "f"
  ],
  [
    2.6111720115203174,
    0.32709005194277474,
    82.86,
    "f"
  ],
  [
    2.7286537061234797,
    0.3418064679508109,
    82.86,
    "f"
  ],
  [
    2.7286537061234797,
    0.3418064679508109,
    82.86,
    "f"
  ],
  [
    2.848934246117482,
    0.35726428892504064,
    82.49304799992272,
    "f"
  ],
  [
    2.9692153524272515,
    0.3735097216840557,
    82.12248677314288,
    "f"
  ],
  [
    3.0894727658019123,
    0.39054862096301407,
    81.74814290093332,
    "f"
  ],
  [
    3.2096822269905827,
    0.40838684149707344,
    81.36984111947407,
    "f"
  ],
  [
    3.329819476742386,
    0.42703023802139195,
    80.98740414814137,
    "f"
  ],
  [
    3.449860255806444,
    0.44648466527112735,
    80.60065252200377,
    "f"
  ],
  [
    3.5697803049318764,
    0.46675597798143753,
    80.20940442854317,
    "f"
  ],
  [
    3.689555364867806,
    0.48785003088748036,
    79.81347554867847,
    "f"
  ],
  [
    3.8091611763633524,
    0.5097726787244138,
    79.41267890223298,
    "f"
  ],
  [
    3.928573480167639,
    0.5325297762273956,
    79.00682469805162,
    "f"
  ],
  [
    4.047768017029786,
    0.556127178131584,
    78.59572018904458,
    "f"
  ],
  [
    4.1667205276989145,
    0.5805707391721364,
    78.17916953250551,
    "f"
  ],
  [
    4.285406752924148,
    0.6058663140842113,
    77.7569736561316,
    "f"
  ],
  [
    4.403802433454604,
    0.632019757602966,
    77.32893013025512,
    "f"
  ],
  [
    4.521883310039408,
    0.6590369244635588,
    76.89483304688378,
    "f"
  ],
  [
    4.639625123427677,
    0.6869236694011471,
    76.45447290624202,
    "f"
  ],
  [
    4.7570036143685375,
    0.7156858471508896,
    76.00763651160605,
    "f"
  ],
  [
    4.873994523611105,
    0.7453293124479432,
    75.55410687333233,
    "f"
  ],
  [
    4.990573591904506,
    0.7758599200274666,
    75.09366312309527,
    "f"
  ],
  [
    5.106716559997861,
    0.8072835246246176,
    74.62608043947245,
    "f"
  ],
  [
    5.222399168640287,
    0.8396059809745534,
    74.151129986147,
    "f"
  ],
  [
    5.337597158580909,
    0.8728331438124326,
    73.66857886413652,
    "f"
  ],
  [
    5.452286270568849,
    0.906970867873413,
    73.17819007960833,
    "f"
  ],
  [
    5.566442245353229,
    0.9420250078926523,
    72.67972252899597,
    "f"
  ],
  [
    5.680040823683166,
    0.9780014186053085,
    72.17293100330329,
    "f"
  ],
  [
    5.793057746307785,
    1.0149059547465396,
    71.65756621365574,
    "f"
  ],
  [
    5.905468753976208,
    1.0527444710515033,
    71.13337484034537,
    "f"
  ],
  [
    6.017249587437551,
    1.0915228222553572,
    70.60009960781133,
    "f"
  ],
  [
    6.12837598744094,
    1.1312468630932597,
    70.05747938819837,
    "f"
  ],
  [
    6.238823694735497,
    1.1719224483003687,
    69.5052493363454,
    "f"
  ],
  [
    6.348568450070339,
    1.2135554326118416,
    68.94314105927151,
    "f"
  ],
  [
    6.457585994194592,
    1.2561516707628368,
    68.37088282344587,
    "f"
  ],
  [
    6.565852067857378,
    1.2997170174885124,
    67.78819980334697,
    "f"
  ],
  [
    6.673342411807813,
    1.3442573275240255,
    67.19481437503799,
    "f"
  ],
  [
    6.780032766795021,
    1.3897784556045343,
    66.59044645869926,
    "f"
  ],
  [
    6.885898873568124,
    1.4362862564651968,
    65.97481391426521,
    "f"
  ],
  [
    6.9909164728762425,
    1.4837865848411713,
    65.34763299450799,
    "f"
  ],
  [
    7.0950613054685,
    1.5322852954676152,
    64.7086188600818,
    "f"
  ],
  [
    7.198309112094012,
    1.5817882430796855,
    64.05748616119291,
    "f"
  ],
  [
    7.300635633501907,
    1.632301282412542,
    63.39394969067348,
    "f"
  ],
  [
    7.402016610441303,
    1.6838302682013415,
    62.717725113309484,
    "f"
  ],
  [
    7.502427783661321,
    1.7363810551812418,
    62.02852977629436,
    "f"
  ],
  [
    7.601844893911083,
    1.7899594980874012,
    61.3260836056333,
    "f"
  ],
  [
    7.700243681939713,
    1.8445714516549776,
    60.6101100932043,
    "f"
  ],
  [
    7.797599888496325,
    1.9002227706191284,
    59.880337378970125,
    "f"
  ],
  [
    7.8938892543300465,
    1.9569193097150117,
    59.136499432519884,
    "f"
  ],
  [
    7.98908752019,
    2.014666923677786,
    58.37833733768099,
    "f"
  ],
  [
    8.083170426825303,
    2.0734714672426082,
    57.605600683370085,
    "f"
  ],
  [
    8.176113714985078,
    2.133338795144637,
    56.818049063119474,
    "f"
  ],
  [
    8.267893125418446,
    2.1942747621190297,
    56.01545368481902,
    "f"
  ],
  [
    8.35848439887453,
    2.2562852229009454,
    55.197599091122186,
    "f"
  ],
  [
    8.44786327610245,
    2.3193760322255397,
    54.364284989674445,
    "f"
  ],
  [
    8.536005497851326,
    2.3835530448279725,
    53.51532819081376,
    "f"
  ],
  [
    8.622886804870282,
    2.4488221154434013,
    52.65056464865734,
    "f"
  ],
  [
    8.708482937908437,
    2.5151890988069834,
    51.76985159951823,
    "f"
  ],
  [
    8.792769637714917,
    2.5826598496538775,
    50.87306978939358,
    "f"
  ],
  [
    8.875722645038836,
    2.65124022271924,
    49.96012577983083,
    "f"
  ],
  [
    8.957317700629325,
    2.7209360727382306,
    49.030954318830595,
    "f"
  ],
  [
    9.037530545235493,
    2.7917532544460064,
    48.08552076060283,
    "f"
  ],
  [
    9.11633691960647,
    2.8636976225777246,
    47.12382351499207,
    "f"
  ],
  [
    9.19371256449138,
    2.936775031868545,
    46.14589650427399,
    "f"
  ],
  [
    9.269633220639333,
    3.010991337053623,
    45.15181160185847,
    "f"
  ],
  [
    9.344074628799461,
    3.086352392868119,
    44.1416810242859,
    "f"
  ],
  [
    9.41701252972088,
    3.1628640540471893,
    43.11565964485925,
    "f"
  ],
  [
    9.488422664152713,
    3.2405321753259915,
    42.07394719442067,
    "f"
  ],
  [
    9.558280772844082,
    3.319362611439685,
    41.016790312258024,
    "f"
  ],
  [
    9.626562596544106,
    3.3993612171234258,
    39.94448440805127,
    "f"
  ],
  [
    9.693243876001912,
    3.4805338471123743,
    38.857375294254325,
    "f"
  ],
  [
    9.758300351966614,
    3.5628863561416866,
    37.75586054749709,
    "f"
  ],
  [
    9.821707765187337,
    3.646424598946521,
    36.64039055760446,
    "f"
  ],
  [
    9.883441856413205,
    3.7311544302620345,
    35.51146922378763,
    "f"
  ],
  [
    9.94347836639333,
    3.8170817048233854,
    34.369654259566346,
    "f"
  ],
  [
    10.001793035876844,
    3.9042122773657337,
    33.21555707110622,
    "f"
  ],
  [
    10.058361605612863,
    3.992552002624234,
    32.049842177953906,
    "f"
  ],
  [
    10.11315981635051,
    4.082106735334047,
    30.873226150626863,
    "f"
  ],
  [
    10.166163408838905,
    4.172882330230329,
    29.68647604612937,
    "f"
  ],
  [
    10.21734812382717,
    4.264884642048237,
    28.49040733014266,
    "f"
  ],
  [
    10.266689702064426,
    4.358119525522932,
    27.285881283225933,
    "f"
  ],
  [
    10.314163884299798,
    4.452592835389569,
    26.073801897694864,
    "f"
  ],
  [
    10.359746411282401,
    4.548310426383308,
    24.855112281666607,
    "f"
  ],
  [
    10.40341302376136,
    4.645278153239305,
    23.63079059681104,
    "f"
  ],
  [
    10.445139462485796,
    4.74350187069272,
    22.40184556631334,
    "f"
  ],
  [
    10.484901468204832,
    4.842987433478708,
    21.169311599112575,
    "f"
  ],
  [
    10.522674781667584,
    4.943740696332428,
    19.934243585300806,
    "f"
  ],
  [
    10.55843514362318,
    5.04576751398904,
    18.697711425336763,
    "f"
  ],
  [
    10.592158294820738,
    5.149073741183699,
    17.4607943621495,
    "f"
  ],
  [
    10.62381997600938,
    5.253665232651567,
    16.224575190039047,
    "f"
  ],
  [
    10.653395927938226,
    5.359547843127796,
    14.99013441733706,
    "f"
  ],
  [
    10.680861891356399,
    5.466727427347549,
    13.758544460942403,
    "f"
  ],
  [
    10.706193607013018,
    5.575209840045981,
    12.530863950054993,
    "f"
  ],
  [
    10.729366815657206,
    5.68500093595825,
    11.308132213724605,
    "f"
  ],
  [
    10.750357258038088,
    5.796106569819516,
    10.09136402231826,
    "f"
  ],
  [
    10.76914067490478,
    5.908532596364934,
    8.881544646866075,
    "f"
  ],
  [
    10.785692807006404,
    6.022284870329666,
    7.679625292708067,
    "f"
  ],
  [
    10.799989395092084,
    6.137369246448865,
    6.486518955216809,
    "f"
  ],
  [
    10.812006179910938,
    6.253791579457692,
    5.303096735923646,
    "f"
  ],
  [
    10.82171890221209,
    6.3715577240913035,
    4.130184647462329,
    "f"
  ],
  [
    10.829103302744661,
    6.490673535084858,
    2.9685609256854946,
    "f"
  ],
  [
    10.834135122257772,
    6.611144867173515,
    1.8189538574218886,
    "f"
  ],
  [
    10.834135122257772,
    6.611144867173515,
    1.8189538574218886,
    "f"
  ],
  [
    10.837915011999472,
    6.73016877366681,
    1.8189533948988696,
    "f"
  ],
  [
    10.841561627993272,
    6.844996089808255,
    1.8189529080896136,
    "f"
  ],
  [
    10.845077718151513,
    6.955713343233975,
    1.818952395372662,
    "f"
  ],
  [
    10.848466030386513,
    7.062407061580086,
    1.8189518550004777,
    "f"
  ],
  [
    10.851729312610601,
    7.165163772482711,
    1.8189512850887581,
    "f"
  ],
  [
    10.854870312736107,
    7.264070003577971,
    1.8189506836056353,
    "f"
  ],
  [
    10.857891778675356,
    7.359212282501984,
    1.8189500483593974,
    "f"
  ],
  [
    10.860796458340678,
    7.450677136890874,
    1.81894937698587,
    "f"
  ],
  [
    10.863587099644398,
    7.538551094380756,
    1.8189486669346024,
    "f"
  ],
  [
    10.86626645049885,
    7.6229206826077585,
    1.8189479154551123,
    "f"
  ],
  [
    10.86883725881635,
    7.703872429207996,
    1.8189471195817646,
    "f"
  ],
  [
    10.871302272509238,
    7.781492861817591,
    1.818946276118595,
    "f"
  ],
  [
    10.873664239489841,
    7.855868508072667,
    1.8189453816240189,
    "f"
  ],
  [
    10.875925907670476,
    7.927085895609338,
    1.8189444323956536,
    "f"
  ],
  [
    10.878090024963477,
    7.995231552063729,
    1.8189434244554832,
    "f"
  ],
  [
    10.880159339281171,
    8.060392005071957,
    1.8189423535369542,
    "f"
  ],
  [
    10.882136598535896,
    8.122653782270152,
    1.8189412150732664,
    "f"
  ],
  [
    10.884024550639959,
    8.182103411294424,
    1.8189400041896988,
    "f"
  ],
  [
    10.885825943505704,
    8.238827419780899,
    1.8189387157005967,
    "f"
  ],
  [
    10.887543525045457,
    8.292912335365697,
    1.8189373441122711,
    "f"
  ],
  [
    10.889180043171534,
    8.344444685684934,
    1.8189358836359588,
    "f"
  ],
  [
    10.89073824579628,
    8.393510998374738,
    1.8189343282120376,
    "f"
  ],
  [
    10.892220880832006,
    8.440197801071221,
    1.8189326715506695,
    "f"
  ],
  [
    10.893630696191051,
    8.484591621410516,
    1.8189309071931348,
    "f"
  ],
  [
    10.894970439785741,
    8.526778987028731,
    1.8189290286001096,
    "f"
  ],
  [
    10.896242859528403,
    8.566846425561994,
    1.8189270292725723,
    "f"
  ],
  [
    10.897450703331364,
    8.604880464646424,
    1.8189249029161942,
    "f"
  ],
  [
    10.898596719106944,
    8.640967631918135,
    1.8189226436564354,
    "f"
  ],
  [
    10.899683654767482,
    8.675194455013258,
    1.8189202463163383,
    "f"
  ],
  [
    10.900714258225307,
    8.70764746156791,
    1.818917706768616,
    "f"
  ],
  [
    10.901691277392736,
    8.738413179218208,
    1.8189150223733463,
    "f"
  ],
  [
    10.9026174601821,
    8.767578135600274,
    1.8189121925114478,
    "f"
  ],
  [
    10.903495554505735,
    8.795228858350235,
    1.8189092192218936,
    "f"
  ],
  [
    10.904328308275963,
    8.821451875104206,
    1.8189061079428939,
    "f"
  ],
  [
    10.905118469405103,
    8.846333713498304,
    1.8189028683492552,
    "f"
  ],
  [
    10.9058687858055,
    8.869960901168653,
    1.8188995152625012,
    "f"
  ],
  [
    10.906582005389472,
    8.892419965751378,
    1.8188960695899823,
    "f"
  ],
  [
    10.907260876069346,
    8.913797434882593,
    1.8188925592245937,
    "f"
  ],
  [
    10.907908145757446,
    8.93417983619842,
    1.8188890198059653,
    "f"
  ],
  [
    10.908526562366113,
    8.953653697334984,
    1.8188854952120437,
    "f"
  ],
  [
    10.909118873807664,
    8.972305545928403,
    1.8188820376280432,
    "f"
  ],
  [
    10.909687827994427,
    8.990221909614792,
    1.818878707022236,
    "f"
  ],
  [
    10.910236172838735,
    9.00748931603028,
    1.8188755698727732,
    "f"
  ],
  [
    10.910766656252914,
    9.024194292810988,
    1.8188726970423659,
    "f"
  ],
  [
    10.911282026149289,
    9.040423367593029,
    1.8188701607793973,
    "f"
  ],
  [
    10.911785030440184,
    9.056263068012523,
    1.8188680309584697,
    "f"
  ],
  [
    10.912278417037943,
    9.071799921705601,
    1.8188663708252761,
    "f"
  ],
  [
    10.912764933854874,
    9.087120456308377,
    1.818865232653593,
    "f"
  ],
  [
    10.913247328803314,
    9.102311199456969,
    1.818864653819901,
    "f"
  ],
  [
    10.913728349795596,
    9.117458678787505,
    1.8188646538197872,
    "f"
  ],
  [
    10.914210744744034,
    9.132649421936097,
    1.8188652326534793,
    "f"
  ],
  [
    10.914697261560969,
    9.147969956538873,
    1.8188663708252193,
    "f"
  ],
  [
    10.91519064815872,
    9.16350681023195,
    1.8188680309584129,
    "f"
  ],
  [
    10.915693652449619,
    9.179346510651445,
    1.8188701607793973,
    "f"
  ],
  [
    10.916209022345999,
    9.195575585433488,
    1.8188726970423659,
    "f"
  ],
  [
    10.916739505760171,
    9.212280562214193,
    1.8188755698727732,
    "f"
  ],
  [
    10.91728785060448,
    9.229547968629682,
    1.8188787070221224,
    "f"
  ],
  [
    10.917856804791247,
    9.247464332316074,
    1.8188820376282138,
    "f"
  ],
  [
    10.918449116232797,
    9.266116180909492,
    1.8188854952121005,
    "f"
  ],
  [
    10.91906753284146,
    9.285590042046053,
    1.8188890198058516,
    "f"
  ],
  [
    10.919714802529565,
    9.305972443361883,
    1.8188925592246505,
    "f"
  ],
  [
    10.920393673209439,
    9.327349912493098,
    1.8188960695900391,
    "f"
  ],
  [
    10.921106892793409,
    9.349808977075822,
    1.818899515262558,
    "f"
  ],
  [
    10.921857209193801,
    9.373436164746172,
    1.818902868349312,
    "f"
  ],
  [
    10.922647370322949,
    9.398318003140272,
    1.8189061079429507,
    "f"
  ],
  [
    10.923480124093173,
    9.424541019894239,
    1.8189092192219505,
    "f"
  ],
  [
    10.924358218416806,
    9.452191742644198,
    1.8189121925114478,
    "f"
  ],
  [
    10.925284401206172,
    9.481356699026266,
    1.8189150223732895,
    "f"
  ],
  [
    10.926261420373605,
    9.512122416676565,
    1.818917706768616,
    "f"
  ],
  [
    10.927292023831424,
    9.544575423231215,
    1.8189202463162815,
    "f"
  ],
  [
    10.928378959491964,
    9.578802246326338,
    1.8189226436564923,
    "f"
  ],
  [
    10.929524975267547,
    9.614889413598053,
    1.8189249029161942,
    "f"
  ],
  [
    10.930732819070506,
    9.652923452682481,
    1.8189270292725155,
    "f"
  ],
  [
    10.932005238813167,
    9.692990891215743,
    1.8189290286002233,
    "f"
  ],
  [
    10.933344982407856,
    9.73517825683396,
    1.8189309071931916,
    "f"
  ],
  [
    10.934754797766905,
    9.77957207717325,
    1.8189326715506695,
    "f"
  ],
  [
    10.936237432802631,
    9.826258879869739,
    1.8189343282119808,
    "f"
  ],
  [
    10.93779563542737,
    9.87532519255954,
    1.8189358836359588,
    "f"
  ],
  [
    10.939432153553454,
    9.92685754287878,
    1.8189373441122711,
    "f"
  ],
  [
    10.941149735093205,
    9.980942458463577,
    1.8189387157005967,
    "f"
  ],
  [
    10.942951127958949,
    10.03766646695005,
    1.8189400041896988,
    "f"
  ],
  [
    10.944839080063016,
    10.097116095974322,
    1.8189412150732096,
    "f"
  ],
  [
    10.946816339317733,
    10.159377873172515,
    1.8189423535369542,
    "f"
  ],
  [
    10.94888565363543,
    10.224538326180745,
    1.81894342445554,
    "f"
  ],
  [
    10.951049770928433,
    10.292683982635138,
    1.8189444323955968,
    "f"
  ],
  [
    10.953311439109068,
    10.36390137017181,
    1.8189453816240189,
    "f"
  ],
  [
    10.95567340608967,
    10.438277016426884,
    1.818946276118595,
    "f"
  ],
  [
    10.958138419782555,
    10.51589744903648,
    1.8189471195817646,
    "f"
  ],
  [
    10.960709228100061,
    10.596849195636716,
    1.8189479154551123,
    "f"
  ],
  [
    10.96338857895451,
    10.681218783863718,
    1.8189486669346024,
    "f"
  ],
  [
    10.966179220258232,
    10.769092741353603,
    1.81894937698587,
    "f"
  ],
  [
    10.969083899923554,
    10.860557595742492,
    1.8189500483593974,
    "f"
  ],
  [
    10.972105365862802,
    10.955699874666504,
    1.8189506836056353,
    "f"
  ],
  [
    10.975246365988308,
    11.054606105761764,
    1.8189512850887013,
    "f"
  ],
  [
    10.978509648212395,
    11.157362816664389,
    1.818951855000421,
    "f"
  ],
  [
    10.981897960447396,
    11.2640565350105,
    1.818952395372662,
    "f"
  ],
  [
    10.985414050605632,
    11.37477378843622,
    1.8189529080896136,
    "f"
  ],
  [
    10.989060666599437,
    11.489601104577662,
    1.8189533948989265,
    "f"
  ],
  [
    10.992840556341136,
    11.60862501107096,
    1.8189538574218886,
    "f"
  ],
  [
    10.992840556341136,
    11.60862501107096,
    1.8189538574218886,
    "f"
  ],
  [
    10.996620446082838,
    11.727648917564256,
    1.8189533948988696,
    "f"
  ],
  [
    11.000267062076638,
    11.8424762337057,
    1.8189529080896136,
    "f"
  ],
  [
    11.003783152234877,
    11.953193487131418,
    1.818952395372662,
    "f"
  ],
  [
    11.007171464469875,
    12.05988720547753,
    1.818951855000421,
    "f"
  ],
  [
    11.010434746693967,
    12.162643916380157,
    1.8189512850887013,
    "f"
  ],
  [
    11.013575746819471,
    12.261550147475418,
    1.8189506836056353,
    "f"
  ],
  [
    11.01659721275872,
    12.356692426399428,
    1.8189500483593974,
    "f"
  ],
  [
    11.019501892424042,
    12.448157280788323,
    1.81894937698587,
    "f"
  ],
  [
    11.022292533727759,
    12.5360312382782,
    1.8189486669346024,
    "f"
  ],
  [
    11.024971884582213,
    12.620400826505202,
    1.8189479154551123,
    "f"
  ],
  [
    11.027542692899715,
    12.70135257310544,
    1.8189471195817646,
    "f"
  ],
  [
    11.030007706592603,
    12.778973005715038,
    1.818946276118595,
    "f"
  ],
  [
    11.032369673573202,
    12.853348651970112,
    1.8189453816240757,
    "f"
  ],
  [
    11.03463134175384,
    12.924566039506782,
    1.8189444323956536,
    "f"
  ],
  [
    11.036795459046843,
    12.992711695961177,
    1.81894342445554,
    "f"
  ],
  [
    11.038864773364537,
    13.057872148969404,
    1.8189423535369542,
    "f"
  ],
  [
    11.040842032619254,
    13.120133926167597,
    1.8189412150732664,
    "f"
  ],
  [
    11.042729984723321,
    13.179583555191867,
    1.8189400041896988,
    "f"
  ],
  [
    11.04453137758907,
    13.236307563678345,
    1.8189387157005399,
    "f"
  ],
  [
    11.04624895912882,
    13.29039247926314,
    1.8189373441122711,
    "f"
  ],
  [
    11.047885477254898,
    13.341924829582378,
    1.8189358836359588,
    "f"
  ],
  [
    11.049443679879644,
    13.390991142272185,
    1.8189343282120376,
    "f"
  ],
  [
    11.05092631491537,
    13.437677944968666,
    1.8189326715506695,
    "f"
  ],
  [
    11.052336130274416,
    13.482071765307959,
    1.8189309071931916,
    "f"
  ],
  [
    11.053675873869103,
    13.524259130926172,
    1.8189290286001096,
    "f"
  ],
  [
    11.054948293611764,
    13.564326569459439,
    1.8189270292725723,
    "f"
  ],
  [
    11.056156137414723,
    13.602360608543867,
    1.8189249029161942,
    "f"
  ],
  [
    11.057302153190307,
    13.638447775815582,
    1.8189226436564354,
    "f"
  ],
  [
    11.058389088850847,
    13.672674598910701,
    1.8189202463163383,
    "f"
  ],
  [
    11.059419692308671,
    13.705127605465357,
    1.818917706768616,
    "f"
  ],
  [
    11.060396711476097,
    13.735893323115652,
    1.8189150223734032,
    "f"
  ],
  [
    11.061322894265464,
    13.765058279497719,
    1.8189121925114478,
    "f"
  ],
  [
    11.0622009885891,
    13.79270900224768,
    1.8189092192218368,
    "f"
  ],
  [
    11.063033742359329,
    13.818932019001652,
    1.818906107942837,
    "f"
  ],
  [
    11.06382390348847,
    13.843813857395745,
    1.8189028683492552,
    "f"
  ],
  [
    11.064574219888865,
    13.867441045066098,
    1.8188995152625012,
    "f"
  ],
  [
    11.065287439472836,
    13.889900109648824,
    1.8188960695899254,
    "f"
  ],
  [
    11.065966310152708,
    13.91127757878004,
    1.8188925592247074,
    "f"
  ],
  [
    11.066613579840809,
    13.931659980095864,
    1.8188890198058516,
    "f"
  ],
  [
    11.067231996449477,
    13.951133841232432,
    1.8188854952120437,
    "f"
  ],
  [
    11.067824307891026,
    13.96978568982585,
    1.818882037628157,
    "f"
  ],
  [
    11.068393262077791,
    13.987702053512237,
    1.8188787070221224,
    "f"
  ],
  [
    11.068941606922099,
    14.004969459927725,
    1.8188755698726595,
    "f"
  ],
  [
    11.069472090336276,
    14.021674436708432,
    1.8188726970422522,
    "f"
  ],
  [
    11.069987460232653,
    14.037903511490471,
    1.8188701607792268,
    "f"
  ],
  [
    11.070490464523548,
    14.053743211909966,
    1.818868030958356,
    "f"
  ],
  [
    11.070983851121303,
    14.069280065603047,
    1.8188663708253898,
    "f"
  ],
  [
    11.071470367938234,
    14.084600600205823,
    1.8188652326534793,
    "f"
  ],
  [
    11.071952762886676,
    14.099791343354413,
    1.818864653819844,
    "f"
  ],
  [
    11.07243378387896,
    14.11493882268495,
    1.8188646538196167,
    "f"
  ],
  [
    11.072916178827397,
    14.130129565833544,
    1.8188652326535362,
    "f"
  ],
  [
    11.073402695644331,
    14.145450100436316,
    1.818866370825333,
    "f"
  ],
  [
    11.073896082242085,
    14.160986954129395,
    1.818868030958356,
    "f"
  ],
  [
    11.074399086532983,
    14.17682665454889,
    1.8188701607792268,
    "f"
  ],
  [
    11.074914456429362,
    14.193055729330933,
    1.8188726970422522,
    "f"
  ],
  [
    11.075444939843537,
    14.209760706111636,
    1.8188755698727164,
    "f"
  ],
  [
    11.075993284687843,
    14.227028112527123,
    1.818878707022236,
    "f"
  ],
  [
    11.07656223887461,
    14.244944476213517,
    1.818882037628157,
    "f"
  ],
  [
    11.077154550316157,
    14.263596324806935,
    1.8188854952119868,
    "f"
  ],
  [
    11.077772966924822,
    14.283070185943497,
    1.818889019805738,
    "f"
  ],
  [
    11.07842023661293,
    14.30345258725933,
    1.8188925592247642,
    "f"
  ],
  [
    11.0790991072928,
    14.324830056390544,
    1.8188960695899823,
    "f"
  ],
  [
    11.079812326876773,
    14.347289120973265,
    1.818899515262558,
    "f"
  ],
  [
    11.080562643277164,
    14.370916308643618,
    1.8189028683492552,
    "f"
  ],
  [
    11.081352804406311,
    14.395798147037716,
    1.8189061079429507,
    "f"
  ],
  [
    11.082185558176533,
    14.422021163791687,
    1.8189092192218368,
    "f"
  ],
  [
    11.083063652500169,
    14.449671886541644,
    1.818912192511391,
    "f"
  ],
  [
    11.083989835289538,
    14.478836842923712,
    1.8189150223732895,
    "f"
  ],
  [
    11.084966854456967,
    14.509602560574008,
    1.818917706768616,
    "f"
  ],
  [
    11.08599745791479,
    14.542055567128662,
    1.8189202463162815,
    "f"
  ],
  [
    11.087084393575328,
    14.576282390223783,
    1.8189226436564923,
    "f"
  ],
  [
    11.088230409350912,
    14.612369557495498,
    1.8189249029161942,
    "f"
  ],
  [
    11.08943825315387,
    14.650403596579928,
    1.8189270292725723,
    "f"
  ],
  [
    11.09071067289653,
    14.690471035113188,
    1.8189290286001096,
    "f"
  ],
  [
    11.092050416491219,
    14.732658400731404,
    1.8189309071931348,
    "f"
  ],
  [
    11.093460231850264,
    14.777052221070695,
    1.8189326715506695,
    "f"
  ],
  [
    11.094942866885994,
    14.823739023767184,
    1.8189343282120376,
    "f"
  ],
  [
    11.096501069510735,
    14.872805336456985,
    1.8189358836359588,
    "f"
  ],
  [
    11.098137587636819,
    14.924337686776225,
    1.818937344112328,
    "f"
  ],
  [
    11.099855169176568,
    14.978422602361022,
    1.8189387157005967,
    "f"
  ],
  [
    11.101656562042312,
    15.035146610847496,
    1.8189400041896988,
    "f"
  ],
  [
    11.103544514146378,
    15.094596239871766,
    1.8189412150732664,
    "f"
  ],
  [
    11.105521773401097,
    15.156858017069961,
    1.8189423535369542,
    "f"
  ],
  [
    11.107591087718795,
    15.22201847007819,
    1.81894342445554,
    "f"
  ],
  [
    11.109755205011796,
    15.290164126532583,
    1.8189444323956536,
    "f"
  ],
  [
    11.112016873192433,
    15.361381514069253,
    1.8189453816240189,
    "f"
  ],
  [
    11.114378840173034,
    15.435757160324327,
    1.818946276118595,
    "f"
  ],
  [
    11.11684385386592,
    15.513377592933923,
    1.8189471195817077,
    "f"
  ],
  [
    11.119414662183424,
    15.594329339534161,
    1.818947915455169,
    "f"
  ],
  [
    11.122094013037875,
    15.678698927761161,
    1.8189486669346024,
    "f"
  ],
  [
    11.124884654341596,
    15.76657288525105,
    1.81894937698587,
    "f"
  ],
  [
    11.127789334006918,
    15.858037739639935,
    1.8189500483593974,
    "f"
  ],
  [
    11.130810799946165,
    15.95318001856395,
    1.8189506836055784,
    "f"
  ],
  [
    11.133951800071669,
    16.052086249659208,
    1.8189512850887581,
    "f"
  ],
  [
    11.137215082295757,
    16.154842960561833,
    1.818951855000421,
    "f"
  ],
  [
    11.14060339453076,
    16.261536678907945,
    1.818952395372662,
    "f"
  ],
  [
    11.144119484688996,
    16.372253932333663,
    1.8189529080896136,
    "f"
  ],
  [
    11.147766100682801,
    16.48708124847511,
    1.8189533948988696,
    "f"
  ],
  [
    11.151545990424498,
    16.606105154968404,
    1.8189538574218886,
    "f"
  ]
]