[
  [
    0.0,
    0.0,
    82.86000000000001,
    "f"
  ],
  [
    0.11720644147596541,
    0.014681936257458651,
    82.86000000000001,
    "f"
  ],
  [
    0.22836456347756426,
    0.028606226093192223,
    82.86000000000001,
    "f"
  ],
  [
    0.3335990736228246,
    0.041788491082906366,
    82.86000000000001,
    "f"
  ],
  [
    0.43303467952977476,
    0.05424435280230677,
    82.86000000000001,
    "f"
  ],
  [
    0.5267960888164429,
    0.0659894328270991,
    82.86000000000001,
    "f"
  ],
  [
    0.615008009100857,
    0.07703935273298901,
    82.86000000000001,
    "f"
  ],
  [
    0.6977951480010455,
    0.08740973409568223,
    82.86000000000001,
    "f"
  ],
  [
    0.7752822131350363,
    0.09711619849088436,
    82.86000000000001,
    "f"
  ],
  [
    0.8475939121208577,
    0.10617436749430109,
    82.86000000000001,
    "f"
  ],
  [
    0.9148549525765383,
    0.11459986268163816,
    82.86000000000001,
    "f"
  ],
  [
    0.9771900421201055,
    0.12240830562860111,
    82.86000000000001,
    "f"
  ],
  [
    1.0347238883695877,
    0.1296153179108957,
    82.86000000000001,
    "f"
  ],
  [
    1.0875811989430137,
    0.1362365211042277,
    82.86000000000001,
    "f"
  ],
  [
    1.135886681458411,
    0.1422875367843025,
    82.86000000000001,
    "f"
  ],
  [
    1.1797650435338083,
    0.14778398652682623,
    82.86000000000001,
    "f"
  ],
  [
    1.219340992787233,
    0.15274149190750397,
    82.86000000000001,
    "f"
  ],
  [
    1.2547392368367138,
    0.1571756745020419,
    82.86000000000001,
    "f"
  ],
  [
    1.286084483300279,
    0.1611021558861453,
    82.86000000000001,
    "f"
  ],
  [
    1.313501439795957,
    0.16453655763552022,
    82.86000000000001,
    "f"
  ],
  [
    1.337114813941775,
    0.16749450132587204,
    82.86000000000001,
    "f"
  ],
  [
    1.357049313355762,
    0.1699916085329065,
    82.86000000000001,
    "f"
  ],
  [
    1.373429645655946,
    0.1720435008323295,
    82.86000000000001,
    "f"
  ],
  [
    1.3863805184603548,
    0.17366579979984625,
    82.86000000000001,
    "f"
  ],
  [
    1.3960266393870173,
    0.17487412701116298,
    82.86000000000001,
    "f"
  ],
  [
    1.4024927160539606,
    0.17568410404198484,
    82.86000000000001,
    "f"
  ],
  [
    1.405903456079215,
    0.17611135246801785,
    82.86000000000001,
    "f"
  ],
  [
    1.406383567080806,
    0.17617149386496755,
    82.86000000000001,
    "f"
  ],
  [
    1.404057756676763,
    0.17588014980853955,
    82.86000000000001,
    "f"
  ],
  [
    1.3990507324851145,
    0.17525294187443974,
    82.86000000000001,
    "f"
  ],
  [
    1.3914872021238887,
    0.1743054916383737,
    82.86000000000001,
    "f"
  ],
  [
    1.3814918732111126,
    0.17305342067604698,
    82.86000000000001,
    "f"
  ],
  [
    1.369189453364815,
    0.17151235056316527,
    82.86000000000001,
    "f"
  ],
  [
    1.354704650203026,
    0.16969790287543438,
    82.86000000000001,
    "f"
  ],
  [
    1.338162171343771,
    0.1676256991885598,
    82.86000000000001,
    "f"
  ],
  [
    1.3196867244050792,
    0.1653113610782473,
    82.86000000000001,
    "f"
  ],
  [
    1.2994030170049786,
    0.1627705101202026,
    82.86000000000001,
    "f"
  ],
  [
    1.2774357567614985,
    0.16001876789013142,
    82.86000000000001,
    "f"
  ],
  [
    1.2539096512926653,
    0.15707175596373923,
    82.86000000000001,
    "f"
  ],
  [
    1.2289494082165078,
    0.1539450959167318,
    82.86000000000001,
    "f"
  ],
  [
    1.2026797351510559,
    0.15065440932481486,
    82.86000000000001,
    "f"
  ],
  [
    1.175225339714335,
    0.1472153177636942,
    82.86000000000001,
    "f"
  ],
  [
    1.1467109295243751,
    0.14364344280907507,
    82.86000000000001,
    "f"
  ],
  [
    1.1172612121992036,
    0.1399544060366635,
    82.86000000000001,
    "f"
  ],
  [
    1.0870008953568495,
    0.13616382902216503,
    82.86000000000001,
    "f"
  ],
  [
    1.0560546866153397,
    0.13228733334128542,
    82.86000000000001,
    "f"
  ],
  [
    1.0245472935927034,
    0.12834054056973024,
    82.86000000000001,
    "f"
  ],
  [
    0.9926034239069685,
    0.12433907228320526,
    82.86000000000001,
    "f"
  ],
  [
    0.9603477851761635,
    0.12029855005741605,
    82.86000000000001,
    "f"
  ],
  [
    0.9279050850183155,
    0.11623459546806836,
    82.86000000000001,
    "f"
  ],
  [
    0.8954000310514542,
    0.1121628300908678,
    82.86000000000001,
    "f"
  ],
  [
    0.8629573308936065,
    0.10809887550152014,
    82.86000000000001,
    "f"
  ],
  [
    0.830701692162801,
    0.10405835327573096,
    82.86000000000001,
    "f"
  ],
  [
    0.7987578224770665,
    0.10005688498920595,
    82.86000000000001,
    "f"
  ],
  [
    0.7672504294544299,
    0.09611009221765077,
    82.86000000000001,
    "f"
  ],
  [
    0.7363042207129209,
    0.09223359653677116,
    82.86000000000001,
    "f"
  ],
  [
    0.7060439038705659,
    0.08844301952227265,
    82.86000000000001,
    "f"
  ],
  [
    0.6765941865453949,
    0.08475398274986118,
    82.86000000000001,
    "f"
  ],
  [
    0.648079776355435,
    0.08118210779524215,
    82.86000000000001,
    "f"
  ],
  [
    0.6206253809187142,
    0.07774301623412129,
    82.86000000000001,
    "f"
  ],
  [
    0.5943557078532619,
    0.07445232964220434,
    82.86000000000001,
    "f"
  ],
  [
    0.5693954647771048,
    0.07132566959519694,
    82.86000000000001,
    "f"
  ],
  [
    0.5458693593082721,
    0.0683786576688048,
    82.86000000000001,
    "f"
  ],
  [
    0.523902099064791,
    0.06562691543873359,
    82.86000000000001,
    "f"
  ],
  [
    0.5036183916646908,
    0.06308606448068889,
    82.86000000000001,
    "f"
  ],
  [
    0.4851429447259993,
    0.06077172637037649,
    82.86000000000001,
    "f"
  ],
  [
    0.4686004658667442,
    0.058699522683501995,
    82.86000000000001,
    "f"
  ],
  [
    0.45411566270495424,
    0.056885074995771,
    82.86000000000001,
    "f"
  ],
  [
    0.44181324285865725,
    0.05534400488288932,
    82.86000000000001,
    "f"
  ],
  [
    0.43181791394588165,
    0.05409193392056261,
    82.86000000000001,
    "f"
  ],
  [
    0.42425438358465545,
    0.05314448368449644,
    82.86000000000001,
    "f"
  ],
  [
    0.4192473593930071,
    0.052517275750396594,
    82.86000000000001,
    "f"
  ],
  [
    0.4169215489889644,
    0.05222593169396868,
    82.86000000000001,
    "f"
  ],
  [
    0.41740165999055573,
    0.052286073090918386,
    82.86000000000001,
    "f"
  ],
  [
    0.4208124000158091,
    0.052713321516951364,
    82.86000000000001,
    "f"
  ],
  [
    0.42727847668275293,
    0.05352329854777335,
    82.86000000000001,
    "f"
  ],
  [
    0.4369245976094152,
    0.054731625759089866,
    82.86000000000001,
    "f"
  ],
  [
    0.4498754704138243,
    0.0563539247266068,
    82.86000000000001,
    "f"
  ],
  [
    0.4662558027140083,
    0.05840581702602968,
    82.86000000000001,
    "f"
  ],
  [
    0.48619030212799524,
    0.060902924233064204,
    82.86000000000001,
    "f"
  ],
  [
    0.5098036762738137,
    0.06386086792341604,
    82.86000000000001,
    "f"
  ],
  [
    0.5372206327694911,
    0.06729526967279095,
    82.86000000000001,
    "f"
  ],
  [
    0.5685658792330566,
    0.07122175105689445,
    82.86000000000001,
    "f"
  ],
  [
    0.6039641232825375,
    0.07565593365143232,
    82.86000000000001,
    "f"
  ],
  [
    0.643540072535962,
    0.08061343903211012,
    82.86000000000001,
    "f"
  ],
  [
    0.6874184346113594,
    0.08610988877463373,
    82.86000000000001,
    "f"
  ],
  [
    0.7357239171267566,
    0.09216090445470855,
    82.86000000000001,
    "f"
  ],
  [
    0.7885812277001829,
    0.09878210764804052,
    82.86000000000001,
    "f"
  ],
  [
    0.846115073949665,
    0.10598911993033519,
    82.86000000000001,
    "f"
  ],
  [
    0.9084501634932329,
    0.11379756287729823,
    82.86000000000001,
    "f"
  ],
  [
    0.9757112039489129,
    0.12222305806463524,
    82.86000000000001,
    "f"
  ],
  [
    1.0480229029347343,
    0.13128122706805193,
    82.86000000000001,
    "f"
  ],
  [
    1.1255099680687257,
    0.1409876914632541,
    82.86000000000001,
    "f"
  ],
  [
    1.2082971069689137,
    0.15135807282594727,
    82.86000000000001,
    "f"
  ],
  [
    1.2965090272533282,
    0.16240799273183731,
    82.86000000000001,
    "f"
  ],
  [
    1.3902704365399963,
    0.17415307275662953,
    82.86000000000001,
    "f"
  ],
  [
    1.4897060424469462,
    0.1866089344760299,
    82.86000000000001,
    "f"
  ],
  [
    1.594940552592207,
    0.19979119946574408,
    82.86000000000001,
    "f"
  ],
  [
    1.7060986745938052,
    0.21371548930147766,
    82.86000000000001,
    "f"
  ],
  [
    1.82330511606977,
    0.22839742555893627,
    82.86000000000001,
    "f"
  ],
  [
    1.82330511606977,
    0.22839742555893627,
    82.86000000000001,
    "f"
  ],
  [
    1.943626719791726,
    0.24420887856835294,
    82.16855818851514,
    "f"
  ],
  [
    2.0640305648222665,
    0.26150558320979866,
    81.4827406021837,
    "f"
  ],
  [
    2.18449171321588,
    0.28027895788373686,
    80.80226778737517,
    "f"
  ],
  [
    2.304985227027052,
    0.3005204209906303,
    80.12686227485335,
    "f"
  ],
  [
    2.4254861683102704,
    0.3222213909309426,
    79.45624862807125,
    "f"
  ],
  [
    2.545969599120021,
    0.3453732861051362,
    78.79015347136311,
    "f"
  ],
  [
    2.66641058151079,
    0.36996752491367496,
    78.12830549995465,
    "f"
  ],
  [
    2.786784177537064,
    0.39599552575702185,
    77.47043547358874,
    "f"
  ],
  [
    2.90706544925333,
    0.42344870703563964,
    76.81627619544253,
    "f"
  ],
  [
    3.027229458714075,
    0.45231848714999184,
    76.16556247790237,
    "f"
  ],
  [
    3.1472512679737834,
    0.48259628450054115,
    75.51803109665548,
    "f"
  ],
  [
    3.267105939086946,
    0.5142735174877511,
    74.87342073446064,
    "f"
  ],
  [
    3.3867685341080462,
    0.547341604512085,
    74.23147191586685,
    "f"
  ],
  [
    3.50621411509157,
    0.5817919639740056,
    73.59192693406857,
    "f"
  ],
  [
    3.6254177440920072,
    0.6176160142739763,
    72.95452977100564,
    "f"
  ],
  [
    3.7443544831638405,
    0.6548051738124596,
    72.31902601174926,
    "f"
  ],
  [
    3.86299939436156,
    0.6933508609899196,
    71.68516275415107,
    "f"
  ],
  [
    3.9813275397396493,
    0.7332444942068187,
    71.05268851467827,
    "f"
  ],
  [
    4.099313981352599,
    0.7744774918636202,
    70.42135313130586,
    "f"
  ],
  [
    4.216933781254892,
    0.8170412723607877,
    69.79090766429835,
    "f"
  ],
  [
    4.3341620015010145,
    0.8609272540987836,
    69.16110429567334,
    "f"
  ],
  [
    4.450973704145457,
    0.9061268554780717,
    68.53169622811095,
    "f"
  ],
  [
    4.567343951242703,
    0.9526314948991147,
    67.90243758405012,
    "f"
  ],
  [
    4.683247804847239,
    1.000432590762376,
    67.27308330569156,
    "f"
  ],
  [
    4.798660327013554,
    1.0495215614683184,
    66.6433890566172,
    "f"
  ],
  [
    4.913556579796131,
    1.099889825417406,
    66.01311112572807,
    "f"
  ],
  [
    5.027911625249462,
    1.1515288010101001,
    65.38200633419967,
    "f"
  ],
  [
    5.141700525428028,
    1.2044299066468658,
    64.74983194615936,
    "f"
  ],
  [
    5.254898342386317,
    1.258584560728165,
    64.11634558379717,
    "f"
  ],
  [
    5.367480138178819,
    1.3139841816544613,
    63.48130514763574,
    "f"
  ],
  [
    5.479420974860016,
    1.3706201878262174,
    62.84446874270395,
    "f"
  ],
  [
    5.590695914484398,
    1.4284839976438968,
    62.20559461137998,
    "f"
  ],
  [
    5.701280019106451,
    1.487567029507963,
    61.5644410736993,
    "f"
  ],
  [
    5.811148350780661,
    1.5478607018188792,
    60.9207664759532,
    "f"
  ],
  [
    5.9202759715615105,
    1.6093564329771075,
    60.2743291484407,
    "f"
  ],
  [
    6.028637943503493,
    1.6720456413831113,
    59.62488737327544,
    "f"
  ],
  [
    6.136209328661093,
    1.7359197454373543,
    58.97219936319436,
    "f"
  ],
  [
    6.242965189088795,
    1.8009701635402995,
    58.316023252360935,
    "f"
  ],
  [
    6.348880586841085,
    1.86718831409241,
    57.65611710020619,
    "f"
  ],
  [
    6.453930583972456,
    1.934565615494149,
    56.99223890940465,
    "f"
  ],
  [
    6.5580902425373875,
    2.0030934861459793,
    56.32414665913717,
    "f"
  ],
  [
    6.661334624590368,
    2.072763344448364,
    55.651598354848716,
    "f"
  ],
  [
    6.763638792185886,
    2.143566608801767,
    54.97435209576952,
    "f"
  ],
  [
    6.8649778073784296,
    2.215494697606651,
    54.29216616152553,
    "f"
  ],
  [
    6.9653267322224774,
    2.288539029263479,
    53.60479911922215,
    "f"
  ],
  [
    7.064660628772522,
    2.362691022172714,
    52.912009952444066,
    "f"
  ],
  [
    7.162954559083053,
    2.437942094734819,
    52.21355821366575,
    "f"
  ],
  [
    7.260183585208551,
    2.5142836653502583,
    51.509204201621856,
    "f"
  ],
  [
    7.356322769203504,
    2.5917071524194926,
    50.79870916522958,
    "f"
  ],
  [
    7.451347173122401,
    2.6702039743429884,
    50.08183553569512,
    "f"
  ],
  [
    7.545231859019727,
    2.7497655495212068,
    49.358347188467974,
    "f"
  ],
  [
    7.637951888949968,
    2.8303832963546105,
    48.628009736725176,
    "f"
  ],
  [
    7.729482324967611,
    2.9120486332436633,
    47.890590858075825,
    "f"
  ],
  [
    7.819798229127143,
    2.9947529785888296,
    47.14586065616754,
    "f"
  ],
  [
    7.908874663483052,
    3.07848775079057,
    46.3935920588508,
    "f"
  ],
  [
    7.996686690089822,
    3.1632443682493507,
    45.63356125450866,
    "f"
  ],
  [
    8.083209371001939,
    3.2490142493656307,
    44.865548168089504,
    "f"
  ],
  [
    8.168417768273892,
    3.3357888125398762,
    44.089336978280244,
    "f"
  ],
  [
    8.25228694396017,
    3.4235594761725516,
    43.30471667712794,
    "f"
  ],
  [
    8.334791960115252,
    3.5123176586641156,
    42.511481673252945,
    "f"
  ],
  [
    8.415907878793632,
    3.6020547784150354,
    41.70943243959266,
    "f"
  ],
  [
    8.495609762049792,
    3.6927622538257725,
    40.89837620636973,
    "f"
  ],
  [
    8.573872671938222,
    3.7844315032967906,
    40.07812769968649,
    "f"
  ],
  [
    8.650671670513406,
    3.8770539452285506,
    39.248509925805024,
    "f"
  ],
  [
    8.725981819829832,
    3.970620998021518,
    38.409355000778135,
    "f"
  ],
  [
    8.799778181941985,
    4.065124080076156,
    37.560505024644954,
    "f"
  ],
  [
    8.872035818904353,
    4.160554609792927,
    36.701812998895946,
    "f"
  ],
  [
    8.942729792771422,
    4.256904005572295,
    35.8331437853426,
    "f"
  ],
  [
    9.01183516559768,
    4.35416368581472,
    34.95437510389684,
    "f"
  ],
  [
    9.079326999437612,
    4.452325068920669,
    34.06539856607566,
    "f"
  ],
  [
    9.145180356345705,
    4.551379573290604,
    33.16612074029763,
    "f"
  ],
  [
    9.209370298376442,
    4.651318617324987,
    32.25646424423445,
    "f"
  ],
  [
    9.271871887584318,
    4.752133619424283,
    31.336368858628248,
    "f"
  ],
  [
    9.332660186023814,
    4.853815997988953,
    30.405792656092558,
    "f"
  ],
  [
    9.391710255749418,
    4.956357171419462,
    29.464713137485603,
    "f"
  ],
  [
    9.448997158815613,
    5.059748558116271,
    28.513128367500087,
    "f"
  ],
  [
    9.504495957276893,
    5.163981576479845,
    27.55105810016323,
    "f"
  ],
  [
    9.558181713187734,
    5.269047644910647,
    26.578544883999314,
    "f"
  ],
  [
    9.610029488602637,
    5.3749381818091395,
    25.595655135704988,
    "f"
  ],
  [
    9.660014345576075,
    5.481644605575787,
    24.60248017033348,
    "f"
  ],
  [
    9.708111346162537,
    5.589158334611049,
    23.599137175216924,
    "f"
  ],
  [
    9.754295552416519,
    5.697470787315393,
    22.58577011419169,
    "f"
  ],
  [
    9.798542026392498,
    5.8065733820892795,
    21.562550548165063,
    "f"
  ],
  [
    9.840825830144965,
    5.916457537333173,
    20.529678357699254,
    "f"
  ],
  [
    9.881122025728406,
    6.027114671447535,
    19.487382353119642,
    "f"
  ],
  [
    9.919405675197305,
    6.13853620283283,
    18.43592075770721,
    "f"
  ],
  [
    9.955651840606153,
    6.250713549889522,
    17.37558154983344,
    "f"
  ],
  [
    9.989835584009432,
    6.363638131018071,
    16.306682650466712,
    "f"
  ],
  [
    10.02193196746163,
    6.4773013646189455,
    15.229571943335827,
    "f"
  ],
  [
    10.051916053017237,
    6.591694669092604,
    14.144627116191657,
    "f"
  ],
  [
    10.079762902730735,
    6.706809462839507,
    13.05225531307235,
    "f"
  ],
  [
    10.105447578656616,
    6.822637164260126,
    11.952892589238672,
    "f"
  ],
  [
    10.12894514284936,
    6.939169191754917,
    10.847003162503484,
    "f"
  ],
  [
    10.15023065736346,
    7.056396963724347,
    9.735078457001578,
    "f"
  ],
  [
    10.169279184253394,
    7.1743118985688765,
    8.617635938009585,
    "f"
  ],
  [
    10.186065785573659,
    7.292905414688972,
    7.495217739185307,
    "f"
  ],
  [
    10.200565523378735,
    7.412168930485093,
    6.36838908650509,
    "f"
  ],
  [
    10.212753459723109,
    7.532093864357705,
    5.237736526172739,
    "f"
  ],
  [
    10.22260465666127,
    7.65267163470727,
    4.103865966796889,
    "f"
  ],
  [
    10.22260465666127,
    7.65267163470727,
    4.103865966796889,
    "f"
  ],
  [
    10.23112686589274,
    7.771450209224295,
    4.103865457962343,
    "f"
  ],
  [
    10.239348594728764,
    7.886040842863264,
    4.103864922409798,
    "f"
  ],
  [
    10.24727603864142,
    7.996529884920643,
    4.103864358355452,
    "f"
  ],
  [
    10.254915393102769,
    8.103003684692878,
    4.1038637638767455,
    "f"
  ],
  [
    10.26227285358489,
    8.205548591476433,
    4.103863136900827,
    "f"
  ],
  [
    10.269354615559847,
    8.30425095456776,
    4.103862475192329,
    "f"
  ],
  [
    10.276166874499713,
    8.399197123263306,
    4.103861776340068,
    "f"
  ],
  [
    10.282715825876567,
    8.490473446859536,
    4.1038610377431155,
    "f"
  ],
  [
    10.289007665162467,
    8.578166274652892,
    4.103860256595738,
    "f"
  ],
  [
    10.295048587829495,
    8.662361955939843,
    4.103859429871932,
    "f"
  ],
  [
    10.300844789349716,
    8.743146840016834,
    4.10385855430917,
    "f"
  ],
  [
    10.306402465195205,
    8.820607276180324,
    4.103857626391516,
    "f"
  ],
  [
    10.31172781083803,
    8.894829613726765,
    4.103856642332744,
    "f"
  ],
  [
    10.316827021750266,
    8.965900201952612,
    4.103855598059795,
    "f"
  ],
  [
    10.321706293403976,
    9.033905390154324,
    4.103854489196351,
    "f"
  ],
  [
    10.326371821271236,
    9.098931527628343,
    4.103853311048454,
    "f"
  ],
  [
    10.33082980082412,
    9.161064963671143,
    4.103852058592224,
    "f"
  ],
  [
    10.33508642753469,
    9.22039204757916,
    4.103850726464884,
    "f"
  ],
  [
    10.339147896875028,
    9.276999128648862,
    4.103849308961344,
    "f"
  ],
  [
    10.3430204043172,
    9.330972556176697,
    4.103847800038068,
    "f"
  ],
  [
    10.346710145333272,
    9.382398679459122,
    4.10384619332649,
    "f"
  ],
  [
    10.35022331539533,
    9.431363847792591,
    4.103844482160241,
    "f"
  ],
  [
    10.353566109975425,
    9.477954410473552,
    4.103842659619772,
    "f"
  ],
  [
    10.356744724545644,
    9.522256716798472,
    4.103840718599656,
    "f"
  ],
  [
    10.359765354578046,
    9.564357116063794,
    4.103838651905619,
    "f"
  ],
  [
    10.362634195544715,
    9.604341957565985,
    4.103836452388066,
    "f"
  ],
  [
    10.365357442917714,
    9.64229759060149,
    4.103834113122332,
    "f"
  ],
  [
    10.36794129216911,
    9.678310364466766,
    4.103831627645604,
    "f"
  ],
  [
    10.370391938770982,
    9.712466628458262,
    4.103828990262571,
    "f"
  ],
  [
    10.3727155781954,
    9.744852731872447,
    4.103826196432749,
    "f"
  ],
  [
    10.37491840591443,
    9.77555502400576,
    4.103823243251782,
    "f"
  ],
  [
    10.377006617400147,
    9.804659854154668,
    4.103820130038571,
    "f"
  ],
  [
    10.378986408124625,
    9.832253571615622,
    4.103816859036215,
    "f"
  ],
  [
    10.380863973559928,
    9.858422525685071,
    4.103813436227483,
    "f"
  ],
  [
    10.382645509178126,
    9.883253065659474,
    4.103809872255795,
    "f"
  ],
  [
    10.3843372104513,
    9.906831540835281,
    4.103806183426855,
    "f"
  ],
  [
    10.385945272851515,
    9.929244300508959,
    4.1038023927412155,
    "f"
  ],
  [
    10.38747589185084,
    9.95057769397695,
    4.103798530884887,
    "f"
  ],
  [
    10.388935262921349,
    9.97091807053571,
    4.103794637065619,
    "f"
  ],
  [
    10.390329581535113,
    9.990351779481704,
    4.103790759555409,
    "f"
  ],
  [
    10.391665043164204,
    10.008965170111374,
    4.10378695576469,
    "f"
  ],
  [
    10.392947843280687,
    10.026844591721177,
    4.1037832916657635,
    "f"
  ],
  [
    10.394184177356639,
    10.044076393607575,
    4.103779840393884,
    "f"
  ],
  [
    10.395380240864133,
    10.060746925067022,
    4.103776679907128,
    "f"
  ],
  [
    10.39654222927523,
    10.07694253539596,
    4.103773889688057,
    "f"
  ],
  [
    10.397676338062011,
    10.092749573890854,
    4.103771546608073,
    "f"
  ],
  [
    10.398788762696544,
    10.108254389848161,
    4.103769720245566,
    "f"
  ],
  [
    10.3998856986509,
    10.123543332564333,
    4.103768468108456,
    "f"
  ],
  [
    10.400973341397147,
    10.138702751335813,
    4.103767831316077,
    "f"
  ],
  [
    10.402057886407361,
    10.153818995459076,
    4.103767831316077,
    "f"
  ],
  [
    10.40314552915361,
    10.168978414230564,
    4.1037684681085125,
    "f"
  ],
  [
    10.404242465107963,
    10.184267356946732,
    4.103769720245623,
    "f"
  ],
  [
    10.405354889742494,
    10.199772172904037,
    4.103771546607959,
    "f"
  ],
  [
    10.406488998529275,
    10.215579211398932,
    4.103773889688057,
    "f"
  ],
  [
    10.407650986940377,
    10.231774821727873,
    4.103776679907128,
    "f"
  ],
  [
    10.408847050447866,
    10.248445353187318,
    4.103779840393884,
    "f"
  ],
  [
    10.41008338452382,
    10.265677155073716,
    4.1037832916657635,
    "f"
  ],
  [
    10.411366184640306,
    10.283556576683521,
    4.103786955764576,
    "f"
  ],
  [
    10.412701646269394,
    10.30216996731319,
    4.103790759555352,
    "f"
  ],
  [
    10.414095964883158,
    10.321603676259183,
    4.103794637065619,
    "f"
  ],
  [
    10.415555335953668,
    10.341944052817945,
    4.103798530884887,
    "f"
  ],
  [
    10.417085954952993,
    10.363277446285936,
    4.103802392741272,
    "f"
  ],
  [
    10.418694017353207,
    10.385690205959612,
    4.103806183426855,
    "f"
  ],
  [
    10.420385718626378,
    10.409268681135421,
    4.103809872255795,
    "f"
  ],
  [
    10.422167254244581,
    10.434099221109825,
    4.103813436227483,
    "f"
  ],
  [
    10.424044819679883,
    10.460268175179273,
    4.103816859036272,
    "f"
  ],
  [
    10.426024610404358,
    10.487861892640224,
    4.103820130038571,
    "f"
  ],
  [
    10.428112821890076,
    10.516966722789132,
    4.103823243251782,
    "f"
  ],
  [
    10.430315649609108,
    10.547669014922448,
    4.103826196432749,
    "f"
  ],
  [
    10.432639289033524,
    10.58005511833663,
    4.103828990262571,
    "f"
  ],
  [
    10.435089935635398,
    10.614211382328133,
    4.103831627645604,
    "f"
  ],
  [
    10.437673784886796,
    10.650224156193403,
    4.103834113122332,
    "f"
  ],
  [
    10.440397032259792,
    10.68817978922891,
    4.103836452388066,
    "f"
  ],
  [
    10.443265873226458,
    10.728164630731097,
    4.103838651905562,
    "f"
  ],
  [
    10.446286503258863,
    10.770265029996425,
    4.103840718599656,
    "f"
  ],
  [
    10.449465117829082,
    10.81456733632134,
    4.1038426596197155,
    "f"
  ],
  [
    10.452807912409181,
    10.861157899002308,
    4.103844482160241,
    "f"
  ],
  [
    10.456321082471229,
    10.910123067335773,
    4.10384619332649,
    "f"
  ],
  [
    10.460010823487305,
    10.961549190618197,
    4.103847800038125,
    "f"
  ],
  [
    10.463883330929477,
    11.015522618146031,
    4.103849308961344,
    "f"
  ],
  [
    10.467944800269816,
    11.072129699215731,
    4.103850726464884,
    "f"
  ],
  [
    10.47220142698039,
    11.131456783123753,
    4.103852058592224,
    "f"
  ],
  [
    10.476659406533273,
    11.193590219166548,
    4.103853311048454,
    "f"
  ],
  [
    10.481324934400535,
    11.258616356640573,
    4.103854489196351,
    "f"
  ],
  [
    10.486204206054245,
    11.326621544842281,
    4.103855598059795,
    "f"
  ],
  [
    10.491303416966474,
    11.39769213306813,
    4.103856642332744,
    "f"
  ],
  [
    10.496628762609303,
    11.471914470614571,
    4.103857626391516,
    "f"
  ],
  [
    10.502186438454789,
    11.54937490677806,
    4.103858554309227,
    "f"
  ],
  [
    10.507982639975012,
    11.630159790855053,
    4.103859429871989,
    "f"
  ],
  [
    10.514023562642038,
    11.714355472142,
    4.1038602565957945,
    "f"
  ],
  [
    10.520315401927942,
    11.802048299935363,
    4.1038610377431155,
    "f"
  ],
  [
    10.526864353304791,
    11.893324623531589,
    4.103861776340068,
    "f"
  ],
  [
    10.533676612244662,
    11.988270792227137,
    4.103862475192329,
    "f"
  ],
  [
    10.54075837421962,
    12.08697315531846,
    4.103863136900827,
    "f"
  ],
  [
    10.548115834701738,
    12.189518062102012,
    4.1038637638767455,
    "f"
  ],
  [
    10.555755189163088,
    12.295991861874251,
    4.103864358355452,
    "f"
  ],
  [
    10.563682633075741,
    12.406480903931632,
    4.103864922409798,
    "f"
  ],
  [
    10.571904361911766,
    12.521071537570602,
    4.103865457962286,
    "f"
  ],
  [
    10.580426571143239,
    12.639850112087624,
    4.103865966796889,
    "f"
  ],
  [
    10.580426571143239,
    12.639850112087624,
    4.103865966796889,
    "f"
  ],
  [
    10.58894877989752,
    12.758628686391312,
    4.103865008160653,
    "f"
  ],
  [
    10.597170507314914,
    12.873219319396064,
    4.103863999188206,
    "f"
  ],
  [
    10.605097948886904,
    12.983708360407018,
    4.103862936518738,
    "f"
  ],
  [
    10.612737300104975,
    13.090182158729304,
    4.103861816530298,
    "f"
  ],
  [
    10.620094756460606,
    13.192727063668059,
    4.103860635317574,
    "f"
  ],
  [
    10.627176513445287,
    13.291429424528415,
    4.103859388669207,
    "f"
  ],
  [
    10.633988766550488,
    13.386375590615494,
    4.1038580720426125,
    "f"
  ],
  [
    10.6405377112677,
    13.477651911234442,
    4.103856680537547,
    "f"
  ],
  [
    10.646829543088396,
    13.565344735690381,
    4.10385520886814,
    "f"
  ],
  [
    10.652870457504072,
    13.649540413288456,
    4.103853651333452,
    "f"
  ],
  [
    10.658666650006198,
    13.730325293333784,
    4.103852001786947,
    "f"
  ],
  [
    10.664224316086266,
    13.807785725131513,
    4.1038502536045485,
    "f"
  ],
  [
    10.669549651235751,
    13.882008057986772,
    4.103848399653202,
    "f"
  ],
  [
    10.674648850946134,
    13.95307864120468,
    4.103846432259161,
    "f"
  ],
  [
    10.679528110708905,
    14.021083824090388,
    4.103844343177684,
    "f"
  ],
  [
    10.684193626015533,
    14.086109955949011,
    4.1038421235653,
    "f"
  ],
  [
    10.688651592357518,
    14.148243386085701,
    4.103839763957126,
    "f"
  ],
  [
    10.692908205226326,
    14.207570463805574,
    4.103837254249754,
    "f"
  ],
  [
    10.696969660113451,
    14.264177538413776,
    4.1038345836949475,
    "f"
  ],
  [
    10.70084215251037,
    14.318150959215433,
    4.103831740906628,
    "f"
  ],
  [
    10.704531877908561,
    14.369577075515666,
    4.103828713886514,
    "f"
  ],
  [
    10.708045031799514,
    14.418542236619635,
    4.103825490075394,
    "f"
  ],
  [
    10.711387809674704,
    14.465132791832442,
    4.1038220564367975,
    "f"
  ],
  [
    10.714566407025618,
    14.509435090459244,
    4.10381839958427,
    "f"
  ],
  [
    10.717587019343737,
    14.551535481805159,
    4.103814505963783,
    "f"
  ],
  [
    10.720455842120545,
    14.59152031517533,
    4.103810362105719,
    "f"
  ],
  [
    10.723179070847522,
    14.629475939874887,
    4.103805954963946,
    "f"
  ],
  [
    10.725762901016147,
    14.665488705208954,
    4.103801272362659,
    "f"
  ],
  [
    10.728213528117909,
    14.699644960482669,
    4.103796303572096,
    "f"
  ],
  [
    10.730537147644286,
    14.732031055001169,
    4.10379104003772,
    "f"
  ],
  [
    10.732739955086759,
    14.762733338069578,
    4.10378547628784,
    "f"
  ],
  [
    10.73482814593681,
    14.791838158993034,
    4.103779611039329,
    "f"
  ],
  [
    10.73680791568593,
    14.819431867076675,
    4.103773448517984,
    "f"
  ],
  [
    10.73868545982559,
    14.845600811625625,
    4.103766999995173,
    "f"
  ],
  [
    10.740466973847276,
    14.870431341945022,
    4.103760285523151,
    "f"
  ],
  [
    10.742158653242473,
    14.894009807339987,
    4.103753335821182,
    "f"
  ],
  [
    10.74376669350266,
    14.91642255711567,
    4.103746194222424,
    "f"
  ],
  [
    10.74529729011932,
    14.93775594057719,
    4.103738918538397,
    "f"
  ],
  [
    10.746756638583932,
    14.958096307029683,
    4.103731582636442,
    "f"
  ],
  [
    10.748150934387983,
    14.97753000577829,
    4.103724277459889,
    "f"
  ],
  [
    10.749486373022958,
    14.996143386128143,
    4.103717111169431,
    "f"
  ],
  [
    10.750769149980327,
    15.014022797384351,
    4.103710208056043,
    "f"
  ],
  [
    10.752005460751585,
    15.031254588852075,
    4.103703705905502,
    "f"
  ],
  [
    10.75320150082821,
    15.047925109836443,
    4.103697751589948,
    "f"
  ],
  [
    10.75436346570168,
    15.064120709642573,
    4.1036924948537035,
    "f"
  ],
  [
    10.75549755086348,
    15.079927737575604,
    4.103688080521408,
    "f"
  ],
  [
    10.756609951805094,
    15.095432542940674,
    4.103684639678136,
    "f"
  ],
  [
    10.757706864018004,
    15.110721475042915,
    4.10368228066784,
    "f"
  ],
  [
    10.758794482993686,
    15.125880883187454,
    4.103681080959063,
    "f"
  ],
  [
    10.759879004223633,
    15.14099711667943,
    4.103681080959063,
    "f"
  ],
  [
    10.760966623199316,
    15.156156524823968,
    4.103682280667897,
    "f"
  ],
  [
    10.762063535412224,
    15.17144545692621,
    4.1036846396781925,
    "f"
  ],
  [
    10.763175936353838,
    15.186950262291276,
    4.103688080521408,
    "f"
  ],
  [
    10.764310021515637,
    15.202757290224309,
    4.1036924948537035,
    "f"
  ],
  [
    10.76547198638911,
    15.218952890030444,
    4.103697751590005,
    "f"
  ],
  [
    10.766668026465734,
    15.235623411014801,
    4.1037037059054455,
    "f"
  ],
  [
    10.767904337236988,
    15.252855202482525,
    4.103710208056043,
    "f"
  ],
  [
    10.769187114194363,
    15.270734613738744,
    4.103717111169317,
    "f"
  ],
  [
    10.770522552829334,
    15.289347994088587,
    4.103724277459889,
    "f"
  ],
  [
    10.771916848633385,
    15.308781692837194,
    4.103731582636499,
    "f"
  ],
  [
    10.773376197098,
    15.32912205928969,
    4.103738918538397,
    "f"
  ],
  [
    10.77490679371466,
    15.350455442751214,
    4.103746194222367,
    "f"
  ],
  [
    10.776514833974849,
    15.372868192526896,
    4.103753335821182,
    "f"
  ],
  [
    10.778206513370042,
    15.396446657921864,
    4.103760285523151,
    "f"
  ],
  [
    10.779988027391731,
    15.421277188241255,
    4.103766999995173,
    "f"
  ],
  [
    10.781865571531391,
    15.447446132790205,
    4.103773448517984,
    "f"
  ],
  [
    10.783845341280506,
    15.475039840873842,
    4.103779611039272,
    "f"
  ],
  [
    10.785933532130558,
    15.504144661797303,
    4.10378547628784,
    "f"
  ],
  [
    10.788136339573036,
    15.534846944865716,
    4.103791040037663,
    "f"
  ],
  [
    10.790459959099412,
    15.567233039384211,
    4.1037963035720395,
    "f"
  ],
  [
    10.792910586201172,
    15.601389294657931,
    4.103801272362659,
    "f"
  ],
  [
    10.795494416369799,
    15.637402059991995,
    4.103805954963946,
    "f"
  ],
  [
    10.798217645096774,
    15.67535768469155,
    4.103810362105719,
    "f"
  ],
  [
    10.80108646787358,
    15.715342518061716,
    4.103814505963783,
    "f"
  ],
  [
    10.8041070801917,
    15.757442909407638,
    4.10381839958427,
    "f"
  ],
  [
    10.807285677542616,
    15.801745208034436,
    4.1038220564367975,
    "f"
  ],
  [
    10.810628455417806,
    15.848335763247253,
    4.103825490075394,
    "f"
  ],
  [
    10.814141609308757,
    15.89730092435121,
    4.103828713886514,
    "f"
  ],
  [
    10.817831334706952,
    15.948727040651455,
    4.103831740906571,
    "f"
  ],
  [
    10.82170382710387,
    16.00270046145311,
    4.1038345836949475,
    "f"
  ],
  [
    10.825765281990991,
    16.059307536061304,
    4.103837254249754,
    "f"
  ],
  [
    10.8300218948598,
    16.118634613781182,
    4.103839763957183,
    "f"
  ],
  [
    10.834479861201782,
    16.18076804391787,
    4.1038421235653,
    "f"
  ],
  [
    10.839145376508416,
    16.245794175776496,
    4.103844343177627,
    "f"
  ],
  [
    10.844024636271184,
    16.3137993586622,
    4.103846432259161,
    "f"
  ],
  [
    10.849123835981569,
    16.384869941880115,
    4.103848399653202,
    "f"
  ],
  [
    10.854449171131053,
    16.459092274735372,
    4.103850253604492,
    "f"
  ],
  [
    10.860006837211117,
    16.536552706533097,
    4.103852001786947,
    "f"
  ],
  [
    10.865803029713248,
    16.61733758657843,
    4.103853651333452,
    "f"
  ],
  [
    10.87184394412892,
    16.7015332641765,
    4.103855208868083,
    "f"
  ],
  [
    10.878135775949621,
    16.789226088632443,
    4.103856680537547,
    "f"
  ],
  [
    10.884684720666833,
    16.88050240925139,
    4.1038580720426125,
    "f"
  ],
  [
    10.891496973772034,
    16.97544857533847,
    4.103859388669207,
    "f"
  ],
  [
    10.89857873075671,
    17.074150936198823,
    4.103860635317574,
    "f"
  ],
  [
    10.905936187112344,
    17.176695841137576,
    4.103861816530298,
    "f"
  ],
  [
    10.913575538330415,
    17.283169639459864,
    4.103862936518738,
    "f"
  ],
  [
    10.921502979902407,
    17.393658680470818,
    4.103863999188206,
    "f"
  ],
  [
    10.929724707319803,
    17.508249313475574,
    4.103865008160653,
    "f"
  ],
  [
    10.938246916074082,
    17.62702788777926,
    4.103865966796889,
    "f"
  ]
]