[
  [
    0.0,
    0.0,
    87.845,
    "f"
  ],
  [
    0.1250330399674849,
    0.004704942192897035,
    87.845,
    "f"
  ],
  [
    0.25777342715297735,
    0.009699908711610195,
    87.845,
    "f"
  ],
  [
    0.39806224718084826,
    0.014978919673132973,
    87.845,
    "f"
  ],
  [
    0.5457405856754688,
    0.020535995194458867,
    87.845,
    "f"
  ],
  [
    0.7006495282612097,
    0.026365155392581274,
    87.845,
    "f"
  ],
  [
    0.8626301605624422,
    0.032460420384493816,
    87.845,
    "f"
  ],
  [
    1.0315235682035375,
    0.038815810287189945,
    87.845,
    "f"
  ],
  [
    1.2071708368088658,
    0.04542534521766306,
    87.845,
    "f"
  ],
  [
    1.389413052002798,
    0.052283045292906505,
    87.845,
    "f"
  ],
  [
    1.5780912994097067,
    0.059382930629914066,
    87.845,
    "f"
  ],
  [
    1.7730466646539613,
    0.06671902134567909,
    87.845,
    "f"
  ],
  [
    1.9741202333599326,
    0.07428533755719524,
    87.845,
    "f"
  ],
  [
    2.1811530911519936,
    0.08207589938145576,
    87.845,
    "f"
  ],
  [
    2.393986323654513,
    0.09008472693545377,
    87.845,
    "f"
  ],
  [
    2.6124610164918627,
    0.09830584033618339,
    87.845,
    "f"
  ],
  [
    2.8364182552884136,
    0.1067332597006383,
    87.845,
    "f"
  ],
  [
    3.0656991256685373,
    0.1153610051458116,
    87.845,
    "f"
  ],
  [
    3.3001447132566026,
    0.1241830967886961,
    87.845,
    "f"
  ],
  [
    3.539596103676984,
    0.13319355474628636,
    87.845,
    "f"
  ],
  [
    3.7838943825540508,
    0.14238639913557538,
    87.845,
    "f"
  ],
  [
    4.032880635512171,
    0.15175565007355618,
    87.845,
    "f"
  ],
  [
    4.286395948175721,
    0.16129532767722332,
    87.845,
    "f"
  ],
  [
    4.544281406169068,
    0.1709994520635698,
    87.845,
    "f"
  ],
  [
    4.8063780951165835,
    0.18086204334958844,
    87.845,
    "f"
  ],
  [
    5.07252710064264,
    0.190877121652274,
    87.845,
    "f"
  ],
  [
    5.342569508371609,
    0.20103870708861882,
    87.845,
    "f"
  ],
  [
    5.616346403927858,
    0.21134081977561703,
    87.845,
    "f"
  ],
  [
    5.893698872935762,
    0.2217774798302612,
    87.845,
    "f"
  ],
  [
    6.174468001019685,
    0.2323427073695461,
    87.845,
    "f"
  ],
  [
    6.458494873804008,
    0.24303052251046475,
    87.845,
    "f"
  ],
  [
    6.745620576913095,
    0.2538349453700106,
    87.845,
    "f"
  ],
  [
    7.035686195971319,
    0.2647499960651767,
    87.845,
    "f"
  ],
  [
    7.328532816603052,
    0.2757696947129564,
    87.845,
    "f"
  ],
  [
    7.624001524432664,
    0.2868880614303442,
    87.845,
    "f"
  ],
  [
    7.921933405084524,
    0.2980991163343334,
    87.845,
    "f"
  ],
  [
    8.222169544183004,
    0.3093968795419162,
    87.845,
    "f"
  ],
  [
    8.524551027352478,
    0.32077537117008736,
    87.845,
    "f"
  ],
  [
    8.828918940217315,
    0.3322286113358408,
    87.845,
    "f"
  ],
  [
    9.135114368401883,
    0.3437506201561682,
    87.845,
    "f"
  ],
  [
    9.44297839753056,
    0.3553354177480639,
    87.845,
    "f"
  ],
  [
    9.75235211322771,
    0.36697702422852263,
    87.845,
    "f"
  ],
  [
    10.063076601117704,
    0.37866945971453614,
    87.845,
    "f"
  ],
  [
    10.374992946824918,
    0.39040674432309874,
    87.845,
    "f"
  ],
  [
    10.687942235973724,
    0.402182898171203,
    87.845,
    "f"
  ],
  [
    11.001765554188488,
    0.41399194137584416,
    87.845,
    "f"
  ],
  [
    11.31630398709358,
    0.4258278940540139,
    87.845,
    "f"
  ],
  [
    11.631398620313377,
    0.4376847763227074,
    87.845,
    "f"
  ],
  [
    11.946890539472243,
    0.4495566082989173,
    87.845,
    "f"
  ],
  [
    12.262620830194553,
    0.46143741009963524,
    87.845,
    "f"
  ],
  [
    12.578430578104683,
    0.47332120184185733,
    87.845,
    "f"
  ],
  [
    12.89416086882699,
    0.48520200364257615,
    87.845,
    "f"
  ],
  [
    13.20965278798586,
    0.49707383561878515,
    87.845,
    "f"
  ],
  [
    13.524747421205655,
    0.5089307178874787,
    87.845,
    "f"
  ],
  [
    13.839285854110749,
    0.5207666705656484,
    87.845,
    "f"
  ],
  [
    14.15310917232551,
    0.5325757137702878,
    87.845,
    "f"
  ],
  [
    14.466058461474315,
    0.5443518676183938,
    87.845,
    "f"
  ],
  [
    14.777974807181526,
    0.5560891522269555,
    87.845,
    "f"
  ],
  [
    15.088699295071523,
    0.567781587712969,
    87.845,
    "f"
  ],
  [
    15.398073010768677,
    0.5794231941934287,
    87.845,
    "f"
  ],
  [
    15.705937039897348,
    0.5910079917853235,
    87.845,
    "f"
  ],
  [
    16.012132468081923,
    0.6025300006056513,
    87.845,
    "f"
  ],
  [
    16.316500380946756,
    0.6139832407714048,
    87.845,
    "f"
  ],
  [
    16.61888186411623,
    0.6253617323995746,
    87.845,
    "f"
  ],
  [
    16.919118003214713,
    0.6366594956071587,
    87.845,
    "f"
  ],
  [
    17.217049883866572,
    0.647870550511148,
    87.845,
    "f"
  ],
  [
    17.512518591696182,
    0.6589889172285348,
    87.845,
    "f"
  ],
  [
    17.805365212327914,
    0.6700086158763163,
    87.845,
    "f"
  ],
  [
    18.09543083138614,
    0.6809236665714824,
    87.845,
    "f"
  ],
  [
    18.382556534495222,
    0.6917280894310274,
    87.845,
    "f"
  ],
  [
    18.66658340727955,
    0.7024159045719456,
    87.845,
    "f"
  ],
  [
    18.947352535363475,
    0.7129811321112296,
    87.845,
    "f"
  ],
  [
    19.224705004371373,
    0.7234177921658738,
    87.845,
    "f"
  ],
  [
    19.498481899927626,
    0.7337199048528715,
    87.845,
    "f"
  ],
  [
    19.768524307656595,
    0.7438814902892199,
    87.845,
    "f"
  ],
  [
    20.03467331318265,
    0.7538965685919035,
    87.845,
    "f"
  ],
  [
    20.296770002130167,
    0.7637591598779245,
    87.845,
    "f"
  ],
  [
    20.554655460123513,
    0.7734632842642704,
    87.845,
    "f"
  ],
  [
    20.808170772787058,
    0.7830029618679344,
    87.845,
    "f"
  ],
  [
    21.057157025745184,
    0.7923722128059172,
    87.845,
    "f"
  ],
  [
    21.30145530462225,
    0.8015650571952051,
    87.845,
    "f"
  ],
  [
    21.54090669504263,
    0.8105755151527951,
    87.845,
    "f"
  ],
  [
    21.7753522826307,
    0.8193976067956807,
    87.845,
    "f"
  ],
  [
    22.004633153010822,
    0.8280253522408536,
    87.845,
    "f"
  ],
  [
    22.22859039180737,
    0.8364527716053072,
    87.845,
    "f"
  ],
  [
    22.447065084644723,
    0.8446738850060402,
    87.845,
    "f"
  ],
  [
    22.65989831714724,
    0.8526827125600356,
    87.845,
    "f"
  ],
  [
    22.866931174939303,
    0.8604732743842991,
    87.845,
    "f"
  ],
  [
    23.068004743645268,
    0.8680395905958118,
    87.845,
    "f"
  ],
  [
    23.26296010888953,
    0.8753756813115796,
    87.845,
    "f"
  ],
  [
    23.45163835629644,
    0.8824755666485871,
    87.845,
    "f"
  ],
  [
    23.633880571490366,
    0.8893332667238294,
    87.845,
    "f"
  ],
  [
    23.809527840095697,
    0.8959428016543018,
    87.845,
    "f"
  ],
  [
    23.978421247736787,
    0.9022981915569979,
    87.845,
    "f"
  ],
  [
    24.140401880038024,
    0.9083934565489109,
    87.845,
    "f"
  ],
  [
    24.29531082262376,
    0.9142226167470309,
    87.845,
    "f"
  ],
  [
    24.442989161118383,
    0.9197796922683583,
    87.845,
    "f"
  ],
  [
    24.583277981146253,
    0.9250587032298796,
    87.845,
    "f"
  ],
  [
    24.71601836833175,
    0.9300536697485953,
    87.845,
    "f"
  ],
  [
    24.841051408299233,
    0.9347586119414899,
    87.845,
    "f"
  ],
  [
    24.841051408299233,
    0.9347586119414899,
    87.845,
    "f"
  ],
  [
    24.962276488310458,
    0.9402861343905702,
    86.93574993358013,
    "f"
  ],
  [
    25.083681422673973,
    0.9477424191969543,
    86.03739525956391,
    "f"
  ],
  [
    25.205239937584427,
    0.9571118527563431,
    85.14970000894888,
    "f"
  ],
  [
    25.32692575923641,
    0.9683788214644178,
    84.27241779115522,
    "f"
  ],
  [
    25.448712613824554,
    0.9815277117168701,
    83.40529294406761,
    "f"
  ],
  [
    25.57057422754347,
    0.9965429099093814,
    82.54806160835264,
    "f"
  ],
  [
    25.69248432658777,
    1.0134088024376524,
    81.70045272686602,
    "f"
  ],
  [
    25.81441663715208,
    1.032109775697366,
    80.86218897053513,
    "f"
  ],
  [
    25.936344885430998,
    1.0526302160842143,
    80.03298759257765,
    "f"
  ],
  [
    26.05824279761916,
    1.0749545099938782,
    79.21256121329972,
    "f"
  ],
  [
    26.18008409991117,
    1.0990670438220569,
    78.40061853802032,
    "f"
  ],
  [
    26.301842518501658,
    1.1249522039644404,
    77.59686501090019,
    "f"
  ],
  [
    26.42349177958523,
    1.1525943768167064,
    76.80100340762093,
    "f"
  ],
  [
    26.545005609356497,
    1.1819779487745539,
    76.01273436997215,
    "f"
  ],
  [
    26.66635773401009,
    1.2130873062336658,
    75.23175688546971,
    "f"
  ],
  [
    26.787521879740602,
    1.2459068355897358,
    74.45776871515275,
    "f"
  ],
  [
    26.90847177274268,
    1.280420923238454,
    73.69046677269759,
    "f"
  ],
  [
    27.029181139210905,
    1.3166139555754999,
    72.92954745794842,
    "f"
  ],
  [
    27.149623705339934,
    1.3544703189965759,
    72.17470694790549,
    "f"
  ],
  [
    27.26977319732436,
    1.3939743998973615,
    71.42564144813198,
    "f"
  ],
  [
    27.389603341358786,
    1.4351105846735486,
    70.68204740745031,
    "f"
  ],
  [
    27.509087863637856,
    1.4778632597208237,
    69.94362169869387,
    "f"
  ],
  [
    27.628200490356164,
    1.522216811434884,
    69.21006176817318,
    "f"
  ],
  [
    27.74691494770834,
    1.568155626211409,
    68.4810657564013,
    "f"
  ],
  [
    27.865204961889,
    1.615664090446094,
    67.75633259250705,
    "f"
  ],
  [
    27.983044259092754,
    1.6647265905346238,
    67.03556206465086,
    "f"
  ],
  [
    28.100406565514223,
    1.7153275128726921,
    66.31845486864373,
    "f"
  ],
  [
    28.217265607348015,
    1.7674512438559855,
    65.60471263686017,
    "f"
  ],
  [
    28.333595110788757,
    1.8210821698801922,
    64.8940379494305,
    "f"
  ],
  [
    28.449368802031064,
    1.876204677341006,
    64.18613432959657,
    "f"
  ],
  [
    28.564560407269536,
    1.9328031526341043,
    63.4807062250222,
    "f"
  ],
  [
    28.6791436526988,
    1.990861982155188,
    62.777458976761324,
    "f"
  ],
  [
    28.793092264513486,
    2.050365552299942,
    62.076098777506076,
    "f"
  ],
  [
    28.9063799689082,
    2.111298249464058,
    61.37633262066598,
    "f"
  ],
  [
    29.018980492077546,
    2.173644460043217,
    60.67786824176301,
    "f"
  ],
  [
    29.130867560216164,
    2.2373885704331187,
    59.98041405357094,
    "f"
  ],
  [
    29.242014899518654,
    2.302514967029447,
    59.28367907637937,
    "f"
  ],
  [
    29.35239623617963,
    2.3690080362278927,
    58.58737286472183,
    "f"
  ],
  [
    29.461985296393703,
    2.4368521644241348,
    57.89120543187448,
    "f"
  ],
  [
    29.570755806355518,
    2.5060317380138777,
    57.19488717341039,
    "f"
  ],
  [
    29.678681492259674,
    2.576531143392806,
    56.4981287910764,
    "f"
  ],
  [
    29.785736080300758,
    2.648334766956598,
    55.800641218252395,
    "f"
  ],
  [
    29.89189329667345,
    2.721426995100961,
    55.10213554825623,
    "f"
  ],
  [
    29.997126867572316,
    2.7957922142215654,
    54.4023229667614,
    "f"
  ],
  [
    30.101410519191983,
    2.8714148107141124,
    53.7009146896163,
    "f"
  ],
  [
    30.204717977727075,
    2.94827917097429,
    52.99762190737397,
    "f"
  ],
  [
    30.30702296937221,
    3.026369681397785,
    52.292155737875305,
    "f"
  ],
  [
    30.40829922032199,
    3.1056707283802805,
    51.58422718826671,
    "f"
  ],
  [
    30.50852045677104,
    3.1861666983174786,
    50.87354712787999,
    "f"
  ],
  [
    30.607660404913986,
    3.267841977605059,
    50.15982627345454,
    "f"
  ],
  [
    30.705692790945427,
    3.350680952638717,
    49.4427751882389,
    "f"
  ],
  [
    30.802591341059987,
    3.4346680098141302,
    48.72210429657821,
    "f"
  ],
  [
    30.898329781452283,
    3.5197875355269996,
    47.99752391565846,
    "f"
  ],
  [
    30.992881838316926,
    3.6060239161730063,
    47.268744306155895,
    "f"
  ],
  [
    31.08622123784855,
    3.6933615381478475,
    46.53547574361744,
    "f"
  ],
  [
    31.178321706241746,
    3.781784787847208,
    45.79742861247837,
    "f"
  ],
  [
    31.269156969691146,
    3.871278051666774,
    45.05431352470498,
    "f"
  ],
  [
    31.358700754391364,
    3.961825716002238,
    44.30584146513297,
    "f"
  ],
  [
    31.446926786537006,
    4.0534121672492915,
    43.55172396565331,
    "f"
  ],
  [
    31.533808792322702,
    4.146021791803614,
    42.791673310473584,
    "f"
  ],
  [
    31.619320497943068,
    4.239638976060908,
    42.025402774756685,
    "f"
  ],
  [
    31.703435629592708,
    4.334248106416847,
    41.252626899000575,
    "f"
  ],
  [
    31.78612791346625,
    4.429833569267135,
    40.47306180157943,
    "f"
  ],
  [
    31.8673710757583,
    4.526379751007454,
    39.686425531904206,
    "f"
  ],
  [
    31.947138842663485,
    4.62387103803349,
    38.89243846668444,
    "f"
  ],
  [
    32.02540494037642,
    4.722291816740942,
    38.09082375177354,
    "f"
  ],
  [
    32.10214309509171,
    4.821626473525489,
    37.281307792059124,
    "f"
  ],
  [
    32.17732703300398,
    4.921859394782825,
    36.46362079180278,
    "f"
  ],
  [
    32.25093048030785,
    5.022974966908638,
    35.63749734774558,
    "f"
  ],
  [
    32.322927163197924,
    5.124957576298618,
    34.802677097167475,
    "f"
  ],
  [
    32.39329080786883,
    5.227791609348452,
    33.9589054229117,
    "f"
  ],
  [
    32.46199514051518,
    5.33146145245383,
    33.105934217153504,
    "f"
  ],
  [
    32.52901388733159,
    5.435951492010441,
    32.24352270540987,
    "f"
  ],
  [
    32.594320774512674,
    5.541246114413974,
    31.371438331928516,
    "f"
  ],
  [
    32.65788952825305,
    5.6473297060601215,
    30.489457707171823,
    "f"
  ],
  [
    32.719693874747335,
    5.754186653344565,
    29.597367617606665,
    "f"
  ],
  [
    32.779707540190145,
    5.861801342663002,
    28.694966097425436,
    "f"
  ],
  [
    32.8379042507761,
    5.970158160411117,
    27.782063561145264,
    "f"
  ],
  [
    32.89425773269981,
    6.079241492984599,
    26.8584839952656,
    "f"
  ],
  [
    32.94874171215589,
    6.189035726779139,
    25.92406620629788,
    "f"
  ],
  [
    33.00132991533897,
    6.299525248190424,
    24.97866512152109,
    "f"
  ],
  [
    33.05199606844365,
    6.410694443614142,
    24.02215313775639,
    "f"
  ],
  [
    33.100713897664555,
    6.5225276994459875,
    23.054421512307613,
    "f"
  ],
  [
    33.1474571291963,
    6.635009402081645,
    22.07538178897437,
    "f"
  ],
  [
    33.19219948923349,
    6.748123937916802,
    21.084967250735303,
    "f"
  ],
  [
    33.23491470397075,
    6.861855693347151,
    20.083134389319525,
    "f"
  ],
  [
    33.27557649960271,
    6.976189054768383,
    19.069864380468744,
    "f"
  ],
  [
    33.31415860232397,
    7.091108408576183,
    18.045164552244387,
    "f"
  ],
  [
    33.35063473832915,
    7.2065981411662445,
    17.009069832299247,
    "f"
  ],
  [
    33.384978633812864,
    7.322642638934248,
    15.96164415862711,
    "f"
  ],
  [
    33.41716401496973,
    7.439226288275895,
    14.90298183697439,
    "f"
  ],
  [
    33.44716460799437,
    7.556333475586861,
    13.833208826878831,
    "f"
  ],
  [
    33.47495413908139,
    7.673948587262842,
    12.752483937238026,
    "f"
  ],
  [
    33.5005063344254,
    7.792056009699529,
    11.660999911454041,
    "f"
  ],
  [
    33.52379492022105,
    7.910640129292609,
    10.558984381593405,
    "f"
  ],
  [
    33.54479362266292,
    8.029685332437769,
    9.446700670697851,
    "f"
  ],
  [
    33.563476167945645,
    8.149176005530704,
    8.32444842242603,
    "f"
  ],
  [
    33.579816282263835,
    8.269096534967094,
    7.192564037642342,
    "f"
  ],
  [
    33.5937876918121,
    8.389431307142637,
    6.051420898437527,
    "f"
  ],
  [
    33.5937876918121,
    8.389431307142637,
    6.051420898437527,
    "f"
  ],
  [
    33.606341633589636,
    8.507851644939528,
    6.051421420555357,
    "f"
  ],
  [
    33.618452944735694,
    8.622096672884794,
    6.051421970088654,
    "f"
  ],
  [
    33.63013075165507,
    8.732252479841346,
    6.051422548867777,
    "f"
  ],
  [
    33.6413841807525,
    8.838405154672113,
    6.051423158865646,
    "f"
  ],
  [
    33.6522223584328,
    8.940640786240014,
    6.051423802209001,
    "f"
  ],
  [
    33.66265441110072,
    9.039045463407962,
    6.051424481191589,
    "f"
  ],
  [
    33.67268946516103,
    9.133705275038889,
    6.0514251982876885,
    "f"
  ],
  [
    33.682336647018516,
    9.224706309995709,
    6.051425956165872,
    "f"
  ],
  [
    33.69160508307793,
    9.312134657141332,
    6.051426757705258,
    "f"
  ],
  [
    33.70050389974408,
    9.396076405338695,
    6.051427606010975,
    "f"
  ],
  [
    33.70904222342168,
    9.476617643450702,
    6.0514285044305325,
    "f"
  ],
  [
    33.71722918051558,
    9.553844460340297,
    6.051429456571782,
    "f"
  ],
  [
    33.72507389743049,
    9.627842944870375,
    6.05143046631963,
    "f"
  ],
  [
    33.73258550057121,
    9.698699185903875,
    6.051431537853546,
    "f"
  ],
  [
    33.739773116342505,
    9.766499272303705,
    6.051432675664159,
    "f"
  ],
  [
    33.74664587114913,
    9.831329292932782,
    6.051433884567814,
    "f"
  ],
  [
    33.7532128913959,
    9.893275336654035,
    6.051435169719753,
    "f"
  ],
  [
    33.75948330348754,
    9.952423492330388,
    6.051436536622532,
    "f"
  ],
  [
    33.765466233828874,
    10.008859848824756,
    6.051437991130342,
    "f"
  ],
  [
    33.771170808824635,
    10.062670495000056,
    6.051439539444118,
    "f"
  ],
  [
    33.776606154879595,
    10.113941519719209,
    6.051441188099261,
    "f"
  ],
  [
    33.78178139839855,
    10.162759011845136,
    6.05144294393574,
    "f"
  ],
  [
    33.78670566578626,
    10.209209060240761,
    6.051444814053639,
    "f"
  ],
  [
    33.791388083447494,
    10.253377753769003,
    6.051446805744149,
    "f"
  ],
  [
    33.79583777778703,
    10.295351181292775,
    6.051448926389412,
    "f"
  ],
  [
    33.800063875209645,
    10.335215431675007,
    6.051451183325412,
    "f"
  ],
  [
    33.8040755021201,
    10.373056593778614,
    6.051453583657576,
    "f"
  ],
  [
    33.80788178492318,
    10.408960756466518,
    6.051456134017599,
    "f"
  ],
  [
    33.81149185002364,
    10.443014008601637,
    6.051458840249325,
    "f"
  ],
  [
    33.81491482382628,
    10.475302439046892,
    6.051461707011754,
    "f"
  ],
  [
    33.81815983273584,
    10.505912136665202,
    6.051464737285073,
    "f"
  ],
  [
    33.82123600315711,
    10.534929190319488,
    6.051467931768002,
    "f"
  ],
  [
    33.82415246149487,
    10.562439688872676,
    6.051471288159178,
    "f"
  ],
  [
    33.82691833415389,
    10.588529721187683,
    6.051474800319397,
    "f"
  ],
  [
    33.829542747538916,
    10.613285376127418,
    6.051478457327335,
    "f"
  ],
  [
    33.83203482805475,
    10.636792742554817,
    6.0514822424518115,
    "f"
  ],
  [
    33.83440370210616,
    10.659137909332792,
    6.051486132091668,
    "f"
  ],
  [
    33.83665849609791,
    10.680406965324263,
    6.051490094760425,
    "f"
  ],
  [
    33.83880833643476,
    10.700685999392153,
    6.051494090225901,
    "f"
  ],
  [
    33.84086234952153,
    10.720061100399384,
    6.051498068955993,
    "f"
  ],
  [
    33.84282966176295,
    10.738618357208875,
    6.051501972042615,
    "f"
  ],
  [
    33.844719399563786,
    10.756443858683538,
    6.051505731790257,
    "f"
  ],
  [
    33.84654068932884,
    10.773623693686304,
    6.051509273155375,
    "f"
  ],
  [
    33.84830265746288,
    10.79024395108009,
    6.051512516144385,
    "f"
  ],
  [
    33.85001443037066,
    10.80639071972781,
    6.051515379200168,
    "f"
  ],
  [
    33.851685134456964,
    10.822150088492393,
    6.051517783444069,
    "f"
  ],
  [
    33.85332389612658,
    10.837608146236756,
    6.0515196574821175,
    "f"
  ],
  [
    33.854939841784244,
    10.852850981823813,
    6.051520942305274,
    "f"
  ],
  [
    33.856542097834755,
    10.86796468411649,
    6.051521595720715,
    "f"
  ],
  [
    33.85813979068289,
    10.883035341977713,
    6.051521595720715,
    "f"
  ],
  [
    33.85974204673341,
    10.898149044270397,
    6.051520942305274,
    "f"
  ],
  [
    33.86135799239108,
    10.913391879857457,
    6.051519657482231,
    "f"
  ],
  [
    33.86299675406068,
    10.928849937601814,
    6.051517783444183,
    "f"
  ],
  [
    33.86466745814699,
    10.944609306366395,
    6.051515379199941,
    "f"
  ],
  [
    33.86637923105478,
    10.96075607501412,
    6.051512516144271,
    "f"
  ],
  [
    33.86814119918881,
    10.977376332407903,
    6.051509273155489,
    "f"
  ],
  [
    33.86996248895386,
    10.994556167410664,
    6.051505731790371,
    "f"
  ],
  [
    33.87185222675471,
    11.012381668885329,
    6.051501972042388,
    "f"
  ],
  [
    33.87381953899613,
    11.030938925694818,
    6.051498068956221,
    "f"
  ],
  [
    33.87587355208288,
    11.050314026702049,
    6.051494090225901,
    "f"
  ],
  [
    33.87802339241975,
    11.070593060769943,
    6.051490094760538,
    "f"
  ],
  [
    33.880278186411495,
    11.091862116761416,
    6.051486132091895,
    "f"
  ],
  [
    33.8826470604629,
    11.114207283539388,
    6.051482242451698,
    "f"
  ],
  [
    33.88513914097874,
    11.137714649966785,
    6.051478457327562,
    "f"
  ],
  [
    33.887763554363765,
    11.162470304906522,
    6.051474800319397,
    "f"
  ],
  [
    33.890529427022784,
    11.188560337221528,
    6.051471288159178,
    "f"
  ],
  [
    33.893445885360535,
    11.216070835774712,
    6.051467931768002,
    "f"
  ],
  [
    33.896522055781816,
    11.245087889429003,
    6.051464737285073,
    "f"
  ],
  [
    33.899767064691375,
    11.275697587047315,
    6.0514617070118675,
    "f"
  ],
  [
    33.90319003849401,
    11.30798601749257,
    6.051458840249211,
    "f"
  ],
  [
    33.90680010359448,
    11.34203926962769,
    6.051456134017599,
    "f"
  ],
  [
    33.910606386397546,
    11.377943432315591,
    6.05145358365769,
    "f"
  ],
  [
    33.914618013308015,
    11.4157845944192,
    6.051451183325526,
    "f"
  ],
  [
    33.918844110730625,
    11.45564884480143,
    6.051448926389412,
    "f"
  ],
  [
    33.92329380507016,
    11.49762227232521,
    6.051446805744149,
    "f"
  ],
  [
    33.927976222731395,
    11.541790965853444,
    6.051444814053639,
    "f"
  ],
  [
    33.9329004901191,
    11.588241014249068,
    6.051442943935626,
    "f"
  ],
  [
    33.93807573363806,
    11.637058506375,
    6.051441188099147,
    "f"
  ],
  [
    33.943511079693025,
    11.688329531094153,
    6.051439539444232,
    "f"
  ],
  [
    33.94921565468878,
    11.742140177269453,
    6.051437991130115,
    "f"
  ],
  [
    33.955198585030104,
    11.798576533763818,
    6.051436536622646,
    "f"
  ],
  [
    33.961468997121756,
    11.857724689440168,
    6.051435169719866,
    "f"
  ],
  [
    33.96803601736852,
    11.919670733161428,
    6.051433884567814,
    "f"
  ],
  [
    33.974908772175155,
    11.984500753790506,
    6.051432675664273,
    "f"
  ],
  [
    33.98209638794644,
    12.052300840190334,
    6.051431537853659,
    "f"
  ],
  [
    33.98960799108716,
    12.123157081223827,
    6.051430466319744,
    "f"
  ],
  [
    33.99745270800207,
    12.197155565753913,
    6.051429456571782,
    "f"
  ],
  [
    34.005639665095956,
    12.274382382643498,
    6.0514285044305325,
    "f"
  ],
  [
    34.01417798877358,
    12.354923620755518,
    6.051427606010861,
    "f"
  ],
  [
    34.023076805439715,
    12.438865368952872,
    6.0514267577053715,
    "f"
  ],
  [
    34.03234524149914,
    12.526293716098504,
    6.051425956165872,
    "f"
  ],
  [
    34.041992423356625,
    12.617294751055322,
    6.051425198287575,
    "f"
  ],
  [
    34.052027477416935,
    12.711954562686241,
    6.051424481191589,
    "f"
  ],
  [
    34.06245953008485,
    12.810359239854193,
    6.051423802209001,
    "f"
  ],
  [
    34.07329770776515,
    12.912594871422092,
    6.051423158865532,
    "f"
  ],
  [
    34.084551136862586,
    13.018747546252856,
    6.05142254886789,
    "f"
  ],
  [
    34.09622894378196,
    13.128903353209413,
    6.051421970088654,
    "f"
  ],
  [
    34.108340254928024,
    13.243148381154679,
    6.051421420555357,
    "f"
  ],
  [
    34.12089419670555,
    13.361568718951569,
    6.051420898437527,
    "f"
  ],
  [
    34.12089419670555,
    13.361568718951569,
    6.051420898437527,
    "f"
  ],
  [
    34.13344813848308,
    13.479989056748462,
    6.051421420555357,
    "f"
  ],
  [
    34.14555944962915,
    13.59423408469373,
    6.051421970088768,
    "f"
  ],
  [
    34.1572372565485,
    13.704389891650278,
    6.05142254886789,
    "f"
  ],
  [
    34.16849068564594,
    13.810542566481047,
    6.051423158865646,
    "f"
  ],
  [
    34.17932886332624,
    13.912778198048942,
    6.051423802209001,
    "f"
  ],
  [
    34.189760915994164,
    14.0111828752169,
    6.051424481191589,
    "f"
  ],
  [
    34.199795970054474,
    14.105842686847819,
    6.051425198287575,
    "f"
  ],
  [
    34.20944315191196,
    14.196843721804637,
    6.051425956165872,
    "f"
  ],
  [
    34.218711587971384,
    14.284272068950262,
    6.0514267577053715,
    "f"
  ],
  [
    34.227610404637524,
    14.368213817147627,
    6.051427606010975,
    "f"
  ],
  [
    34.23614872831514,
    14.448755055259642,
    6.051428504430646,
    "f"
  ],
  [
    34.24433568540903,
    14.525981872149229,
    6.051429456571782,
    "f"
  ],
  [
    34.252180402323944,
    14.599980356679314,
    6.05143046631963,
    "f"
  ],
  [
    34.25969200546465,
    14.670836597712803,
    6.051431537853659,
    "f"
  ],
  [
    34.26687962123595,
    14.738636684112635,
    6.051432675664159,
    "f"
  ],
  [
    34.27375237604257,
    14.803466704741709,
    6.051433884567814,
    "f"
  ],
  [
    34.28031939628935,
    14.865412748462973,
    6.051435169719866,
    "f"
  ],
  [
    34.286589808380995,
    14.92456090413932,
    6.051436536622532,
    "f"
  ],
  [
    34.29257273872231,
    14.980997260633684,
    6.051437991130342,
    "f"
  ],
  [
    34.29827731371808,
    15.03480790680899,
    6.051439539444232,
    "f"
  ],
  [
    34.30371265977303,
    15.086078931528137,
    6.051441188099261,
    "f"
  ],
  [
    34.308887903291996,
    15.134896423654071,
    6.051442943935513,
    "f"
  ],
  [
    34.313812170679704,
    15.181346472049693,
    6.051444814053639,
    "f"
  ],
  [
    34.31849458834094,
    15.225515165577931,
    6.051446805744149,
    "f"
  ],
  [
    34.322944282680474,
    15.267488593101707,
    6.051448926389412,
    "f"
  ],
  [
    34.32717038010309,
    15.30735284348394,
    6.051451183325412,
    "f"
  ],
  [
    34.33118200701355,
    15.34519400558755,
    6.051453583657576,
    "f"
  ],
  [
    34.33498828981662,
    15.381098168275452,
    6.051456134017599,
    "f"
  ],
  [
    34.33859835491708,
    15.415151420410565,
    6.051458840249211,
    "f"
  ],
  [
    34.342021328719724,
    15.447439850855822,
    6.05146170701164,
    "f"
  ],
  [
    34.34526633762928,
    15.47804954847413,
    6.051464737285073,
    "f"
  ],
  [
    34.34834250805055,
    15.507066602128422,
    6.051467931767888,
    "f"
  ],
  [
    34.351258966388315,
    15.53457710068161,
    6.051471288159178,
    "f"
  ],
  [
    34.35402483904733,
    15.560667132996613,
    6.051474800319397,
    "f"
  ],
  [
    34.35664925243236,
    15.585422787936356,
    6.051478457327335,
    "f"
  ],
  [
    34.3591413329482,
    15.608930154363751,
    6.051482242452039,
    "f"
  ],
  [
    34.361510206999604,
    15.631275321141725,
    6.051486132091895,
    "f"
  ],
  [
    34.36376500099134,
    15.652544377133195,
    6.051490094760311,
    "f"
  ],
  [
    34.365914841328205,
    15.672823411201085,
    6.05149409022556,
    "f"
  ],
  [
    34.36796885441497,
    15.692198512208316,
    6.051498068956107,
    "f"
  ],
  [
    34.36993616665639,
    15.710755769017807,
    6.051501972042729,
    "f"
  ],
  [
    34.371825904457225,
    15.72858127049247,
    6.051505731790371,
    "f"
  ],
  [
    34.373647194222286,
    15.745761105495237,
    6.051509273155375,
    "f"
  ],
  [
    34.37540916235633,
    15.762381362889023,
    6.051512516144157,
    "f"
  ],
  [
    34.37712093526411,
    15.77852813153674,
    6.051515379199941,
    "f"
  ],
  [
    34.3787916393504,
    15.794287500301317,
    6.0515177834439555,
    "f"
  ],
  [
    34.38043040102002,
    15.809745558045684,
    6.05151965748189,
    "f"
  ],
  [
    34.38204634667769,
    15.824988393632744,
    6.051520942305274,
    "f"
  ],
  [
    34.3836486027282,
    15.840102095925424,
    6.051521595720715,
    "f"
  ],
  [
    34.38524629557634,
    15.855172753786647,
    6.051521595720715,
    "f"
  ],
  [
    34.38684855162685,
    15.87028645607933,
    6.051520942305501,
    "f"
  ],
  [
    34.38846449728452,
    15.885529291666384,
    6.051519657482231,
    "f"
  ],
  [
    34.390103258954134,
    15.900987349410746,
    6.051517783444069,
    "f"
  ],
  [
    34.391773963040436,
    15.916746718175332,
    6.051515379199827,
    "f"
  ],
  [
    34.39348573594822,
    15.932893486823051,
    6.051512516144271,
    "f"
  ],
  [
    34.39524770408225,
    15.949513744216834,
    6.051509273155261,
    "f"
  ],
  [
    34.397068993847306,
    15.966693579219598,
    6.051505731790371,
    "f"
  ],
  [
    34.39895873164816,
    15.984519080694266,
    6.051501972042615,
    "f"
  ],
  [
    34.40092604388958,
    16.003076337503757,
    6.051498068956107,
    "f"
  ],
  [
    34.40298005697632,
    16.022451438510977,
    6.051494090225788,
    "f"
  ],
  [
    34.405129897313195,
    16.042730472578874,
    6.051490094760197,
    "f"
  ],
  [
    34.40738469130494,
    16.063999528570342,
    6.051486132091895,
    "f"
  ],
  [
    34.40975356535635,
    16.08634469534832,
    6.051482242452039,
    "f"
  ],
  [
    34.412245645872176,
    16.109852061775715,
    6.051478457327335,
    "f"
  ],
  [
    34.41487005925722,
    16.13460771671546,
    6.051474800319397,
    "f"
  ],
  [
    34.41763593191622,
    16.160697749030458,
    6.051471288159178,
    "f"
  ],
  [
    34.42055239025399,
    16.18820824758365,
    6.051467931767888,
    "f"
  ],
  [
    34.423628560675255,
    16.21722530123793,
    6.051464737285073,
    "f"
  ],
  [
    34.42687356958482,
    16.247834998856245,
    6.05146170701164,
    "f"
  ],
  [
    34.43029654338745,
    16.2801234293015,
    6.051458840249211,
    "f"
  ],
  [
    34.433906608487916,
    16.31417668143662,
    6.051456134017599,
    "f"
  ],
  [
    34.437712891291,
    16.350080844124523,
    6.051453583657576,
    "f"
  ],
  [
    34.44172451820145,
    16.38792200622813,
    6.051451183325298,
    "f"
  ],
  [
    34.445950615624064,
    16.427786256610364,
    6.051448926389298,
    "f"
  ],
  [
    34.450400309963605,
    16.46975968413414,
    6.051446805744149,
    "f"
  ],
  [
    34.45508272762484,
    16.513928377662378,
    6.051444814053639,
    "f"
  ],
  [
    34.46000699501254,
    16.560378426058,
    6.051442943935513,
    "f"
  ],
  [
    34.465182238531504,
    16.60919591818393,
    6.051441188099034,
    "f"
  ],
  [
    34.47061758458647,
    16.660466942903085,
    6.051439539444118,
    "f"
  ],
  [
    34.476322159582224,
    16.71427758907838,
    6.0514379911302285,
    "f"
  ],
  [
    34.48230508992355,
    16.77071394557275,
    6.051436536622646,
    "f"
  ],
  [
    34.4885755020152,
    16.829862101249102,
    6.051435169719753,
    "f"
  ],
  [
    34.49514252226196,
    16.89180814497036,
    6.051433884567814,
    "f"
  ],
  [
    34.5020152770686,
    16.95663816559944,
    6.051432675664159,
    "f"
  ],
  [
    34.509202892839895,
    17.02443825199927,
    6.051431537853659,
    "f"
  ],
  [
    34.51671449598061,
    17.09529449303276,
    6.051430466319744,
    "f"
  ],
  [
    34.52455921289552,
    17.16929297756284,
    6.051429456571782,
    "f"
  ],
  [
    34.532746169989395,
    17.24651979445243,
    6.051428504430646,
    "f"
  ],
  [
    34.54128449366703,
    17.327061032564448,
    6.051427606011089,
    "f"
  ],
  [
    34.55018331033316,
    17.411002780761805,
    6.0514267577053715,
    "f"
  ],
  [
    34.55945174639258,
    17.498431127907434,
    6.051425956165758,
    "f"
  ],
  [
    34.56909892825007,
    17.589432162864252,
    6.051425198287461,
    "f"
  ],
  [
    34.57913398231038,
    17.684091974495175,
    6.051424481191589,
    "f"
  ],
  [
    34.5895660349783,
    17.782496651663124,
    6.0514238022088875,
    "f"
  ],
  [
    34.600404212658596,
    17.884732283231024,
    6.051423158865646,
    "f"
  ],
  [
    34.61165764175603,
    17.990884958061788,
    6.05142254886789,
    "f"
  ],
  [
    34.623335448675405,
    18.101040765018347,
    6.051421970088768,
    "f"
  ],
  [
    34.63544675982146,
    18.21528579296361,
    6.051421420555357,
    "f"
  ],
  [
    34.64800070159899,
    18.3337061307605,
    6.051420898437527,
    "f"
  ]
]