--start--
[5.99, 0.67]
[5.99, 0.67]
[5.99, 0.67]
[5.99, 0.67]
[5.99, 0.67]
[5.99, 0.67]
[5.99, 0.67]
[5.99, 0.67]
[5.99, 0.67]
[5.99, 0.67]
[5.99, 0.67]
[6.15, 0.67]
[6.32, 0.67]
[6.56, 0.78]
[6.97, 0.78]
[7.30, 0.78]
[7.63, 0.78]
[7.96, 0.78]
[8.37, 0.89]
[8.78, 0.89]
[9.03, 0.89]
[9.27, 1.00]
[9.60, 1.00]
[9.85, 1.11]
[10.09, 1.11]
[10.50, 1.22]
[10.83, 1.34]
[10.91, 1.34]
[11.24, 1.56]
[11.49, 1.56]
[11.73, 1.67]
[12.06, 1.78]
[12.31, 1.89]
[12.55, 2.00]
[12.80, 2.23]
[13.05, 2.23]
[13.29, 2.45]
[13.70, 2.78]
[13.78, 2.78]
[13.95, 3.01]
[14.19, 3.23]
[14.36, 3.34]
[14.52, 3.56]
[14.69, 3.78]
[14.85, 4.01]
[14.93, 4.23]
[15.10, 4.45]
[15.18, 4.68]
[15.26, 5.01]
[15.34, 5.23]
[15.42, 5.57]
[15.51, 5.79]
[15.59, 6.01]
[15.67, 6.35]
[15.67, 6.57]
[15.75, 6.79]
[15.84, 7.12]
[15.84, 7.35]
[15.92, 7.57]
[16.00, 7.79]
[16.08, 8.24]
[16.08, 8.46]
[16.08, 8.57]
[16.16, 8.79]
[16.16, 9.02]
[16.25, 9.35]
[16.25, 9.68]
[16.33, 9.91]
[16.41, 10.13]
[16.41, 10.46]
[16.49, 10.69]
[16.49, 10.69]
[16.49, 10.69]
[16.49, 10.69]
[16.49, 10.69]
[16.49, 10.69]
[16.49, 10.69]
[16.49, 10.69]
[16.49, 10.69]
[16.49, 10.69]
[16.49, 10.69]
[16.49, 10.69]
[16.57, 10.69]
[16.57, 10.69]
[16.57, 10.69]
[16.57, 10.69]
[16.57, 10.58]
--stop--
[16.57, 10.58]
[16.57, 10.58]
[16.57, 10.58]
[16.57, 10.58]
[16.57, 10.58]
[16.57, 10.46]
[16.57, 10.35]
[16.57, 10.13]
[16.49, 9.57]
[16.41, 9.46]
[16.33, 8.57]
[16.16, 7.90]
[16.16, 7.57]
[15.92, 6.90]
[15.75, 6.35]
[15.51, 5.68]
[15.34, 5.12]
[15.01, 4.45]
[14.77, 3.90]
[14.28, 2.89]
