--start--
83.43
83.42
83.42
83.43
83.43
83.43
83.43
83.43
83.45
83.45
83.45
83.45
83.58
83.58
84.42
84.42
85.18
85.18
84.91
84.91
83.91
83.91
82.51
82.51
80.88
79.08
79.08
79.08
77.12
77.12
74.96
74.96
72.67
72.67
70.08
70.08
67.08
63.49
63.49
63.49
59.27
59.27
54.62
54.62
49.56
49.56
44.22
44.22
38.86
38.86
33.07
33.07
28.00
28.00
23.88
23.88
20.58
20.58
17.91
17.91
15.80
14.04
14.04
14.04
12.65
12.65
11.38
10.45
10.45
9.67
9.67
9.67
9.35
9.35
9.36
9.36
9.36
9.37
9.37
9.37
9.35
9.33
9.33
9.33
9.30
9.30
9.29
--stop--
9.29
9.29
9.29
9.29
9.29
9.28
9.28
9.56
11.04
11.04
14.30
14.30
14.30
18.53
18.53
22.77
22.77
27.23
27.23
32.02
