--start--
[-125.37, -323.72]
[-125.37, -323.72]
[-125.37, -323.72]
[-125.37, -323.72]
[-125.37, -323.72]
[-125.37, -323.72]
[-125.37, -323.72]
[-125.37, -323.72]
[-125.37, -323.72]
[-125.37, -323.72]
[-125.37, -323.72]
[-125.37, -323.72]
[-125.37, -323.72]
[-125.37, -323.72]
[-125.37, -323.83]
[-125.37, -323.83]
[-125.37, -323.83]
[-125.37, -323.72]
[-125.37, -323.83]
[-125.37, -323.83]
[-125.37, -323.83]
[-125.37, -323.72]
[-125.37, -323.72]
[-125.37, -323.83]
[-125.37, -323.83]
[-125.37, -323.83]
[-125.37, -323.83]
[-125.37, -323.83]
[-125.37, -323.83]
[-125.37, -323.83]
[-125.37, -323.83]
[-125.37, -323.83]
[-125.37, -323.83]
[-125.37, -323.83]
[-125.37, -323.83]
[-125.37, -323.83]
[-125.37, -323.83]
[-125.37, -323.83]
[-125.37, -323.83]
[-125.37, -323.83]
[-125.37, -323.83]
[-125.37, -323.72]
[-125.37, -323.72]
[-125.37, -323.72]
[-125.29, -323.72]
[-125.29, -323.72]
[-125.29, -323.72]
[-125.29, -323.72]
[-125.29, -323.83]
[-125.29, -323.83]
[-125.29, -323.83]
[-125.29, -323.83]
[-125.29, -323.83]
[-125.29, -323.83]
[-125.29, -323.83]
[-125.29, -323.83]
[-125.29, -323.83]
[-125.29, -323.83]
[-125.20, -323.83]
[-125.20, -323.83]
[-125.20, -323.83]
[-125.20, -323.83]
[-125.20, -323.83]
[-125.20, -323.83]
[-125.20, -323.83]
[-125.20, -323.72]
[-125.20, -323.72]
[-125.20, -323.72]
[-125.20, -323.72]
[-125.20, -323.72]
[-125.20, -323.72]
[-125.20, -323.72]
[-125.20, -323.61]
[-125.20, -323.61]
[-125.20, -323.61]
[-125.20, -323.61]
[-125.20, -323.61]
[-125.20, -323.61]
[-125.20, -323.61]
[-125.20, -323.61]
[-125.20, -323.61]
[-125.20, -323.49]
[-125.20, -323.49]
[-125.20, -323.49]
[-125.20, -323.49]
[-125.20, -323.49]
[-125.20, -323.49]
[-125.29, -323.38]
[-125.29, -323.38]
[-125.29, -323.38]
[-125.29, -323.38]
[-125.29, -323.38]
[-125.20, -323.38]
[-124.88, -323.38]
[-124.55, -323.38]
[-124.22, -323.38]
[-123.89, -323.38]
[-123.32, -323.27]
[-122.99, -323.27]
[-122.25, -323.16]
[-121.92, -323.05]
[-121.51, -322.94]
[-121.10, -322.83]
[-120.36, -322.38]
[-119.95, -322.16]
[-119.62, -321.94]
[-119.30, -321.71]
[-118.89, -321.27]
[-118.64, -321.05]
[-118.31, -320.71]
[-118.07, -320.27]
[-117.82, -319.93]
[-117.74, -319.71]
[-117.57, -319.49]
[-117.41, -319.15]
[-117.33, -318.82]
[-117.24, -318.60]
[-117.16, -318.49]
[-117.16, -318.26]
[-117.08, -318.15]
[-117.00, -317.93]
[-117.00, -317.71]
[-116.92, -317.59]
[-116.83, -317.26]
[-116.75, -316.82]
[-116.67, -316.59]
[-116.67, -316.15]
[-116.59, -315.81]
[-116.59, -315.26]
[-116.59, -314.92]
[-116.59, -314.37]
[-116.59, -314.03]
[-116.59, -313.59]
[-116.59, -313.25]
[-116.59, -312.92]
[-116.51, -312.70]
[-116.51, -312.36]
[-116.51, -312.14]
[-116.51, -312.03]
[-116.51, -312.03]
[-116.51, -312.03]
[-116.51, -312.03]
[-116.51, -312.03]
[-116.51, -312.03]
[-116.42, -312.03]
[-116.42, -311.92]
[-116.42, -311.92]
[-116.42, -311.92]
[-116.42, -311.92]
[-116.42, -311.92]
[-116.42, -311.92]
[-116.42, -311.92]
[-116.42, -311.92]
[-116.42, -311.92]
[-116.42, -311.92]
[-116.42, -311.92]
[-116.42, -311.92]
--stop--
[-116.42, -311.92]
[-116.51, -311.92]
[-116.51, -311.92]
[-116.42, -311.92]
[-116.42, -311.92]
[-116.42, -311.92]
[-116.42, -311.92]
[-116.42, -311.92]
[-116.42, -311.92]
[-116.42, -311.92]
[-116.42, -311.92]
[-116.42, -311.92]
[-116.42, -311.92]
[-116.42, -311.92]
[-116.42, -311.92]
[-116.42, -311.81]
[-116.42, -311.81]
[-116.42, -311.81]
[-116.42, -311.92]
[-116.34, -311.92]
[-116.34, -311.92]
[-116.34, -311.92]
[-116.34, -311.92]
[-116.34, -311.92]
[-116.34, -311.92]
[-116.34, -311.92]
[-116.34, -311.92]
[-116.34, -311.92]
[-116.34, -311.92]
[-116.34, -311.92]
[-116.34, -311.92]
[-116.26, -311.92]
[-116.26, -311.92]
[-116.26, -311.92]
[-116.26, -311.92]
[-116.26, -311.92]
[-116.26, -311.92]
[-116.26, -311.92]
[-116.26, -311.92]
[-116.26, -311.92]
[-116.26, -311.81]
[-116.34, -311.81]
[-116.34, -311.81]
[-116.34, -311.81]
[-116.42, -311.81]
[-116.42, -311.81]
[-116.42, -311.81]
[-116.42, -311.81]
[-116.51, -311.69]
[-116.51, -311.69]
[-116.51, -311.69]
[-116.51, -311.69]
[-116.51, -311.69]
[-116.51, -311.69]
[-116.51, -311.69]
[-116.42, -311.69]
[-116.42, -311.69]
[-116.42, -311.58]
[-116.42, -311.58]
[-116.42, -311.58]
[-116.42, -311.58]
[-116.42, -311.58]
[-116.42, -311.58]
[-116.34, -311.58]
[-116.34, -311.47]
[-116.34, -311.47]
[-116.34, -311.47]
[-116.34, -311.47]
[-116.26, -311.47]
[-116.26, -311.47]
[-116.26, -311.47]
[-116.26, -311.47]
[-116.26, -311.47]
[-116.18, -311.47]
[-116.18, -311.47]
[-116.18, -311.47]
[-116.18, -311.47]
[-116.18, -311.47]
[-116.10, -311.47]
[-116.10, -311.47]
[-116.10, -311.47]
[-116.10, -311.47]
[-116.10, -311.47]
[-116.10, -311.47]
[-116.01, -311.47]
[-116.01, -311.47]
[-116.01, -311.47]
[-116.01, -311.47]
[-116.01, -311.47]
[-116.01, -311.47]
[-115.93, -311.47]
[-115.93, -311.47]
[-115.93, -311.47]
[-115.93, -311.47]
[-115.93, -311.47]
[-115.93, -311.47]
[-115.93, -311.58]
[-115.85, -311.58]
[-115.85, -311.58]
[-115.85, -311.58]
[-115.85, -311.58]
[-115.85, -311.58]
[-115.85, -311.58]
[-115.85, -311.58]
[-115.85, -311.58]
[-115.85, -311.58]
[-115.85, -311.58]
[-115.85, -311.58]
[-115.85, -311.58]
[-115.85, -311.58]
[-115.85, -311.58]
[-115.85, -311.58]
[-115.85, -311.58]
[-115.85, -311.69]
[-115.85, -311.69]
[-115.85, -311.69]
[-115.85, -311.69]
[-115.85, -311.69]
[-115.85, -311.69]
[-115.85, -311.69]
[-115.93, -311.69]
[-115.93, -311.69]
[-115.93, -311.69]
[-115.93, -311.69]
[-115.93, -311.69]
[-115.93, -311.69]
[-115.93, -311.69]
[-115.93, -311.69]
[-115.93, -311.69]
[-116.01, -311.69]
[-116.01, -311.69]
[-116.01, -311.69]
[-116.01, -311.69]
[-116.01, -311.69]
[-116.01, -311.69]
[-116.01, -311.69]
[-116.10, -311.69]
[-116.10, -311.69]
[-116.10, -311.69]
[-116.10, -311.69]
[-116.10, -311.69]
[-116.10, -311.69]
[-116.10, -311.69]
[-116.10, -311.69]
[-116.18, -311.81]
[-116.18, -311.81]
[-116.18, -311.81]
[-116.18, -311.81]
[-116.18, -311.81]
[-116.18, -311.81]
[-116.18, -311.81]
[-116.18, -311.81]
[-116.18, -311.81]
[-116.18, -311.81]
[-116.18, -311.81]
[-116.26, -311.81]
[-116.26, -311.81]
[-116.26, -311.81]
[-116.26, -311.81]
[-116.26, -311.81]
[-116.26, -311.81]
[-116.34, -311.81]
[-116.34, -311.81]
[-116.34, -311.81]
[-116.34, -311.81]
[-116.34, -311.81]
[-116.34, -311.81]
[-116.34, -311.81]
[-116.34, -311.81]
[-116.34, -311.81]
[-116.42, -311.81]
[-116.42, -311.81]
[-116.42, -311.81]
[-116.42, -311.81]
[-116.42, -311.81]
[-116.42, -311.81]
[-116.42, -311.81]
[-116.42, -311.81]
[-116.51, -311.81]
[-116.51, -311.81]
[-116.51, -311.81]
[-116.51, -311.81]
[-116.51, -311.81]
[-116.51, -311.81]
[-116.51, -311.81]
[-116.51, -311.81]
[-116.51, -311.81]
[-116.51, -311.81]
[-116.51, -311.81]
[-116.51, -311.81]
[-116.51, -311.81]
[-116.51, -311.81]
[-116.51, -311.81]
[-116.51, -311.81]
[-116.51, -311.81]
[-116.51, -311.81]
[-116.51, -311.81]
[-116.51, -311.81]
[-116.51, -311.81]
[-116.51, -311.81]
[-116.51, -311.81]
[-116.59, -311.81]
[-116.59, -311.81]
[-116.59, -311.81]
[-116.59, -311.81]
[-116.59, -311.81]
[-116.59, -311.81]
[-116.59, -311.81]
[-116.59, -311.81]
[-116.59, -311.81]
[-116.59, -311.81]
[-116.59, -311.81]
[-116.59, -311.81]
[-116.59, -311.81]
[-116.59, -311.81]
[-116.59, -311.81]
[-116.59, -311.81]
[-116.59, -311.81]
[-116.59, -311.69]
[-116.59, -311.69]
[-116.59, -311.69]
[-116.59, -311.69]
[-116.59, -311.69]
[-116.59, -311.69]
[-116.59, -311.69]
[-116.59, -311.69]
[-116.59, -311.69]
[-116.59, -311.69]
[-116.59, -311.69]
[-116.59, -311.69]
[-116.59, -311.69]
[-116.59, -311.69]
[-116.59, -311.69]
[-116.59, -311.69]
[-116.59, -311.69]
[-116.59, -311.69]
[-116.59, -311.69]
[-116.67, -311.69]
[-116.67, -311.69]
[-116.67, -311.69]
[-116.67, -311.69]
[-116.67, -311.69]
[-116.67, -311.69]
[-116.67, -311.58]
[-116.67, -311.58]
[-116.67, -311.58]
[-116.67, -311.58]
[-116.67, -311.58]
[-116.67, -311.58]
[-116.67, -311.58]
[-116.67, -311.58]
[-116.67, -311.58]
[-116.67, -311.58]
[-116.75, -311.58]
[-116.75, -311.69]
[-116.75, -311.69]
[-116.75, -311.69]
[-116.75, -311.69]
[-116.83, -311.69]
[-116.83, -311.69]
[-116.83, -311.69]
[-116.83, -311.69]
[-116.83, -311.69]
[-116.83, -311.69]
[-116.92, -311.69]
[-116.92, -311.69]
[-116.92, -311.69]
[-116.92, -311.69]
[-116.92, -311.69]
[-116.92, -311.69]
[-116.92, -311.69]
[-116.92, -311.69]
[-117.00, -311.69]
[-117.00, -311.69]
[-117.00, -311.69]
[-117.00, -311.69]
[-117.00, -311.69]
[-117.00, -311.69]
[-117.00, -311.69]
[-117.00, -311.69]
[-117.00, -311.69]
[-117.00, -311.69]
[-117.00, -311.69]
[-117.08, -311.69]
[-117.08, -311.69]
[-117.00, -311.69]
[-117.00, -311.69]
[-117.00, -311.69]
[-117.00, -311.69]
[-117.00, -311.69]
[-117.00, -311.69]
[-117.00, -311.69]
[-117.00, -311.69]
[-117.00, -311.69]
[-117.00, -311.81]
[-117.00, -311.81]
[-117.00, -311.81]
[-117.00, -311.81]
[-117.00, -311.81]
[-117.00, -311.81]
[-117.00, -311.81]
[-116.92, -311.81]
[-116.92, -311.81]
[-116.92, -311.81]
[-116.92, -311.81]
[-116.92, -311.81]
[-116.92, -311.81]
[-116.92, -311.81]
[-116.92, -311.81]
[-116.92, -311.69]
[-116.92, -311.69]
[-116.83, -311.69]
[-116.83, -311.69]
