--start--
94.78
94.78
94.78
94.78
94.78
94.78
94.79
94.79
94.79
94.79
94.79
94.79
94.79
94.79
94.79
94.79
94.79
94.79
94.79
94.79
94.79
94.79
94.79
94.79
94.79
94.79
94.79
94.79
94.79
94.79
94.79
94.79
94.79
94.79
94.79
94.79
94.79
94.79
94.79
94.79
94.79
94.79
94.79
94.79
94.79
94.79
94.79
94.79
94.79
94.79
94.79
94.79
94.79
94.79
94.79
94.79
94.79
94.79
94.79
94.79
94.79
94.79
94.79
94.79
94.79
94.79
94.79
94.79
94.79
94.79
94.79
94.79
94.79
94.79
94.79
94.79
94.79
94.79
94.79
94.79
94.79
94.79
94.79
94.79
94.79
94.79
94.79
94.79
94.79
94.79
94.79
94.79
94.79
94.79
94.72
93.65
93.65
93.65
91.21
87.56
87.56
81.36
81.36
74.18
74.18
74.18
66.63
59.79
59.79
59.79
52.11
45.30
45.30
40.13
40.13
36.07
36.07
36.07
32.37
29.67
29.67
27.56
27.56
27.56
24.84
20.98
20.98
20.98
15.93
10.10
10.10
6.27
6.27
5.61
5.61
5.72
5.72
5.69
5.69
5.67
5.67
5.67
5.67
5.67
5.67
5.67
5.67
5.65
5.65
5.66
5.66
5.66
5.67
5.66
5.66
5.67
5.67
--stop--
5.67
5.67
5.67
5.67
5.67
5.67
5.67
5.67
5.67
5.67
5.68
5.68
5.68
5.68
5.68
5.68
5.68
5.68
5.68
5.68
5.68
5.68
5.68
5.68
5.68
5.68
5.68
5.68
5.68
5.68
5.68
5.68
5.68
5.68
5.68
5.68
5.68
5.68
5.68
5.68
5.68
5.68
5.68
5.68
5.68
5.68
5.68
5.68
5.68
5.68
5.68
5.68
5.68
5.68
5.68
5.68
5.68
5.68
5.68
5.68
5.68
5.68
5.68
5.68
5.68
5.68
5.68
5.68
5.68
5.68
5.68
5.68
5.68
5.68
5.68
5.68
5.68
5.68
5.68
5.68
5.68
5.68
5.68
5.68
5.68
5.68
5.68
5.68
5.68
5.68
5.68
5.68
5.68
5.68
5.68
5.68
5.68
5.68
5.68
5.68
5.68
5.68
5.68
5.68
5.68
5.68
5.68
5.68
5.68
5.68
5.68
5.68
5.68
5.68
5.68
5.68
5.68
5.68
5.68
5.68
5.68
5.68
5.68
5.68
5.68
5.68
5.68
5.68
5.68
5.68
5.68
5.68
5.68
5.68
5.68
5.68
5.68
5.68
5.68
5.68
5.68
5.68
5.68
5.68
5.68
5.68
5.68
5.68
5.68
5.68
5.68
5.68
5.68
5.68
5.68
5.68
5.68
5.68
5.68
5.68
5.68
5.68
5.68
5.68
5.68
5.68
5.68
5.68
5.68
5.68
5.68
5.68
5.68
5.68
5.68
5.68
5.68
5.68
5.68
5.68
5.68
5.68
5.68
5.68
5.68
5.68
5.68
5.68
5.68
5.68
5.68
5.68
5.68
5.68
5.68
5.68
5.68
5.68
5.68
5.68
5.68
5.68
5.68
5.68
5.68
5.68
5.68
5.68
5.68
5.68
5.68
5.68
5.68
5.68
5.68
5.68
5.68
5.68
5.68
5.68
5.68
5.68
5.68
5.68
5.68
5.68
5.68
5.68
5.68
5.68
5.68
5.68
5.68
5.68
5.68
5.68
5.68
5.68
5.68
5.68
5.68
5.68
5.68
5.68
5.68
5.68
5.68
5.68
5.68
5.68
5.68
5.68
5.68
5.68
5.68
5.68
5.68
5.68
5.68
5.68
5.68
5.68
5.68
5.68
5.68
5.68
5.68
5.68
5.68
5.68
5.68
5.68
5.68
5.68
5.68
5.68
5.68
5.68
5.68
5.68
5.68
5.68
5.68
5.68
5.68
5.68
5.68
5.68
5.68
5.68
5.68
5.68
5.68
5.68
5.68
5.68
5.68
5.68
5.68
5.68
5.68
5.68
5.68
5.68
5.68
5.68
5.68
5.68
5.68
5.68
5.68
5.68
5.68
