--start--
[1.48, -0.11]
[1.48, -0.11]
[1.48, -0.11]
[1.48, -0.11]
[1.64, 0.00]
[1.81, 0.00]
[2.13, 0.00]
[2.30, 0.00]
[2.87, 0.11]
[3.12, 0.11]
[3.53, 0.11]
[3.86, 0.11]
[4.10, 0.22]
[4.43, 0.22]
[4.68, 0.22]
[5.09, 0.33]
[5.42, 0.33]
[5.66, 0.33]
[5.91, 0.33]
[6.24, 0.45]
[6.48, 0.45]
[6.65, 0.45]
[6.97, 0.56]
[7.30, 0.56]
[7.55, 0.67]
[7.79, 0.67]
[8.12, 0.67]
[8.45, 0.78]
[8.70, 0.78]
[9.03, 0.89]
[9.27, 0.89]
[9.44, 1.00]
[9.85, 1.11]
[9.93, 1.11]
[10.42, 1.22]
[10.50, 1.22]
[10.83, 1.34]
[10.99, 1.45]
[11.32, 1.56]
[11.65, 1.67]
[11.98, 1.78]
[12.14, 1.89]
[12.31, 1.89]
[12.64, 2.00]
[12.80, 2.23]
[13.13, 2.34]
[13.37, 2.56]
[13.54, 2.67]
[13.70, 2.78]
[13.95, 3.01]
[14.11, 3.12]
[14.28, 3.34]
[14.44, 3.45]
[14.60, 3.67]
[14.69, 3.90]
[14.85, 4.12]
[14.93, 4.23]
[15.10, 4.56]
[15.18, 4.79]
[15.34, 5.12]
[15.42, 5.34]
[15.42, 5.57]
[15.51, 5.79]
[15.59, 6.12]
[15.67, 6.35]
[15.75, 6.68]
[15.75, 6.90]
[15.84, 7.12]
[15.84, 7.35]
[15.92, 7.57]
[16.00, 7.90]
[16.00, 8.13]
[16.08, 8.46]
[16.16, 8.68]
[16.16, 8.91]
[16.25, 9.24]
[16.25, 9.46]
[16.25, 9.57]
[16.33, 10.02]
[16.41, 10.24]
[16.41, 10.46]
[16.49, 10.69]
[16.49, 10.69]
[16.49, 10.69]
[16.49, 10.69]
[16.49, 10.69]
[16.49, 10.69]
[16.49, 10.69]
[16.49, 10.69]
[16.49, 10.69]
[16.49, 10.69]
[16.49, 10.69]
[16.49, 10.69]
[16.49, 10.69]
[16.49, 10.69]
[16.49, 10.69]
[16.49, 10.69]
[16.49, 10.69]
[16.49, 10.69]
[16.57, 10.69]
[16.57, 10.69]
[16.57, 10.69]
[16.57, 10.69]
[16.57, 10.69]
[16.57, 10.69]
[16.57, 10.69]
[16.57, 10.69]
[16.57, 10.69]
--stop--
[16.57, 10.69]
[16.57, 10.69]
[16.57, 10.69]
[16.57, 10.69]
[16.57, 10.69]
[16.57, 10.69]
[16.57, 10.69]
[16.57, 10.69]
[16.57, 10.69]
[16.57, 10.69]
[16.57, 10.69]
[16.57, 10.69]
[16.66, 10.69]
[16.66, 10.69]
[16.66, 10.69]
[16.66, 10.69]
[16.66, 10.69]
[16.66, 10.69]
[16.66, 10.69]
[16.66, 10.69]
[16.66, 10.69]
[16.66, 10.69]
[16.66, 10.69]
[16.66, 10.69]
[16.66, 10.69]
[16.66, 10.69]
[16.66, 10.69]
[16.66, 10.69]
[16.66, 10.69]
[16.74, 10.69]
[16.74, 10.69]
[16.74, 10.69]
[16.74, 10.69]
[16.74, 10.69]
[16.74, 10.69]
[16.74, 10.69]
[16.74, 10.69]
[16.74, 10.69]
[16.74, 10.69]
[16.74, 10.58]
[16.74, 10.58]
[16.74, 10.58]
[16.74, 10.58]
[16.82, 10.58]
[16.82, 10.58]
[16.82, 10.58]
[16.82, 10.58]
[16.82, 10.58]
[16.82, 10.46]
[16.82, 10.46]
[16.82, 10.46]
[16.82, 10.46]
[16.82, 10.46]
[16.82, 10.46]
[16.82, 10.46]
[16.82, 10.46]
[16.82, 10.46]
[16.82, 10.46]
[16.82, 10.46]
[16.82, 10.46]
[16.82, 10.46]
[16.82, 10.46]
[16.82, 10.46]
[16.82, 10.46]
[16.82, 10.46]
[16.82, 10.46]
[16.82, 10.46]
[16.82, 10.46]
[16.82, 10.46]
[16.82, 10.46]
[16.82, 10.46]
[16.82, 10.46]
[16.82, 10.46]
[16.82, 10.46]
[16.82, 10.58]
[16.82, 10.58]
[16.82, 10.58]
[16.74, 10.58]
[16.74, 10.58]
