--start--
85.03
85.01
85.02
85.02
84.97
84.97
84.58
84.58
84.58
84.10
84.10
83.87
83.87
83.79
83.79
83.70
83.70
83.56
83.56
83.31
83.31
82.99
82.99
82.60
82.60
82.10
82.10
81.45
81.45
80.74
80.74
79.93
79.93
78.90
77.64
77.64
77.64
76.24
76.24
74.44
72.57
72.57
72.57
70.39
70.39
67.64
67.64
64.63
64.63
60.85
60.85
57.00
57.00
52.79
52.79
48.35
48.35
43.58
43.58
38.03
32.96
32.96
32.96
27.89
27.89
23.99
23.99
20.56
20.56
17.96
17.96
15.92
15.92
14.04
14.04
12.64
12.64
11.54
11.54
10.58
10.58
9.80
9.80
9.51
9.51
9.51
9.51
9.51
9.50
9.50
9.50
9.54
9.54
9.58
9.58
9.57
9.57
9.58
9.58
9.57
9.57
9.56
9.56
9.54
9.54
9.54
9.54
9.55
--stop--
9.55
9.54
9.54
9.54
9.54
9.54
9.54
9.54
9.54
9.54
9.54
9.54
9.54
9.54
9.54
9.54
9.54
9.54
9.54
9.54
9.54
9.54
9.54
9.54
9.54
9.54
9.54
9.54
9.54
9.54
9.54
9.54
9.54
9.54
9.54
9.54
9.54
9.54
9.54
9.54
9.54
9.54
9.54
9.54
9.54
9.54
9.54
9.54
9.54
9.54
9.54
9.54
9.54
9.54
9.54
9.54
9.54
9.54
9.54
9.54
9.54
9.54
9.54
9.54
9.54
9.54
9.54
9.54
9.54
9.54
9.54
9.54
9.54
9.54
9.54
9.54
9.54
9.54
9.54
