--start--
[0.08, -0.11]
[0.08, -0.11]
[0.08, -0.11]
[0.08, -0.11]
[0.08, -0.11]
[0.08, -0.11]
[0.08, -0.11]
[0.08, -0.11]
[0.08, -0.11]
[0.25, -0.11]
[0.25, -0.11]
[0.41, -0.11]
[0.82, 0.00]
[0.82, 0.00]
[1.07, 0.00]
[1.48, 0.00]
[1.48, 0.00]
[1.81, 0.11]
[2.05, 0.22]
[2.05, 0.22]
[2.46, 0.22]
[2.71, 0.33]
[2.71, 0.33]
[3.04, 0.33]
[3.20, 0.33]
[3.36, 0.45]
[3.61, 0.45]
[3.77, 0.56]
[3.77, 0.56]
[4.10, 0.56]
[4.35, 0.67]
[4.35, 0.67]
[4.68, 0.78]
[4.84, 0.78]
[4.84, 0.78]
[5.17, 0.89]
[5.42, 1.00]
[5.58, 1.00]
[5.74, 1.11]
[5.99, 1.22]
[5.99, 1.22]
[6.32, 1.22]
[6.48, 1.34]
[6.48, 1.34]
[6.81, 1.45]
[6.97, 1.56]
[6.97, 1.56]
[7.30, 1.67]
[7.55, 1.78]
[7.63, 1.89]
[7.79, 2.00]
[8.04, 2.12]
[8.12, 2.12]
[8.29, 2.23]
[8.53, 2.34]
[8.61, 2.45]
[8.78, 2.56]
[8.94, 2.67]
[9.03, 2.67]
[9.19, 2.78]
[9.44, 3.01]
[9.44, 3.01]
[9.60, 3.12]
[9.85, 3.45]
[9.85, 3.45]
[10.01, 3.56]
[10.09, 3.67]
[10.17, 3.78]
[10.26, 3.90]
[10.42, 4.12]
[10.42, 4.23]
[10.50, 4.34]
[10.67, 4.68]
[10.67, 4.68]
[10.75, 4.90]
[10.83, 5.12]
[10.83, 5.12]
[10.91, 5.34]
[10.91, 5.68]
[10.91, 5.68]
[10.99, 5.90]
[10.99, 6.12]
[11.08, 6.23]
[11.08, 6.46]
[11.08, 6.79]
[11.08, 6.79]
[11.16, 7.01]
[11.16, 7.24]
[11.16, 7.24]
[11.16, 7.46]
[11.16, 7.79]
[11.16, 7.79]
[11.24, 8.02]
[11.24, 8.13]
[11.24, 8.24]
[11.24, 8.46]
[11.24, 8.79]
[11.24, 8.91]
[11.24, 9.13]
[11.24, 9.35]
[11.24, 9.35]
[11.24, 9.68]
[11.32, 9.91]
[11.32, 9.91]
[11.32, 10.13]
[11.32, 10.35]
[11.32, 10.58]
[11.32, 10.69]
[11.32, 10.91]
[11.32, 10.91]
[11.32, 10.91]
[11.32, 10.91]
[11.32, 10.91]
[11.32, 10.91]
[11.32, 10.91]
[11.32, 10.91]
[11.32, 10.91]
[11.32, 10.91]
[11.32, 10.91]
[11.32, 10.91]
[11.32, 10.91]
[11.32, 11.02]
[11.32, 11.02]
[11.32, 11.02]
[11.32, 11.02]
[11.32, 11.02]
[11.32, 11.02]
[11.32, 11.02]
[11.32, 11.02]
[11.32, 11.02]
[11.32, 11.02]
[11.32, 11.02]
[11.32, 11.02]
[11.32, 11.02]
[11.32, 11.02]
[11.40, 11.02]
[11.40, 11.02]
[11.40, 11.13]
[11.40, 11.13]
[11.40, 11.13]
[11.40, 11.13]
[11.40, 11.13]
[11.40, 11.13]
[11.40, 11.13]
[11.40, 11.13]
[11.40, 11.13]
[11.40, 11.24]
[11.40, 11.24]
[11.40, 11.24]
[11.40, 11.24]
[11.40, 11.24]
[11.40, 11.24]
[11.40, 11.24]
[11.40, 11.24]
[11.40, 11.24]
[11.40, 11.24]
[11.40, 11.24]
[11.40, 11.24]
[11.40, 11.24]
[11.40, 11.24]
[11.40, 11.24]
[11.49, 11.24]
[11.49, 11.24]
[11.49, 11.24]
[11.49, 11.24]
[11.49, 11.35]
[11.49, 11.35]
--stop--
[11.49, 11.35]
[11.49, 11.35]
[11.49, 11.35]
[11.49, 11.35]
[11.49, 11.35]
[11.49, 11.35]
[11.49, 11.35]
[11.49, 11.35]
[11.49, 11.35]
[11.49, 11.35]
[11.49, 11.35]
[11.49, 11.35]
[11.49, 11.35]
[11.49, 11.35]
[11.49, 11.35]
[11.57, 11.35]
[11.57, 11.35]
[11.57, 11.35]
[11.57, 11.35]
[11.57, 11.35]
[11.57, 11.35]
[11.57, 11.35]
[11.57, 11.35]
[11.57, 11.35]
[11.57, 11.35]
[11.57, 11.35]
[11.57, 11.47]
[11.57, 11.47]
[11.57, 11.47]
[11.57, 11.47]
[11.57, 11.47]
[11.57, 11.47]
[11.57, 11.47]
[11.57, 11.47]
[11.57, 11.47]
[11.57, 11.47]
[11.57, 11.47]
[11.65, 11.47]
[11.65, 11.47]
[11.65, 11.47]
[11.65, 11.47]
[11.65, 11.47]
[11.65, 11.47]
[11.65, 11.58]
[11.65, 11.58]
[11.65, 11.58]
[11.65, 11.58]
[11.65, 11.58]
[11.65, 11.58]
[11.65, 11.58]
[11.65, 11.58]
[11.65, 11.58]
[11.65, 11.58]
[11.65, 11.58]
[11.65, 11.58]
[11.65, 11.58]
[11.65, 11.58]
[11.65, 11.58]
[11.65, 11.58]
[11.65, 11.58]
[11.65, 11.58]
[11.65, 11.58]
[11.65, 11.58]
[11.65, 11.58]
[11.65, 11.58]
[11.65, 11.58]
[11.65, 11.58]
[11.65, 11.58]
[11.65, 11.58]
[11.65, 11.58]
[11.65, 11.58]
[11.65, 11.58]
[11.65, 11.58]
[11.65, 11.69]
[11.65, 11.69]
[11.65, 11.58]
[11.65, 11.58]
[11.65, 11.58]
[11.65, 11.58]
[11.65, 11.58]
[11.65, 11.69]
[11.65, 11.69]
[11.65, 11.69]
[11.65, 11.69]
[11.65, 11.69]
[11.65, 11.69]
[11.65, 11.69]
[11.65, 11.69]
[11.65, 11.69]
[11.65, 11.69]
[11.65, 11.69]
[11.65, 11.69]
[11.65, 11.69]
[11.65, 11.69]
[11.65, 11.69]
[11.65, 11.69]
[11.65, 11.69]
[11.65, 11.69]
[11.65, 11.69]
[11.65, 11.69]
[11.65, 11.69]
[11.65, 11.69]
[11.65, 11.69]
[11.65, 11.69]
[11.65, 11.69]
[11.65, 11.69]
[11.65, 11.69]
[11.65, 11.69]
[11.65, 11.69]
[11.65, 11.69]
[11.57, 11.69]
[11.57, 11.69]
[11.57, 11.69]
[11.57, 11.69]
[11.57, 11.69]
[11.57, 11.69]
[11.57, 11.69]
[11.57, 11.69]
[11.57, 11.69]
[11.57, 11.69]
[11.57, 11.69]
[11.57, 11.69]
[11.57, 11.69]
[11.57, 11.69]
[11.57, 11.58]
[11.57, 11.58]
[11.57, 11.58]
[11.57, 11.58]
[11.57, 11.58]
[11.57, 11.58]
[11.57, 11.58]
[11.57, 11.58]
[11.57, 11.58]
[11.57, 11.58]
[11.57, 11.58]
[11.57, 11.58]
[11.57, 11.58]
[11.49, 11.58]
[11.49, 11.58]
[11.49, 11.58]
[11.49, 11.58]
[11.49, 11.58]
[11.49, 11.58]
[11.49, 11.58]
[11.49, 11.58]
[11.49, 11.58]
[11.49, 11.58]
[11.49, 11.58]
[11.49, 11.58]
[11.49, 11.47]
[11.49, 11.47]
[11.49, 11.47]
[11.49, 11.47]
[11.49, 11.47]
[11.49, 11.47]
[11.49, 11.47]
[11.49, 11.47]
[11.49, 11.47]
[11.49, 11.47]
[11.49, 11.47]
[11.49, 11.47]
[11.49, 11.47]
[11.49, 11.47]
[11.49, 11.47]
[11.49, 11.47]
[11.49, 11.47]
[11.49, 11.47]
[11.49, 11.35]
[11.49, 11.35]
[11.49, 11.35]
[11.49, 11.35]
[11.49, 11.35]
[11.49, 11.35]
[11.49, 11.35]
[11.49, 11.35]
[11.49, 11.35]
[11.49, 11.35]
[11.49, 11.35]
[11.49, 11.35]
[11.49, 11.35]
[11.49, 11.35]
[11.49, 11.35]
[11.57, 11.35]
[11.57, 11.35]
[11.57, 11.35]
[11.57, 11.35]
[11.57, 11.35]
[11.57, 11.35]
[11.57, 11.35]
[11.57, 11.35]
[11.57, 11.35]
[11.57, 11.35]
[11.57, 11.35]
[11.57, 11.35]
[11.57, 11.35]
[11.57, 11.35]
[11.57, 11.35]
[11.57, 11.35]
[11.57, 11.35]
[11.57, 11.35]
[11.57, 11.35]
[11.57, 11.35]
[11.57, 11.35]
[11.57, 11.35]
[11.57, 11.35]
[11.57, 11.35]
[11.57, 11.35]
[11.57, 11.35]
[11.57, 11.35]
[11.57, 11.35]
[11.57, 11.35]
[11.65, 11.35]
[11.65, 11.35]
[11.65, 11.35]
[11.65, 11.35]
[11.65, 11.35]
[11.65, 11.35]
[11.65, 11.35]
[11.65, 11.35]
[11.65, 11.35]
[11.65, 11.35]
[11.65, 11.35]
[11.65, 11.35]
[11.65, 11.35]
[11.65, 11.35]
[11.65, 11.35]
[11.65, 11.35]
[11.65, 11.35]
[11.65, 11.35]
[11.65, 11.35]
[11.65, 11.35]
[11.65, 11.35]
[11.65, 11.47]
[11.65, 11.47]
[11.65, 11.47]
[11.65, 11.47]
[11.65, 11.47]
[11.65, 11.47]
[11.65, 11.47]
[11.65, 11.47]
[11.65, 11.47]
[11.65, 11.47]
[11.65, 11.47]
[11.65, 11.47]
[11.65, 11.47]
[11.65, 11.47]
[11.65, 11.47]
