[42.520205,-83.043521]
[42.520205, -83.043521]
[42.520205, -83.043521]
[42.520205, -83.043521]
[42.520205, -83.043521]
[42.520205, -83.043521]
[42.520205, -83.043521]
[42.520205, -83.043521]
[42.520205, -83.043521]
[42.520205, -83.043521]
[42.520205, -83.043521]
[42.520205, -83.043521]
[42.520205, -83.043521]
[42.520205, -83.043521]
[42.520205, -83.043521]
[42.520205, -83.043521]
[42.520205, -83.043521]
[42.520205, -83.043521]
[42.520205, -83.043521]
[42.520205, -83.043521]
[42.520205, -83.043521]
[42.520205, -83.043521]
[42.520205, -83.043521]
[42.520205, -83.043521]
[42.520205, -83.043521]
[42.520205, -83.043521]
[42.520205, -83.043521]
[42.520205, -83.043520]
[42.520205, -83.043520]
[42.520205, -83.043520]
[42.520205, -83.043520]
[42.520205, -83.043520]
[42.520205, -83.043520]
[42.520205, -83.043520]
[42.520205, -83.043520]
[42.520205, -83.043520]
[42.520205, -83.043520]
[42.520205, -83.043520]
[42.520205, -83.043520]
[42.520205, -83.043520]
[42.520205, -83.043520]
[42.520204, -83.043520]
[42.520204, -83.043520]
[42.520204, -83.043520]
[42.520204, -83.043520]
[42.520204, -83.043520]
[42.520204, -83.043520]
[42.520204, -83.043520]
[42.520204, -83.043520]
[42.520204, -83.043520]
[42.520204, -83.043520]
[42.520204, -83.043520]
[42.520204, -83.043520]
[42.520204, -83.043520]
[42.520204, -83.043520]
[42.520204, -83.043520]
[42.520204, -83.043520]
[42.520204, -83.043520]
[42.520204, -83.043520]
[42.520204, -83.043520]
[42.520204, -83.043520]
[42.520204, -83.043520]
[42.520204, -83.043520]
[42.520204, -83.043520]
[42.520204, -83.043520]
[42.520204, -83.043520]
[42.520204, -83.043520]
[42.520204, -83.043520]
[42.520204, -83.043520]
[42.520204, -83.043520]
[42.520204, -83.043520]
[42.520204, -83.043520]
[42.520204, -83.043520]
[42.520204, -83.043520]
[42.520203, -83.043520]
[42.520203, -83.043520]
[42.520203, -83.043520]
[42.520203, -83.043520]
[42.520203, -83.043520]
[42.520203, -83.043520]
[42.520203, -83.043520]
[42.520203, -83.043520]
[42.520203, -83.043520]
[42.520203, -83.043520]
[42.520203, -83.043520]
[42.520202, -83.043520]
[42.520202, -83.043520]
[42.520202, -83.043520]
[42.520202, -83.043520]
[42.520202, -83.043520]
[42.520202, -83.043519]
[42.520202, -83.043519]
[42.520202, -83.043519]
[42.520202, -83.043519]
[42.520202, -83.043519]
[42.520202, -83.043519]
[42.520202, -83.043519]
[42.520202, -83.043519]
[42.520202, -83.043519]
[42.520201, -83.043519]
[42.520201, -83.043519]
[42.520201, -83.043519]
[42.520201, -83.043519]
[42.520201, -83.043519]
[42.520201, -83.043519]
[42.520201, -83.043519]
[42.520201, -83.043519]
[42.520201, -83.043519]
[42.520201, -83.043519]
[42.520201, -83.043519]
[42.520201, -83.043519]
[42.520201, -83.043519]
[42.520201, -83.043519]
[42.520201, -83.043519]
[42.520201, -83.043519]
[42.520200, -83.043519]
[42.520200, -83.043519]
[42.520200, -83.043519]
[42.520200, -83.043519]
[42.520200, -83.043519]
[42.520200, -83.043520]
[42.520200, -83.043520]
[42.520200, -83.043520]
[42.520200, -83.043520]
[42.520200, -83.043520]
[42.520200, -83.043520]
[42.520200, -83.043520]
[42.520200, -83.043520]
[42.520200, -83.043520]
[42.520200, -83.043520]
[42.520200, -83.043520]
[42.520200, -83.043519]
[42.520200, -83.043519]
[42.520200, -83.043519]
[42.520200, -83.043519]
[42.520200, -83.043519]
[42.520200, -83.043519]
[42.520200, -83.043519]
[42.520200, -83.043519]
[42.520200, -83.043519]
[42.520200, -83.043519]
[42.520200, -83.043519]
[42.520200, -83.043519]
[42.520200, -83.043519]
[42.520200, -83.043519]
[42.520200, -83.043519]
[42.520200, -83.043519]
[42.520200, -83.043519]
[42.520200, -83.043519]
[42.520200, -83.043519]
[42.520200, -83.043519]
[42.520200, -83.043519]
[42.520200, -83.043519]
[42.520200, -83.043519]
[42.520200, -83.043519]
[42.520200, -83.043519]
[42.520200, -83.043519]
[42.520200, -83.043519]
[42.520200, -83.043519]
[42.520200, -83.043519]
[42.520200, -83.043519]
[42.520200, -83.043519]
[42.520200, -83.043519]
[42.520200, -83.043519]
[42.520200, -83.043519]
[42.520200, -83.043519]
[42.520200, -83.043519]
[42.520200, -83.043519]
[42.520200, -83.043519]
[42.520200, -83.043519]
[42.520200, -83.043519]
[42.520200, -83.043519]
[42.520200, -83.043519]
[42.520200, -83.043519]
[42.520200, -83.043519]
[42.520200, -83.043519]
[42.520200, -83.043519]
[42.520200, -83.043519]
[42.520200, -83.043519]
[42.520200, -83.043519]
[42.520200, -83.043519]
[42.520200, -83.043519]
[42.520200, -83.043519]
[42.520200, -83.043519]
[42.520200, -83.043519]
[42.520200, -83.043519]
[42.520200, -83.043519]
[42.520200, -83.043519]
[42.520200, -83.043519]
[42.520200, -83.043519]
[42.520200, -83.043519]
[42.520200, -83.043519]
[42.520200, -83.043519]
[42.520199, -83.043519]
[42.520199, -83.043519]
[42.520199, -83.043519]
[42.520199, -83.043519]
[42.520199, -83.043519]
[42.520199, -83.043519]
[42.520199, -83.043519]
[42.520199, -83.043519]
[42.520199, -83.043519]
[42.520199, -83.043519]
[42.520199, -83.043519]
[42.520199, -83.043519]
[42.520199, -83.043519]
[42.520199, -83.043519]
[42.520199, -83.043519]
[42.520199, -83.043519]
[42.520199, -83.043519]
[42.520199, -83.043519]
[42.520199, -83.043519]
[42.520199, -83.043519]
[42.520199, -83.043519]
[42.520199, -83.043519]
[42.520199, -83.043519]
[42.520199, -83.043519]
[42.520199, -83.043519]
[42.520199, -83.043519]
[42.520199, -83.043519]
[42.520199, -83.043519]
[42.520199, -83.043519]
[42.520199, -83.043519]
[42.520199, -83.043519]
[42.520199, -83.043519]
[42.520199, -83.043519]
[42.520199, -83.043519]
[42.520199, -83.043519]
[42.520199, -83.043519]
[42.520199, -83.043519]
[42.520199, -83.043519]
[42.520199, -83.043519]
[42.520199, -83.043519]
[42.520199, -83.043519]
[42.520199, -83.043519]
[42.520199, -83.043519]
[42.520199, -83.043519]
[42.520199, -83.043519]
[42.520199, -83.043519]
[42.520199, -83.043519]
[42.520199, -83.043519]
[42.520199, -83.043519]
[42.520199, -83.043519]
[42.520199, -83.043519]
[42.520199, -83.043519]
[42.520199, -83.043519]
[42.520199, -83.043519]
[42.520199, -83.043519]
[42.520199, -83.043519]
[42.520199, -83.043519]
[42.520199, -83.043519]
[42.520199, -83.043519]
[42.520199, -83.043519]
[42.520199, -83.043519]
[42.520199, -83.043519]
[42.520199, -83.043519]
[42.520199, -83.043519]
[42.520199, -83.043519]
[42.520199, -83.043519]
[42.520199, -83.043519]
[42.520199, -83.043519]
[42.520199, -83.043519]
[42.520199, -83.043519]
[42.520199, -83.043519]
[42.520199, -83.043519]
[42.520199, -83.043519]
[42.520199, -83.043519]
[42.520199, -83.043520]
[42.520199, -83.043520]
[42.520199, -83.043519]
[42.520199, -83.043520]
[42.520199, -83.043520]
[42.520199, -83.043519]
[42.520199, -83.043519]
[42.520199, -83.043519]
[42.520199, -83.043519]
[42.520199, -83.043519]
[42.520199, -83.043519]
[42.520199, -83.043519]
[42.520199, -83.043519]
[42.520199, -83.043519]
[42.520199, -83.043519]
[42.520199, -83.043519]
[42.520199, -83.043519]
[42.520199, -83.043519]
[42.520199, -83.043519]
[42.520199, -83.043519]
[42.520199, -83.043519]
[42.520199, -83.043519]
[42.520199, -83.043519]
[42.520199, -83.043519]
[42.520199, -83.043519]
[42.520199, -83.043519]
[42.520198, -83.043519]
[42.520198, -83.043519]
[42.520198, -83.043519]
[42.520198, -83.043519]
[42.520198, -83.043519]
[42.520198, -83.043519]
[42.520199, -83.043519]
[42.520199, -83.043519]
[42.520199, -83.043519]
[42.520199, -83.043519]
[42.520199, -83.043519]
[42.520199, -83.043519]
[42.520199, -83.043519]
[42.520199, -83.043519]
[42.520199, -83.043519]
[42.520199, -83.043519]
[42.520199, -83.043519]
[42.520199, -83.043519]
[42.520199, -83.043519]
[42.520199, -83.043519]
[42.520199, -83.043519]
[42.520199, -83.043519]
[42.520199, -83.043519]
[42.520199, -83.043519]
[42.520199, -83.043519]
[42.520199, -83.043519]
[42.520199, -83.043519]
[42.520199, -83.043519]
[42.520199, -83.043519]
[42.520199, -83.043519]
[42.520199, -83.043519]
[42.520199, -83.043519]
[42.520199, -83.043519]
[42.520199, -83.043519]
[42.520199, -83.043519]
[42.520199, -83.043519]
[42.520198, -83.043519]
[42.520199, -83.043519]
[42.520199, -83.043519]
[42.520199, -83.043519]
[42.520199, -83.043519]
[42.520199, -83.043519]
[42.520199, -83.043519]
[42.520199, -83.043519]
[42.520199, -83.043519]
[42.520199, -83.043519]
[42.520199, -83.043519]
[42.520199, -83.043519]
[42.520199, -83.043519]
[42.520199, -83.043519]
[42.520199, -83.043519]
[42.520199, -83.043519]
[42.520199, -83.043519]
[42.520198, -83.043519]
[42.520198, -83.043519]
[42.520198, -83.043519]
[42.520198, -83.043519]
[42.520198, -83.043519]
[42.520198, -83.043519]
[42.520198, -83.043519]
[42.520198, -83.043519]
[42.520198, -83.043519]
[42.520198, -83.043519]
[42.520198, -83.043519]
[42.520198, -83.043519]
[42.520198, -83.043519]
[42.520198, -83.043519]
[42.520198, -83.043519]
[42.520198, -83.043519]
[42.520198, -83.043519]
[42.520198, -83.043519]
[42.520198, -83.043519]
[42.520198, -83.043519]
[42.520198, -83.043519]
[42.520198, -83.043519]
[42.520199, -83.043520]
[42.520199, -83.043520]
[42.520199, -83.043520]
[42.520199, -83.043520]
[42.520199, -83.043520]
[42.520199, -83.043520]
[42.520199, -83.043520]
[42.520199, -83.043520]
[42.520199, -83.043520]
[42.520199, -83.043520]
[42.520200, -83.043520]
[42.520200, -83.043520]
[42.520200, -83.043520]
[42.520200, -83.043520]
[42.520200, -83.043520]
[42.520200, -83.043520]
[42.520200, -83.043520]
[42.520200, -83.043520]
[42.520200, -83.043520]
[42.520200, -83.043520]
[42.520200, -83.043520]
[42.520200, -83.043520]
[42.520200, -83.043520]
[42.520200, -83.043520]
[42.520200, -83.043520]
[42.520200, -83.043520]
[42.520200, -83.043520]
[42.520200, -83.043520]
[42.520200, -83.043520]
[42.520200, -83.043520]
[42.520200, -83.043520]
[42.520200, -83.043520]
[42.520200, -83.043520]
[42.520200, -83.043520]
[42.520200, -83.043520]
[42.520200, -83.043520]
[42.520200, -83.043520]
[42.520200, -83.043520]
[42.520200, -83.043520]
[42.520201, -83.043520]
[42.520201, -83.043520]
[42.520201, -83.043520]
[42.520201, -83.043520]
[42.520201, -83.043520]
[42.520201, -83.043520]
[42.520201, -83.043520]
[42.520201, -83.043520]
[42.520201, -83.043520]
[42.520201, -83.043520]
[42.520201, -83.043520]
[42.520201, -83.043520]
[42.520201, -83.043520]
[42.520201, -83.043520]
[42.520201, -83.043520]
[42.520201, -83.043520]
[42.520201, -83.043520]
[42.520201, -83.043520]
[42.520201, -83.043521]
[42.520201, -83.043521]
[42.520201, -83.043521]
[42.520201, -83.043521]
[42.520201, -83.043521]
[42.520201, -83.043521]
[42.520201, -83.043521]
[42.520201, -83.043521]
[42.520201, -83.043521]
[42.520201, -83.043521]
[42.520201, -83.043521]
[42.520201, -83.043521]
[42.520201, -83.043521]
[42.520201, -83.043521]
[42.520201, -83.043521]
[42.520201, -83.043521]
[42.520201, -83.043521]
[42.520201, -83.043521]
[42.520201, -83.043521]
[42.520201, -83.043521]
[42.520201, -83.043521]
[42.520201, -83.043521]
[42.520201, -83.043521]
[42.520201, -83.043521]
[42.520201, -83.043521]
[42.520201, -83.043521]
[42.520201, -83.043521]
[42.520201, -83.043521]
[42.520201, -83.043521]
[42.520201, -83.043521]
[42.520201, -83.043521]
[42.520201, -83.043521]
[42.520201, -83.043521]
[42.520201, -83.043521]
[42.520201, -83.043521]
[42.520201, -83.043521]
[42.520201, -83.043521]
[42.520201, -83.043521]
[42.520201, -83.043521]
[42.520201, -83.043521]
[42.520201, -83.043521]
[42.520201, -83.043521]
[42.520201, -83.043521]
[42.520201, -83.043521]
[42.520201, -83.043521]
[42.520201, -83.043521]
[42.520201, -83.043521]
[42.520201, -83.043521]
[42.520201, -83.043521]
[42.520201, -83.043521]
[42.520201, -83.043521]
[42.520201, -83.043521]
[42.520201, -83.043521]
[42.520201, -83.043521]
[42.520201, -83.043521]
[42.520201, -83.043521]
[42.520201, -83.043521]
[42.520201, -83.043521]
[42.520201, -83.043521]
[42.520201, -83.043521]
[42.520201, -83.043521]
[42.520201, -83.043521]
[42.520201, -83.043521]
[42.520201, -83.043521]
[42.520201, -83.043521]
[42.520201, -83.043521]
[42.520201, -83.043521]
[42.520201, -83.043521]
[42.520201, -83.043521]
[42.520201, -83.043521]
[42.520201, -83.043521]
[42.520201, -83.043521]
[42.520201, -83.043521]
[42.520201, -83.043521]
[42.520201, -83.043521]
[42.520201, -83.043521]
[42.520201, -83.043521]
[42.520201, -83.043521]
[42.520201, -83.043521]
[42.520201, -83.043521]
[42.520201, -83.043521]
[42.520201, -83.043521]
[42.520201, -83.043521]
[42.520201, -83.043521]
[42.520201, -83.043521]
[42.520201, -83.043521]
[42.520201, -83.043521]
[42.520201, -83.043521]
[42.520201, -83.043521]
[42.520201, -83.043521]
[42.520201, -83.043521]
[42.520201, -83.043521]
[42.520201, -83.043521]
[42.520201, -83.043521]
[42.520201, -83.043521]
[42.520201, -83.043521]
[42.520200, -83.043521]
[42.520200, -83.043521]
[42.520200, -83.043521]
[42.520200, -83.043521]
[42.520200, -83.043521]
[42.520200, -83.043521]
[42.520200, -83.043521]
[42.520200, -83.043521]
[42.520200, -83.043521]
[42.520200, -83.043521]
[42.520200, -83.043521]
[42.520199, -83.043521]
[42.520199, -83.043521]
[42.520199, -83.043521]
[42.520199, -83.043521]
[42.520199, -83.043521]
[42.520199, -83.043521]
[42.520199, -83.043521]
[42.520199, -83.043520]
[42.520199, -83.043520]
[42.520199, -83.043520]
[42.520199, -83.043520]
[42.520199, -83.043520]
[42.520199, -83.043520]
[42.520199, -83.043520]
[42.520199, -83.043520]
[42.520199, -83.043520]
[42.520199, -83.043520]
[42.520199, -83.043520]
[42.520199, -83.043520]
[42.520199, -83.043520]
[42.520199, -83.043520]
[42.520199, -83.043520]
[42.520199, -83.043520]
[42.520199, -83.043520]
[42.520198, -83.043520]
[42.520198, -83.043520]
[42.520198, -83.043520]
[42.520198, -83.043520]
[42.520198, -83.043520]
[42.520198, -83.043520]
[42.520198, -83.043520]
[42.520198, -83.043520]
[42.520198, -83.043520]
[42.520198, -83.043521]
[42.520199, -83.043521]
[42.520199, -83.043521]
[42.520199, -83.043521]
[42.520199, -83.043521]
[42.520199, -83.043521]
[42.520199, -83.043521]
[42.520199, -83.043521]
[42.520199, -83.043521]
[42.520199, -83.043521]
[42.520199, -83.043521]
[42.520199, -83.043521]
[42.520199, -83.043521]
[42.520199, -83.043521]
[42.520199, -83.043521]
[42.520199, -83.043521]
[42.520199, -83.043521]
[42.520199, -83.043521]
[42.520199, -83.043521]
[42.520199, -83.043521]
[42.520199, -83.043521]
[42.520199, -83.043521]
[42.520199, -83.043521]
[42.520199, -83.043521]
[42.520199, -83.043521]
[42.520199, -83.043520]
[42.520199, -83.043520]
[42.520199, -83.043520]
[42.520199, -83.043520]
[42.520199, -83.043520]
[42.520199, -83.043520]
[42.520199, -83.043520]
[42.520199, -83.043520]
[42.520199, -83.043520]
[42.520199, -83.043520]
[42.520199, -83.043520]
[42.520199, -83.043520]
[42.520199, -83.043520]
[42.520199, -83.043520]
[42.520199, -83.043520]
[42.520199, -83.043520]
[42.520199, -83.043520]
[42.520199, -83.043520]
[42.520199, -83.043520]
[42.520199, -83.043520]
[42.520199, -83.043520]
[42.520199, -83.043520]
[42.520199, -83.043520]
[42.520199, -83.043520]
[42.520199, -83.043520]
[42.520199, -83.043520]
[42.520199, -83.043520]
[42.520199, -83.043520]
[42.520199, -83.043520]
[42.520199, -83.043520]
[42.520199, -83.043520]
[42.520199, -83.043520]
[42.520199, -83.043520]
[42.520199, -83.043520]
[42.520199, -83.043520]
[42.520199, -83.043520]
[42.520199, -83.043520]
[42.520199, -83.043520]
[42.520199, -83.043520]
[42.520199, -83.043520]
[42.520199, -83.043520]
[42.520199, -83.043520]
[42.520199, -83.043520]
[42.520199, -83.043520]
[42.520200, -83.043520]
[42.520200, -83.043521]
[42.520200, -83.043521]
[42.520200, -83.043521]
[42.520200, -83.043521]
[42.520200, -83.043521]
[42.520200, -83.043521]
[42.520200, -83.043521]
[42.520200, -83.043521]
[42.520200, -83.043521]
[42.520200, -83.043521]
[42.520200, -83.043521]
[42.520200, -83.043521]
[42.520200, -83.043521]
[42.520200, -83.043521]
[42.520201, -83.043521]
[42.520201, -83.043521]
[42.520201, -83.043521]
[42.520201, -83.043521]
[42.520201, -83.043521]
[42.520201, -83.043521]
[42.520201, -83.043521]
[42.520201, -83.043521]
[42.520201, -83.043521]
[42.520201, -83.043521]
[42.520201, -83.043521]
[42.520201, -83.043521]
[42.520201, -83.043521]
[42.520201, -83.043521]
[42.520201, -83.043521]
[42.520201, -83.043520]
[42.520201, -83.043520]
[42.520201, -83.043520]
[42.520201, -83.043520]
[42.520201, -83.043520]
[42.520201, -83.043520]
[42.520201, -83.043520]
[42.520201, -83.043520]
[42.520201, -83.043520]
[42.520201, -83.043520]
[42.520201, -83.043520]
[42.520201, -83.043520]
[42.520201, -83.043520]
[42.520201, -83.043520]
[42.520201, -83.043520]
[42.520201, -83.043520]
[42.520201, -83.043520]
[42.520201, -83.043520]
[42.520201, -83.043520]
[42.520201, -83.043520]
[42.520201, -83.043520]
[42.520201, -83.043520]
[42.520201, -83.043520]
[42.520201, -83.043520]
[42.520201, -83.043520]
[42.520201, -83.043520]
[42.520201, -83.043520]
[42.520201, -83.043519]
[42.520201, -83.043519]
[42.520201, -83.043519]
[42.520201, -83.043519]
[42.520201, -83.043519]
[42.520201, -83.043519]
[42.520201, -83.043519]
[42.520201, -83.043519]
[42.520201, -83.043519]
[42.520201, -83.043519]
[42.520201, -83.043519]
[42.520201, -83.043519]
[42.520201, -83.043519]
[42.520201, -83.043519]
[42.520201, -83.043519]
[42.520201, -83.043519]
[42.520201, -83.043519]
[42.520201, -83.043519]
[42.520201, -83.043519]
[42.520201, -83.043519]
[42.520201, -83.043519]
[42.520201, -83.043519]
[42.520201, -83.043519]
[42.520201, -83.043519]
[42.520201, -83.043519]
[42.520201, -83.043519]
[42.520201, -83.043519]
[42.520201, -83.043519]
[42.520201, -83.043519]
[42.520201, -83.043519]
[42.520201, -83.043519]
[42.520201, -83.043519]
[42.520201, -83.043519]
[42.520201, -83.043519]
[42.520201, -83.043519]
[42.520201, -83.043519]
[42.520201, -83.043519]
[42.520201, -83.043519]
[42.520201, -83.043519]
[42.520201, -83.043519]
[42.520201, -83.043519]
[42.520201, -83.043519]
[42.520201, -83.043519]
[42.520201, -83.043519]
[42.520201, -83.043519]
[42.520201, -83.043519]
[42.520201, -83.043519]
[42.520201, -83.043519]
[42.520201, -83.043519]
[42.520201, -83.043519]
[42.520201, -83.043519]
[42.520200, -83.043519]
[42.520200, -83.043519]
[42.520200, -83.043519]
[42.520200, -83.043519]
[42.520200, -83.043519]
[42.520200, -83.043519]
[42.520200, -83.043519]
[42.520200, -83.043519]
[42.520200, -83.043519]
[42.520200, -83.043519]
[42.520200, -83.043519]
[42.520200, -83.043519]
[42.520200, -83.043519]
[42.520200, -83.043519]
[42.520200, -83.043519]
[42.520200, -83.043519]
[42.520200, -83.043519]
[42.520200, -83.043519]
[42.520200, -83.043519]
[42.520200, -83.043519]
[42.520200, -83.043519]
[42.520200, -83.043519]
[42.520200, -83.043519]
[42.520200, -83.043519]
[42.520200, -83.043519]
[42.520200, -83.043519]
[42.520200, -83.043519]
[42.520200, -83.043519]
[42.520200, -83.043519]
[42.520200, -83.043519]
[42.520200, -83.043519]
[42.520200, -83.043519]
[42.520200, -83.043519]
[42.520200, -83.043519]
[42.520200, -83.043519]
[42.520200, -83.043519]
[42.520200, -83.043519]
[42.520200, -83.043519]
[42.520200, -83.043519]
[42.520200, -83.043519]
[42.520200, -83.043519]
[42.520200, -83.043519]
[42.520200, -83.043519]
[42.520200, -83.043519]
[42.520200, -83.043519]
[42.520200, -83.043519]
[42.520200, -83.043519]
[42.520200, -83.043519]
[42.520200, -83.043519]
[42.520200, -83.043519]
[42.520200, -83.043519]
[42.520200, -83.043519]
[42.520200, -83.043519]
[42.520200, -83.043519]
[42.520200, -83.043519]
[42.520200, -83.043519]
[42.520200, -83.043519]
[42.520200, -83.043519]
[42.520200, -83.043519]
[42.520200, -83.043519]
[42.520200, -83.043519]
[42.520200, -83.043519]
[42.520200, -83.043519]
--start execution--
--stop execution--
[42.520303, -83.043380]
[42.520303, -83.043380]
[42.520303, -83.043380]
[42.520303, -83.043380]
[42.520303, -83.043380]
[42.520303, -83.043380]
[42.520303, -83.043380]
[42.520303, -83.043380]
[42.520303, -83.043380]
[42.520303, -83.043380]
[42.520303, -83.043380]
[42.520303, -83.043380]
[42.520303, -83.043380]
[42.520303, -83.043380]
[42.520303, -83.043380]
[42.520303, -83.043379]
[42.520303, -83.043379]
[42.520303, -83.043379]
[42.520303, -83.043379]
[42.520303, -83.043379]
[42.520303, -83.043379]
[42.520303, -83.043379]
[42.520303, -83.043379]
[42.520303, -83.043379]
[42.520303, -83.043379]
[42.520303, -83.043379]
[42.520304, -83.043379]
[42.520304, -83.043379]
[42.520304, -83.043379]
[42.520304, -83.043379]
[42.520304, -83.043379]
[42.520304, -83.043379]
[42.520304, -83.043379]
[42.520304, -83.043379]
[42.520304, -83.043379]
[42.520304, -83.043379]
[42.520304, -83.043379]
[42.520304, -83.043378]
[42.520304, -83.043378]
[42.520304, -83.043378]
[42.520304, -83.043378]
[42.520304, -83.043378]
[42.520304, -83.043378]
[42.520305, -83.043378]
[42.520305, -83.043378]
[42.520305, -83.043378]
[42.520305, -83.043378]
[42.520305, -83.043378]
[42.520305, -83.043378]
[42.520305, -83.043378]
[42.520305, -83.043378]
[42.520305, -83.043378]
[42.520305, -83.043378]
[42.520305, -83.043378]
[42.520305, -83.043378]
[42.520305, -83.043378]
[42.520305, -83.043378]
[42.520305, -83.043378]
[42.520305, -83.043378]
[42.520305, -83.043378]
[42.520305, -83.043378]
[42.520305, -83.043378]
[42.520305, -83.043378]
[42.520305, -83.043378]
[42.520305, -83.043378]
[42.520305, -83.043378]
[42.520305, -83.043378]
[42.520305, -83.043378]
[42.520305, -83.043378]
[42.520305, -83.043378]
[42.520305, -83.043378]
[42.520305, -83.043378]
[42.520305, -83.043378]
[42.520306, -83.043378]
[42.520306, -83.043378]
[42.520305, -83.043378]
[42.520305, -83.043378]
[42.520305, -83.043378]
[42.520305, -83.043378]
[42.520305, -83.043378]
[42.520306, -83.043378]
[42.520306, -83.043378]
[42.520306, -83.043378]
[42.520306, -83.043378]
[42.520306, -83.043378]
[42.520306, -83.043378]
[42.520306, -83.043378]
[42.520306, -83.043378]
[42.520306, -83.043378]
[42.520306, -83.043378]
[42.520306, -83.043378]
[42.520306, -83.043378]
[42.520306, -83.043378]
[42.520306, -83.043378]
[42.520306, -83.043378]
[42.520306, -83.043378]
[42.520306, -83.043378]
[42.520306, -83.043378]
[42.520306, -83.043378]
[42.520306, -83.043378]
[42.520306, -83.043378]
[42.520306, -83.043378]
[42.520306, -83.043378]
[42.520306, -83.043378]
[42.520306, -83.043378]
[42.520306, -83.043378]
[42.520306, -83.043378]
[42.520306, -83.043378]
[42.520306, -83.043378]
[42.520306, -83.043378]
[42.520306, -83.043379]
[42.520306, -83.043379]
[42.520306, -83.043379]
[42.520306, -83.043379]
[42.520306, -83.043379]
[42.520306, -83.043379]
[42.520306, -83.043379]
[42.520306, -83.043379]
[42.520306, -83.043379]
[42.520306, -83.043379]
[42.520306, -83.043379]
[42.520306, -83.043379]
[42.520306, -83.043379]
[42.520306, -83.043379]
[42.520305, -83.043379]
[42.520305, -83.043379]
[42.520305, -83.043379]
[42.520305, -83.043379]
[42.520305, -83.043379]
[42.520305, -83.043379]
[42.520305, -83.043379]
[42.520305, -83.043379]
[42.520305, -83.043379]
[42.520305, -83.043379]
[42.520305, -83.043379]
[42.520305, -83.043379]
[42.520305, -83.043379]
[42.520305, -83.043380]
[42.520305, -83.043380]
[42.520305, -83.043380]
[42.520305, -83.043380]
[42.520305, -83.043380]
[42.520305, -83.043380]
[42.520305, -83.043380]
[42.520305, -83.043380]
[42.520305, -83.043380]
[42.520305, -83.043380]
[42.520305, -83.043380]
[42.520305, -83.043380]
[42.520304, -83.043380]
[42.520304, -83.043380]
[42.520304, -83.043380]
[42.520304, -83.043380]
[42.520304, -83.043380]
[42.520304, -83.043380]
[42.520304, -83.043380]
[42.520304, -83.043380]
[42.520304, -83.043380]
[42.520304, -83.043380]
[42.520304, -83.043380]
[42.520304, -83.043380]
[42.520304, -83.043380]
[42.520304, -83.043380]
[42.520304, -83.043380]
[42.520304, -83.043380]
[42.520304, -83.043380]
[42.520304, -83.043380]
[42.520303, -83.043380]
[42.520303, -83.043380]
[42.520303, -83.043380]
[42.520303, -83.043380]
[42.520303, -83.043380]
[42.520303, -83.043380]
[42.520303, -83.043380]
[42.520303, -83.043380]
[42.520303, -83.043380]
[42.520303, -83.043380]
[42.520303, -83.043380]
[42.520303, -83.043380]
[42.520303, -83.043380]
[42.520303, -83.043380]
[42.520303, -83.043380]
[42.520303, -83.043379]
[42.520303, -83.043379]
[42.520303, -83.043379]
[42.520303, -83.043379]
[42.520303, -83.043379]
[42.520303, -83.043379]
[42.520303, -83.043379]
[42.520303, -83.043379]
[42.520303, -83.043379]
[42.520303, -83.043379]
[42.520303, -83.043379]
[42.520303, -83.043379]
[42.520303, -83.043379]
[42.520303, -83.043379]
[42.520303, -83.043379]
[42.520303, -83.043379]
[42.520303, -83.043379]
[42.520303, -83.043379]
[42.520303, -83.043379]
[42.520303, -83.043379]
[42.520303, -83.043379]
[42.520303, -83.043379]
[42.520303, -83.043379]
[42.520303, -83.043379]
[42.520303, -83.043379]
[42.520303, -83.043379]
[42.520303, -83.043379]
[42.520303, -83.043379]
[42.520303, -83.043379]
[42.520303, -83.043378]
[42.520303, -83.043378]
[42.520303, -83.043378]
[42.520303, -83.043378]
[42.520303, -83.043378]
[42.520303, -83.043378]
[42.520303, -83.043378]
[42.520303, -83.043378]
[42.520303, -83.043378]
[42.520303, -83.043378]
[42.520303, -83.043378]
[42.520303, -83.043378]
[42.520303, -83.043378]
[42.520303, -83.043378]
[42.520303, -83.043378]
[42.520303, -83.043378]
[42.520303, -83.043378]
[42.520303, -83.043378]
[42.520303, -83.043378]
[42.520303, -83.043378]
[42.520303, -83.043378]
[42.520304, -83.043378]
[42.520304, -83.043378]
[42.520304, -83.043378]
[42.520304, -83.043378]
[42.520304, -83.043378]
[42.520304, -83.043378]
[42.520304, -83.043378]
[42.520304, -83.043378]
[42.520304, -83.043378]
[42.520304, -83.043378]
[42.520304, -83.043378]
[42.520304, -83.043378]
[42.520304, -83.043378]
[42.520304, -83.043378]
[42.520304, -83.043378]
