--start--
86.54
86.54
86.54
86.54
86.54
86.54
86.54
86.54
86.54
86.54
86.54
86.05
86.05
86.05
84.62
84.62
84.62
83.19
83.19
83.19
82.08
82.08
82.08
81.21
81.21
81.21
80.30
80.30
80.30
79.35
79.35
79.35
78.30
78.30
78.30
77.20
77.20
77.20
75.92
75.92
75.92
74.67
74.67
74.67
73.18
73.18
73.18
71.50
71.50
71.50
69.43
69.43
69.43
67.17
67.17
67.17
64.46
64.46
64.46
61.08
61.08
61.08
57.35
57.35
57.35
53.04
53.04
53.04
48.40
48.40
48.40
42.53
42.53
42.53
36.62
36.62
36.62
30.38
30.38
30.38
24.43
24.43
24.43
19.29
19.29
19.29
15.21
15.21
15.21
12.12
12.12
12.12
9.73
9.73
9.73
7.83
7.83
7.83
6.18
6.18
6.18
5.09
5.09
5.09
4.35
4.35
4.35
3.85
3.85
3.85
3.69
3.69
3.69
3.70
3.70
3.70
3.71
3.71
3.71
3.71
3.71
3.71
3.71
3.71
3.71
3.70
3.70
3.70
3.68
3.68
3.68
3.68
3.68
3.68
3.69
3.69
3.69
3.70
3.70
3.70
3.69
3.69
3.69
3.70
3.70
3.70
3.71
3.71
3.71
3.72
3.72
3.72
3.72
3.72
3.72
3.72
3.72
3.72
3.72
3.72
3.72
3.72
3.72
3.72
3.72
3.72
3.72
--stop--
3.72
3.72
3.72
3.72
3.72
3.72
3.72
3.72
3.72
3.72
3.72
3.72
3.72
3.72
3.72
3.72
3.72
3.72
3.72
3.72
3.72
3.72
3.72
3.72
3.72
3.72
3.72
3.72
3.72
3.72
3.72
3.72
3.72
3.72
3.72
3.72
3.72
3.72
3.72
3.72
3.72
3.72
3.72
3.72
3.72
3.72
3.72
3.72
3.72
3.72
3.72
3.72
3.72
3.72
3.72
3.72
3.72
3.72
3.72
3.72
3.72
3.72
3.72
3.72
3.72
3.72
3.72
3.72
3.72
3.72
3.72
3.72
3.72
3.72
3.72
3.72
3.72
3.72
3.72
3.72
3.72
3.72
3.72
3.72
3.72
3.72
3.72
3.72
3.72
3.72
3.72
3.72
3.72
3.72
3.72
3.72
3.72
3.72
3.72
3.72
3.72
3.72
3.72
3.72
3.72
3.72
3.72
3.72
3.72
3.72
3.72
3.72
3.72
3.72
3.72
3.72
3.72
3.72
3.72
3.72
3.72
3.72
3.72
3.72
3.72
3.72
3.72
3.72
3.72
3.72
3.72
3.72
3.72
3.72
3.72
3.72
3.72
3.72
3.72
3.72
3.72
3.72
3.72
3.72
3.72
3.72
3.72
3.72
3.72
3.72
3.72
3.72
3.72
3.72
3.72
3.72
3.72
3.72
3.72
3.72
3.72
3.72
3.72
3.72
3.72
3.72
3.72
3.72
3.72
3.72
3.72
3.72
3.72
3.72
3.72
3.72
3.72
3.72
3.72
3.72
3.72
3.72
3.72
3.72
3.72
3.72
3.72
3.72
3.72
3.72
3.72
3.72
3.72
3.72
3.72
3.72
3.72
3.72
3.72
3.72
3.72
3.72
3.72
3.72
3.72
3.72
3.72
3.72
3.72
3.72
3.72
3.72
3.72
3.72
3.72
3.72
3.72
3.72
3.72
3.72
3.72
3.72
3.72
3.72
3.72
3.72
3.72
3.72
3.72
3.72
3.72
3.72
3.72
3.72
3.72
3.72
3.72
3.72
3.72
3.72
3.72
3.72
3.72
3.72
3.72
3.72
3.72
