--start--
[3.53, -0.33]
[3.53, -0.33]
[3.53, -0.33]
[3.53, -0.33]
[3.53, -0.33]
[3.53, -0.22]
[3.53, -0.22]
[3.86, -0.22]
[3.94, -0.22]
[4.18, -0.11]
[4.59, 0.00]
[4.84, 0.00]
[5.17, 0.11]
[5.58, 0.22]
[5.83, 0.22]
[6.32, 0.33]
[6.48, 0.33]
[6.65, 0.45]
[7.14, 0.45]
[7.30, 0.45]
[7.63, 0.56]
[7.88, 0.67]
[8.12, 0.67]
[8.45, 0.78]
[8.78, 0.78]
[9.03, 0.89]
[9.35, 1.00]
[9.52, 1.00]
[9.85, 1.11]
[10.09, 1.11]
[10.34, 1.22]
[10.67, 1.34]
[10.99, 1.45]
[11.16, 1.45]
[11.49, 1.56]
[11.65, 1.67]
[11.98, 1.78]
[12.14, 1.89]
[12.47, 2.00]
[12.64, 2.12]
[12.96, 2.23]
[13.13, 2.34]
[13.37, 2.56]
[13.54, 2.67]
[13.78, 2.89]
[13.95, 3.01]
[14.19, 3.23]
[14.36, 3.45]
[14.52, 3.67]
[14.69, 3.90]
[14.85, 4.12]
[14.93, 4.34]
[15.10, 4.56]
[15.18, 4.79]
[15.26, 5.12]
[15.34, 5.23]
[15.42, 5.57]
[15.51, 5.79]
[15.59, 6.12]
[15.67, 6.35]
[15.75, 6.57]
[15.75, 6.90]
[15.84, 7.12]
[15.84, 7.46]
[15.92, 7.79]
[16.00, 8.13]
[16.08, 8.46]
[16.08, 8.79]
[16.16, 9.24]
[16.25, 9.46]
[16.25, 9.68]
[16.25, 9.80]
[16.25, 9.91]
[16.33, 10.35]
[16.41, 10.46]
[16.41, 10.69]
[16.41, 10.58]
[16.41, 10.58]
[16.41, 10.58]
[16.41, 10.58]
--stop--
[16.41, 10.58]
[16.41, 10.58]
[16.41, 10.58]
[16.41, 10.58]
[16.41, 10.58]
[16.41, 10.58]
[16.41, 10.46]
[16.33, 10.24]
[16.33, 10.13]
[16.33, 10.02]
[16.33, 9.68]
[16.25, 9.24]
[16.16, 8.91]
[16.08, 8.35]
[16.00, 7.79]
[15.92, 7.35]
[15.75, 7.01]
[15.59, 6.35]
[15.51, 5.90]
[15.26, 5.23]
[15.01, 4.56]
[14.85, 4.12]
[14.60, 3.34]
[14.28, 2.67]
[14.03, 2.23]
[13.70, 1.56]
[13.21, 0.89]
[12.88, 0.45]
[12.72, 0.33]
[12.14, -0.22]
[11.57, -0.89]
[11.16, -1.22]
[10.67, -1.56]
[10.01, -1.89]
[9.52, -2.23]
[8.78, -2.56]
[8.04, -2.89]
[7.47, -3.01]
[6.97, -3.12]
[6.48, -3.23]
[5.50, -3.34]
[4.92, -3.45]
[4.18, -3.34]
[3.69, -3.34]
[3.20, -3.23]
[2.79, -3.12]
[1.81, -3.01]
[1.56, -2.89]
[0.82, -2.78]
[0.16, -2.67]
[-0.33, -2.56]
[-0.98, -2.45]
[-1.39, -2.23]
[-2.13, -2.00]
[-2.71, -1.78]
[-3.28, -1.56]
[-3.53, -1.56]
[-3.77, -1.45]
[-3.94, -1.45]
[-3.94, -1.45]
[-3.69, -1.45]
[-3.53, -1.45]
[-3.12, -1.34]
