--start--
87.65
87.65
87.65
87.66
87.66
87.65
87.66
87.21
87.21
87.21
84.78
84.78
82.01
82.01
80.74
80.33
80.33
80.33
80.09
80.09
79.86
79.86
79.51
79.51
79.07
79.07
78.52
78.52
77.84
77.84
76.87
76.87
75.78
75.78
74.49
74.49
72.92
72.92
71.08
71.08
68.60
68.60
65.86
65.86
62.33
62.33
58.58
58.58
54.54
54.54
49.52
49.52
44.58
44.58
38.97
38.97
33.81
33.81
28.71
28.71
24.70
24.70
21.35
18.65
18.65
16.47
16.47
14.53
13.16
13.16
11.98
11.98
11.98
11.11
10.45
10.45
10.30
10.30
10.29
10.29
--stop--
10.30
10.30
10.30
10.30
10.23
10.23
10.35
10.35
10.80
10.80
10.80
11.98
11.98
13.81
16.13
16.13
16.13
18.81
18.81
21.73
25.74
25.74
25.74
31.81
31.81
38.30
44.81
44.81
44.81
51.55
58.30
58.30
58.30
65.35
65.35
72.42
72.42
79.52
79.52
86.31
92.45
92.45
97.98
97.98
97.98
100.30
100.30
100.20
100.20
100.45
100.45
102.59
102.59
102.53
98.71
98.71
95.01
95.01
95.01
93.36
93.36
92.71
89.31
