[
  [
    0.0,
    0.0,
    85.063,
    "f"
  ],
  [
    0.11774912892723613,
    0.01017126347572972,
    85.063,
    "f"
  ],
  [
    0.22955340078065972,
    0.01982900546578739,
    85.063,
    "f"
  ],
  [
    0.33553538993292675,
    0.028983814042042533,
    85.063,
    "f"
  ],
  [
    0.4358176707566931,
    0.03764627727636474,
    85.063,
    "f"
  ],
  [
    0.5305228176246148,
    0.04582698324062337,
    85.063,
    "f"
  ],
  [
    0.6197734049093475,
    0.053536520006688126,
    85.063,
    "f"
  ],
  [
    0.7036920069835476,
    0.06078547564642861,
    85.063,
    "f"
  ],
  [
    0.7824011982198706,
    0.06758443823171412,
    85.063,
    "f"
  ],
  [
    0.8560235529909725,
    0.0739439958344143,
    85.063,
    "f"
  ],
  [
    0.9246816456695096,
    0.07987473652639865,
    85.063,
    "f"
  ],
  [
    0.9884980506281373,
    0.08538724837953665,
    85.063,
    "f"
  ],
  [
    1.0475953422395115,
    0.09049211946569796,
    85.063,
    "f"
  ],
  [
    1.102096094876289,
    0.09519993785675179,
    85.063,
    "f"
  ],
  [
    1.1521228829111247,
    0.09952129162456819,
    85.063,
    "f"
  ],
  [
    1.1977982807166756,
    0.10346676884101647,
    85.063,
    "f"
  ],
  [
    1.2392448626655959,
    0.10704695757796556,
    85.063,
    "f"
  ],
  [
    1.2765852031305434,
    0.11027244590728602,
    85.063,
    "f"
  ],
  [
    1.3099418764841726,
    0.11315382190084666,
    85.063,
    "f"
  ],
  [
    1.339437457099141,
    0.11570167363051731,
    85.063,
    "f"
  ],
  [
    1.365194519348103,
    0.11792658916816723,
    85.063,
    "f"
  ],
  [
    1.387335637603715,
    0.11983915658566624,
    85.063,
    "f"
  ],
  [
    1.4059833862386335,
    0.12144996395488383,
    85.063,
    "f"
  ],
  [
    1.421260339625513,
    0.12276959934768927,
    85.063,
    "f"
  ],
  [
    1.4332890721370117,
    0.1238086508359525,
    85.063,
    "f"
  ],
  [
    1.4421921581457833,
    0.12457770649154243,
    85.063,
    "f"
  ],
  [
    1.4480921720244855,
    0.12508735438632934,
    85.063,
    "f"
  ],
  [
    1.451111688145773,
    0.12534818259218206,
    85.063,
    "f"
  ],
  [
    1.4513732808823017,
    0.1253707791809704,
    85.063,
    "f"
  ],
  [
    1.4489995246067282,
    0.12516573222456429,
    85.063,
    "f"
  ],
  [
    1.4441129936917088,
    0.12474362979483267,
    85.063,
    "f"
  ],
  [
    1.4368362625098976,
    0.12411505996364514,
    85.063,
    "f"
  ],
  [
    1.4272919054339521,
    0.12329061080287174,
    85.063,
    "f"
  ],
  [
    1.4156024968365286,
    0.1222808703843814,
    85.063,
    "f"
  ],
  [
    1.401890611090282,
    0.12109642678004395,
    85.063,
    "f"
  ],
  [
    1.386278822567868,
    0.11974786806172855,
    85.063,
    "f"
  ],
  [
    1.3688897056419433,
    0.11824578230130534,
    85.063,
    "f"
  ],
  [
    1.349845834685164,
    0.11660075757064337,
    85.063,
    "f"
  ],
  [
    1.329269784070185,
    0.11482338194161257,
    85.063,
    "f"
  ],
  [
    1.3072841281696626,
    0.11292424348608188,
    85.063,
    "f"
  ],
  [
    1.2840114413562542,
    0.11091393027592122,
    85.063,
    "f"
  ],
  [
    1.2595742980026137,
    0.1088030303830001,
    85.063,
    "f"
  ],
  [
    1.2340952724813974,
    0.10660213187918821,
    85.063,
    "f"
  ],
  [
    1.2076969391652619,
    0.1043218228363546,
    85.063,
    "f"
  ],
  [
    1.1805018724268634,
    0.1019726913263691,
    85.063,
    "f"
  ],
  [
    1.1526326466388568,
    0.09956532542110119,
    85.063,
    "f"
  ],
  [
    1.1242118361738986,
    0.09711031319242064,
    85.063,
    "f"
  ],
  [
    1.0953620154046446,
    0.09461824271219643,
    85.063,
    "f"
  ],
  [
    1.0662057587037512,
    0.09209970205229873,
    85.063,
    "f"
  ],
  [
    1.036865640443873,
    0.08956527928459646,
    85.063,
    "f"
  ],
  [
    1.0074642349976681,
    0.08702556248095955,
    85.063,
    "f"
  ],
  [
    0.9781241167377901,
    0.08449113971325739,
    85.063,
    "f"
  ],
  [
    0.9489678600368964,
    0.08197259905335952,
    85.063,
    "f"
  ],
  [
    0.9201180392676427,
    0.07948052857313548,
    85.063,
    "f"
  ],
  [
    0.8916972288026843,
    0.07702551634445476,
    85.063,
    "f"
  ],
  [
    0.863828003014678,
    0.07461815043918696,
    85.063,
    "f"
  ],
  [
    0.8366329362762788,
    0.07226901892920151,
    85.063,
    "f"
  ],
  [
    0.8102346029601439,
    0.06998870988636802,
    85.063,
    "f"
  ],
  [
    0.7847555774389281,
    0.06778781138255607,
    85.063,
    "f"
  ],
  [
    0.7603184340852872,
    0.06567691148963484,
    85.063,
    "f"
  ],
  [
    0.7370457472718783,
    0.06366659827947424,
    85.063,
    "f"
  ],
  [
    0.7150600913713562,
    0.06176745982394366,
    85.063,
    "f"
  ],
  [
    0.6944840407563776,
    0.05999008419491281,
    85.063,
    "f"
  ],
  [
    0.6754401697995978,
    0.05834505946425084,
    85.063,
    "f"
  ],
  [
    0.658051052873673,
    0.05684297370382746,
    85.063,
    "f"
  ],
  [
    0.6424392643512598,
    0.055494414985512386,
    85.063,
    "f"
  ],
  [
    0.6287273786050128,
    0.054309971381174826,
    85.063,
    "f"
  ],
  [
    0.6170379700075889,
    0.053300230962684436,
    85.063,
    "f"
  ],
  [
    0.6074936129316435,
    0.05247578180191087,
    85.063,
    "f"
  ],
  [
    0.600216881749833,
    0.05184721197072345,
    85.063,
    "f"
  ],
  [
    0.5953303508348131,
    0.05142510954099194,
    85.063,
    "f"
  ],
  [
    0.5929565945592399,
    0.05122006258458561,
    85.063,
    "f"
  ],
  [
    0.5932181872957687,
    0.051242659173374006,
    85.063,
    "f"
  ],
  [
    0.5962377034170563,
    0.05150348737922689,
    85.063,
    "f"
  ],
  [
    0.6021377172957578,
    0.05201313527401358,
    85.063,
    "f"
  ],
  [
    0.6110408033045299,
    0.05278219092960379,
    85.063,
    "f"
  ],
  [
    0.6230695358160279,
    0.053821242417866844,
    85.063,
    "f"
  ],
  [
    0.6383464892029083,
    0.05514087781067234,
    85.063,
    "f"
  ],
  [
    0.6569942378378265,
    0.05675168517988988,
    85.063,
    "f"
  ],
  [
    0.6791353560934387,
    0.05866425259738889,
    85.063,
    "f"
  ],
  [
    0.7048924183424009,
    0.06088916813503892,
    85.063,
    "f"
  ],
  [
    0.7343879989573687,
    0.0634370198647094,
    85.063,
    "f"
  ],
  [
    0.7677446723109984,
    0.06631839585827015,
    85.063,
    "f"
  ],
  [
    0.8050850127759458,
    0.0695438841875905,
    85.063,
    "f"
  ],
  [
    0.8465315947248665,
    0.07312407292453993,
    85.063,
    "f"
  ],
  [
    0.8922069925304171,
    0.07706955014098799,
    85.063,
    "f"
  ],
  [
    0.9422337805652526,
    0.08139090390880438,
    85.063,
    "f"
  ],
  [
    0.9967345332020303,
    0.08609872229985827,
    85.063,
    "f"
  ],
  [
    1.0558318248134047,
    0.09120359338601941,
    85.063,
    "f"
  ],
  [
    1.119648229772033,
    0.09671610523915763,
    85.063,
    "f"
  ],
  [
    1.1883063224505697,
    0.10264684593114204,
    85.063,
    "f"
  ],
  [
    1.2619286772216713,
    0.10900640353384206,
    85.063,
    "f"
  ],
  [
    1.340637868457995,
    0.11580536611912762,
    85.063,
    "f"
  ],
  [
    1.4245564705321945,
    0.1230543217588681,
    85.063,
    "f"
  ],
  [
    1.5138070578169276,
    0.13076385852493277,
    85.063,
    "f"
  ],
  [
    1.6085122046848488,
    0.13894456448919146,
    85.063,
    "f"
  ],
  [
    1.7087944855086152,
    0.14760702772351375,
    85.063,
    "f"
  ],
  [
    1.8147764746608828,
    0.1567618362997688,
    85.063,
    "f"
  ],
  [
    1.9265807465143059,
    0.16641957828982645,
    85.063,
    "f"
  ],
  [
    2.0443298754415413,
    0.17659084176555617,
    85.063,
    "f"
  ],
  [
    2.0443298754415413,
    0.17659084176555617,
    85.063,
    "f"
  ],
  [
    2.1650892686796173,
    0.18704944246449584,
    85.0354188415724,
    "f"
  ],
  [
    2.2858268157899326,
    0.19757656376190535,
    84.99666756993982,
    "f"
  ],
  [
    2.406518814631709,
    0.2081938451862364,
    84.94671798768753,
    "f"
  ],
  [
    2.5271415630641605,
    0.21892292626594134,
    84.88552988796864,
    "f"
  ],
  [
    2.647671358946508,
    0.2297854465294713,
    84.81305101622708,
    "f"
  ],
  [
    2.768084500137969,
    0.24080304550527964,
    84.72921701325397,
    "f"
  ],
  [
    2.8883572844977614,
    0.2519973627218175,
    84.63395133993056,
    "f"
  ],
  [
    3.008466009885103,
    0.26339003770753644,
    84.52716518406011,
    "f"
  ],
  [
    3.128386974159211,
    0.2750027099908894,
    84.4087573497534,
    "f"
  ],
  [
    3.248096475179306,
    0.2868570191003279,
    84.2786141299019,
    "f"
  ],
  [
    3.3675708108046027,
    0.29897460456430336,
    84.13660916235831,
    "f"
  ],
  [
    3.4867862788943222,
    0.3113771059112691,
    83.98260327054284,
    "f"
  ],
  [
    3.6057191773076838,
    0.32408616266967627,
    83.81644428931038,
    "f"
  ],
  [
    3.7243458039039,
    0.33712341436797666,
    83.63796687705015,
    "f"
  ],
  [
    3.842642456542194,
    0.3505105005346225,
    83.44699231514842,
    "f"
  ],
  [
    3.9605854330817802,
    0.36426906069806586,
    83.24332829613071,
    "f"
  ],
  [
    4.07815103138188,
    0.37842073438675894,
    83.02676870201203,
    "f"
  ],
  [
    4.195315549301709,
    0.39298716112915244,
    82.79709337463147,
    "f"
  ],
  [
    4.312055284700488,
    0.4079899804537006,
    82.55406788003098,
    "f"
  ],
  [
    4.4283465354374325,
    0.42345083188885346,
    82.29744326926125,
    "f"
  ],
  [
    4.54416559937176,
    0.4393913549630635,
    82.02695583836847,
    "f"
  ],
  [
    4.659488774362693,
    0.45583318920478355,
    81.74232689073717,
    "f"
  ],
  [
    4.774292358269443,
    0.4727979741424648,
    81.44326250544022,
    "f"
  ],
  [
    4.888552648951234,
    0.4903073493045591,
    81.12945331578841,
    "f"
  ],
  [
    5.002245944267281,
    0.5083829542195186,
    80.80057430287884,
    "f"
  ],
  [
    5.115348542076804,
    0.5270464284157952,
    80.45628460962412,
    "f"
  ],
  [
    5.2278367402390185,
    0.5463194114218415,
    80.09622738150797,
    "f"
  ],
  [
    5.339686836613145,
    0.5662235427661089,
    79.72002964116429,
    "f"
  ],
  [
    5.450875129058399,
    0.5867804619770496,
    79.32730220482269,
    "f"
  ],
  [
    5.561377915434003,
    0.6080118085831154,
    78.91763964970654,
    "f"
  ],
  [
    5.67117149359917,
    0.6299392221127587,
    78.49062034262211,
    "f"
  ],
  [
    5.780232161413119,
    0.6525843420944306,
    78.04580654123443,
    "f"
  ],
  [
    5.888536216735073,
    0.675968808056584,
    77.58274458089518,
    "f"
  ],
  [
    5.9960599574242455,
    0.700114259527671,
    77.10096516137124,
    "f"
  ],
  [
    6.102779681339855,
    0.7250423360361427,
    76.59998374940803,
    "f"
  ],
  [
    6.208671686341119,
    0.7507746771104515,
    76.07930111475441,
    "f"
  ],
  [
    6.31371227028726,
    0.7773329222790495,
    75.53840401905337,
    "f"
  ],
  [
    6.417877731037489,
    0.8047387110703887,
    74.9767660788499,
    "f"
  ],
  [
    6.521144366451029,
    0.8330136830129202,
    74.39384882585985,
    "f"
  ],
  [
    6.6234884743870985,
    0.8621794776350975,
    73.7891029895426,
    "f"
  ],
  [
    6.724886352704914,
    0.8922577344653719,
    73.16197002887442,
    "f"
  ],
  [
    6.825314299263692,
    0.9232700930321949,
    72.51188394197739,
    "f"
  ],
  [
    6.924748611922652,
    0.9552381928640186,
    71.83827338382851,
    "f"
  ],
  [
    7.023165588541016,
    0.9881836734892961,
    71.14056412357446,
    "f"
  ],
  [
    7.120541526977993,
    1.0221281744364776,
    70.41818187387919,
    "f"
  ],
  [
    7.21685272509281,
    1.057093335234017,
    69.67055552510745,
    "f"
  ],
  [
    7.3120754807446815,
    1.0931007954103653,
    68.89712081682718,
    "f"
  ],
  [
    7.406186091792824,
    1.1301721944939733,
    68.09732447791482,
    "f"
  ],
  [
    7.499160856096458,
    1.1683291720132956,
    67.27062886426116,
    "f"
  ],
  [
    7.5909760715148025,
    1.207593367496782,
    66.41651711946709,
    "f"
  ],
  [
    7.681608035907072,
    1.2479864204728863,
    65.53449887874594,
    "f"
  ],
  [
    7.771033047132487,
    1.2895299704700576,
    64.62411652925131,
    "f"
  ],
  [
    7.859227403050265,
    1.3322456570167507,
    63.68495203097855,
    "f"
  ],
  [
    7.946167401519623,
    1.3761551196414166,
    62.71663429100188,
    "f"
  ],
  [
    8.031829340399781,
    1.421279997872508,
    61.71884706991837,
    "f"
  ],
  [
    8.116189517549959,
    1.4676419312384748,
    60.69133738282615,
    "f"
  ],
  [
    8.199224230829369,
    1.515262559267771,
    59.63392433793986,
    "f"
  ],
  [
    8.280909778097232,
    1.5641635214888474,
    58.54650833410757,
    "f"
  ],
  [
    8.361222457212769,
    1.6143664574301573,
    57.42908051429471,
    "f"
  ],
  [
    8.440138566035193,
    1.6658930066201516,
    56.2817323459828,
    "f"
  ],
  [
    8.517634402423727,
    1.718764808587283,
    55.10466517206437,
    "f"
  ],
  [
    8.593686264237586,
    1.7730035028600026,
    53.89819954814193,
    "f"
  ],
  [
    8.66827044933599,
    1.8286307289667638,
    52.66278415535557,
    "f"
  ],
  [
    8.741363255578154,
    1.8856681264360153,
    51.39900405344832,
    "f"
  ],
  [
    8.8129409808233,
    1.9441373347962125,
    50.1075880184282,
    "f"
  ],
  [
    8.882979922930645,
    2.004059993575808,
    48.78941469478485,
    "f"
  ],
  [
    8.951456379759403,
    2.0654577423032503,
    47.4455172857098,
    "f"
  ],
  [
    9.018346649168794,
    2.1283522205069936,
    46.07708650805478,
    "f"
  ],
  [
    9.083627029018041,
    2.192765067715489,
    44.685471553509615,
    "f"
  ],
  [
    9.147273817166358,
    2.2587179234571892,
    43.272178824966545,
    "f"
  ],
  [
    9.209263311472963,
    2.3262324272605457,
    41.83886825793178,
    "f"
  ],
  [
    9.269571809797075,
    2.395330218654013,
    40.387347091050344,
    "f"
  ],
  [
    9.32817560999791,
    2.4660329371660383,
    38.919561016316266,
    "f"
  ],
  [
    9.385051009934688,
    2.538362222325077,
    37.4375827163351,
    "f"
  ],
  [
    9.44017430746663,
    2.61233971365958,
    35.94359788011269,
    "f"
  ],
  [
    9.49352180045295,
    2.687987050697999,
    34.439888876387386,
    "f"
  ],
  [
    9.545069786752864,
    2.7653258729687855,
    32.92881634998622,
    "f"
  ],
  [
    9.594794564225595,
    2.844377820000394,
    31.412799087182634,
    "f"
  ],
  [
    9.642672430730359,
    2.925164531321275,
    29.89429256571674,
    "f"
  ],
  [
    9.688679684126376,
    3.00770764645988,
    28.37576665958909,
    "f"
  ],
  [
    9.73279262227286,
    3.0920288049446603,
    26.859683004391457,
    "f"
  ],
  [
    9.774987543029031,
    3.17814964630407,
    25.348472543386208,
    "f"
  ],
  [
    9.815240744254108,
    3.26609181006656,
    23.844513766819773,
    "f"
  ],
  [
    9.85352852380731,
    3.3558769357605804,
    22.350112127571208,
    "f"
  ],
  [
    9.889827179547853,
    3.447526662914588,
    20.86748106718386,
    "f"
  ],
  [
    9.924113009334954,
    3.54106263105703,
    19.398725020849895,
    "f"
  ],
  [
    9.956362311027837,
    3.6365064797163615,
    17.945824692210977,
    "f"
  ],
  [
    9.986551382485711,
    3.7338798484210316,
    16.51062480367085,
    "f"
  ],
  [
    10.014656521567803,
    3.833204376699496,
    15.094824440194316,
    "f"
  ],
  [
    10.040654026133325,
    3.934501704080203,
    13.69997001897093,
    "f"
  ],
  [
    10.064520194041497,
    4.037793470091605,
    12.327450837932872,
    "f"
  ],
  [
    10.086231323151539,
    4.143101314262159,
    10.97849708621942,
    "f"
  ],
  [
    10.105763711322664,
    4.250446876120309,
    9.654180141569725,
    "f"
  ],
  [
    10.123093656414095,
    4.359851795194514,
    8.35541493462614,
    "f"
  ],
  [
    10.138197456285052,
    4.471337711013221,
    7.082964128595677,
    "f"
  ],
  [
    10.151051408794745,
    4.584926263104885,
    5.8374438441964,
    "f"
  ],
  [
    10.161631811802398,
    4.7006390909979565,
    4.619330653202383,
    "f"
  ],
  [
    10.16991496316723,
    4.81849783422089,
    3.428969567612171,
    "f"
  ],
  [
    10.175877160748453,
    4.938524132302134,
    2.266582763671863,
    "f"
  ],
  [
    10.175877160748453,
    4.938524132302134,
    2.266582763671863,
    "f"
  ],
  [
    10.180622884820737,
    5.058426252313187,
    2.2665831954346913,
    "f"
  ],
  [
    10.185273721381611,
    5.175930988700036,
    2.2665836358198703,
    "f"
  ],
  [
    10.189831626874618,
    5.291087772052875,
    2.26658408479301,
    "f"
  ],
  [
    10.19429855774328,
    5.403946032961886,
    2.266584542293856,
    "f"
  ],
  [
    10.198676470431147,
    5.514555202017265,
    2.266585008234131,
    "f"
  ],
  [
    10.202967321381747,
    5.622964709809204,
    2.2665854824946905,
    "f"
  ],
  [
    10.207173067038607,
    5.729223986927884,
    2.2665859649231948,
    "f"
  ],
  [
    10.211295663845268,
    5.833382463963502,
    2.2665864553308666,
    "f"
  ],
  [
    10.21533706824526,
    5.935489571506241,
    2.266586953489991,
    "f"
  ],
  [
    10.219299236682126,
    6.035594740146301,
    2.266587459130619,
    "f"
  ],
  [
    10.223184125599387,
    6.133747400473861,
    2.2665879719380655,
    "f"
  ],
  [
    10.226993691440587,
    6.229996983079118,
    2.2665884915492143,
    "f"
  ],
  [
    10.230729890649261,
    6.324392918552261,
    2.266589017550018,
    "f"
  ],
  [
    10.234394679668934,
    6.416984637483475,
    2.266589549472201,
    "f"
  ],
  [
    10.23799001494315,
    6.507821570462958,
    2.266590086790359,
    "f"
  ],
  [
    10.24151785291543,
    6.596953148080887,
    2.266590628919289,
    "f"
  ],
  [
    10.244980150029326,
    6.684428800927464,
    2.2665911752112606,
    "f"
  ],
  [
    10.248378862728357,
    6.770297959592871,
    2.266591724953571,
    "f"
  ],
  [
    10.251715947456068,
    6.8546100546673046,
    2.266592277366385,
    "f"
  ],
  [
    10.254993360655988,
    6.93741451674095,
    2.2665928316012014,
    "f"
  ],
  [
    10.258213058771645,
    7.018760776403995,
    2.2665933867392596,
    "f"
  ],
  [
    10.261376998246588,
    7.098698264246637,
    2.2665939417906884,
    "f"
  ],
  [
    10.264487135524332,
    7.177276410859054,
    2.2665944956945054,
    "f"
  ],
  [
    10.26754542704843,
    7.254544646831449,
    2.2665950473189582,
    "f"
  ],
  [
    10.270553829262404,
    7.330552402754002,
    2.2665955954624337,
    "f"
  ],
  [
    10.273514298609793,
    7.405349109216907,
    2.2665961388555615,
    "f"
  ],
  [
    10.276428791534132,
    7.478984196810353,
    2.2665966761643404,
    "f"
  ],
  [
    10.279299264478949,
    7.551507096124529,
    2.2665972059934916,
    "f"
  ],
  [
    10.282127673887784,
    7.622967237749625,
    2.266597726891632,
    "f"
  ],
  [
    10.28491597620417,
    7.693414052275834,
    2.266598237357016,
    "f"
  ],
  [
    10.287666127871638,
    7.762896970293339,
    2.266598735844468,
    "f"
  ],
  [
    10.290380085333725,
    7.831465422392334,
    2.266599220773628,
    "f"
  ],
  [
    10.29305980503397,
    7.8991688391630115,
    2.266599690537987,
    "f"
  ],
  [
    10.295707243415897,
    7.966056651195556,
    2.2666001435149497,
    "f"
  ],
  [
    10.298324356923045,
    8.032178289080159,
    2.2666005780771457,
    "f"
  ],
  [
    10.300913101998947,
    8.097583183407009,
    2.266600992604765,
    "f"
  ],
  [
    10.303475435087147,
    8.162320764766303,
    2.2666013854977223,
    "f"
  ],
  [
    10.306013312631164,
    8.226440463748222,
    2.2666017551898676,
    "f"
  ],
  [
    10.308528691074534,
    8.289991710942955,
    2.2666021001624017,
    "f"
  ],
  [
    10.311023526860803,
    8.353023936940701,
    2.2666024189585414,
    "f"
  ],
  [
    10.313499776433495,
    8.415586572331645,
    2.266602710197276,
    "f"
  ],
  [
    10.315959396236144,
    8.477729047705969,
    2.2666029725878047,
    "f"
  ],
  [
    10.318404342712292,
    8.539500793653875,
    2.2666032049428395,
    "f"
  ],
  [
    10.320836572305469,
    8.60095124076555,
    2.266603406191905,
    "f"
  ],
  [
    10.323258041459203,
    8.662129819631177,
    2.266603575392935,
    "f"
  ],
  [
    10.325670706617034,
    8.72308596084095,
    2.26660371174313,
    "f"
  ],
  [
    10.328076524222498,
    8.78386909498506,
    2.2666038145886773,
    "f"
  ],
  [
    10.330477450719126,
    8.844528652653697,
    2.2666038834319124,
    "f"
  ],
  [
    10.332875442550451,
    8.905114064437045,
    2.2666039179378004,
    "f"
  ],
  [
    10.335272456160011,
    8.965674760925305,
    2.2666039179377435,
    "f"
  ],
  [
    10.337670447991341,
    9.026260172708659,
    2.2666038834318556,
    "f"
  ],
  [
    10.340071374487966,
    9.086919730377293,
    2.2666038145886773,
    "f"
  ],
  [
    10.342477192093432,
    9.147702864521403,
    2.266603711743187,
    "f"
  ],
  [
    10.344889857251264,
    9.208659005731176,
    2.266603575392935,
    "f"
  ],
  [
    10.347311326405002,
    9.269837584596806,
    2.266603406191905,
    "f"
  ],
  [
    10.349743555998174,
    9.331288031708478,
    2.2666032049428395,
    "f"
  ],
  [
    10.352188502474318,
    9.393059777656381,
    2.266602972587748,
    "f"
  ],
  [
    10.354648122276972,
    9.455202253030713,
    2.266602710197276,
    "f"
  ],
  [
    10.357124371849665,
    9.517764888421654,
    2.2666024189584846,
    "f"
  ],
  [
    10.35961920763593,
    9.580797114419397,
    2.266602100162345,
    "f"
  ],
  [
    10.362134586079305,
    9.644348361614135,
    2.2666017551898108,
    "f"
  ],
  [
    10.36467246362332,
    9.70846806059605,
    2.2666013854977223,
    "f"
  ],
  [
    10.367234796711518,
    9.773205641955345,
    2.266600992604708,
    "f"
  ],
  [
    10.369823541787419,
    9.838610536282195,
    2.2666005780772025,
    "f"
  ],
  [
    10.372440655294568,
    9.904732174166798,
    2.2666001435149497,
    "f"
  ],
  [
    10.375088093676496,
    9.971619986199343,
    2.266599690537987,
    "f"
  ],
  [
    10.377767813376737,
    10.039323402970018,
    2.266599220773685,
    "f"
  ],
  [
    10.380481770838824,
    10.107891855069013,
    2.266598735844468,
    "f"
  ],
  [
    10.383231922506296,
    10.177374773086521,
    2.266598237357016,
    "f"
  ],
  [
    10.38602022482268,
    10.247821587612727,
    2.266597726891632,
    "f"
  ],
  [
    10.388848634231515,
    10.319281729237826,
    2.2665972059934916,
    "f"
  ],
  [
    10.391719107176334,
    10.391804628551998,
    2.2665966761643404,
    "f"
  ],
  [
    10.394633600100672,
    10.465439716145447,
    2.2665961388555615,
    "f"
  ],
  [
    10.397594069448061,
    10.54023642260835,
    2.266595595462377,
    "f"
  ],
  [
    10.400602471662037,
    10.616244178530906,
    2.266595047319015,
    "f"
  ],
  [
    10.40366076318613,
    10.693512414503298,
    2.2665944956945623,
    "f"
  ],
  [
    10.406770900463881,
    10.772090561115718,
    2.2665939417906884,
    "f"
  ],
  [
    10.409934839938819,
    10.852028048958356,
    2.2665933867392596,
    "f"
  ],
  [
    10.41315453805448,
    10.933374308621405,
    2.2665928316012014,
    "f"
  ],
  [
    10.416431951254395,
    11.01617877069505,
    2.266592277366385,
    "f"
  ],
  [
    10.419769035982107,
    11.100490865769482,
    2.266591724953571,
    "f"
  ],
  [
    10.423167748681138,
    11.186360024434888,
    2.2665911752112606,
    "f"
  ],
  [
    10.426630045795033,
    11.273835677281467,
    2.266590628919289,
    "f"
  ],
  [
    10.430157883767317,
    11.362967254899399,
    2.266590086790359,
    "f"
  ],
  [
    10.433753219041531,
    11.453804187878877,
    2.266589549472144,
    "f"
  ],
  [
    10.437418008061206,
    11.546395906810094,
    2.266589017550018,
    "f"
  ],
  [
    10.441154207269877,
    11.640791842283235,
    2.2665884915492143,
    "f"
  ],
  [
    10.444963773111079,
    11.73704142488849,
    2.2665879719380655,
    "f"
  ],
  [
    10.448848662028343,
    11.835194085216056,
    2.266587459130619,
    "f"
  ],
  [
    10.452810830465205,
    11.935299253856112,
    2.2665869534899343,
    "f"
  ],
  [
    10.456852234865199,
    12.037406361398855,
    2.2665864553308666,
    "f"
  ],
  [
    10.46097483167186,
    12.14156483843447,
    2.266585964923138,
    "f"
  ],
  [
    10.465180577328722,
    12.247824115553152,
    2.2665854824947473,
    "f"
  ],
  [
    10.469471428279316,
    12.356233623345089,
    2.266585008234131,
    "f"
  ],
  [
    10.473849340967181,
    12.466842792400467,
    2.266584542293913,
    "f"
  ],
  [
    10.47831627183585,
    12.57970105330948,
    2.26658408479301,
    "f"
  ],
  [
    10.482874177328856,
    12.694857836662317,
    2.266583635819927,
    "f"
  ],
  [
    10.487525013889732,
    12.812362573049167,
    2.2665831954346913,
    "f"
  ],
  [
    10.492270737962011,
    12.932264693060219,
    2.266582763671863,
    "f"
  ],
  [
    10.492270737962011,
    12.932264693060219,
    2.266582763671863,
    "f"
  ],
  [
    10.497016461575331,
    13.05216681271683,
    2.2665827680120287,
    "f"
  ],
  [
    10.501667296771775,
    13.169671548049962,
    2.2665827724388805,
    "f"
  ],
  [
    10.506225200013544,
    13.284828329664228,
    2.2665827769520206,
    "f"
  ],
  [
    10.510692127762837,
    13.397686588164227,
    2.2665827815509374,
    "f"
  ],
  [
    10.515070036481871,
    13.508295754154581,
    2.2665827862346646,
    "f"
  ],
  [
    10.51936088263284,
    13.616705258239884,
    2.2665827910020084,
    "f"
  ],
  [
    10.523566622677947,
    13.722964531024752,
    2.266582795851491,
    "f"
  ],
  [
    10.527689213079396,
    13.827123003113787,
    2.2665828007811797,
    "f"
  ],
  [
    10.531730610299395,
    13.929230105111598,
    2.266582805788744,
    "f"
  ],
  [
    10.535692770800143,
    14.029335267622798,
    2.2665828108715687,
    "f"
  ],
  [
    10.539577651043842,
    14.127487921251985,
    2.266582816026414,
    "f"
  ],
  [
    10.543387207492708,
    14.223737496603782,
    2.266582821249642,
    "f"
  ],
  [
    10.547123396608935,
    14.318133424282784,
    2.2665828265371033,
    "f"
  ],
  [
    10.550788174854723,
    14.410725134893601,
    2.2665828318840795,
    "f"
  ],
  [
    10.554383498692285,
    14.501562059040847,
    2.266582837285341,
    "f"
  ],
  [
    10.557911324583815,
    14.590693627329115,
    2.2665828427349197,
    "f"
  ],
  [
    10.561373608991527,
    14.678169270363032,
    2.266582848226335,
    "f"
  ],
  [
    10.564772308377616,
    14.76403841874719,
    2.266582853752425,
    "f"
  ],
  [
    10.568109379204294,
    14.84835050308621,
    2.2665828593054584,
    "f"
  ],
  [
    10.57138677793376,
    14.931154953984695,
    2.2665828648767388,
    "f"
  ],
  [
    10.574606461028209,
    15.01250120204724,
    2.266582870457114,
    "f"
  ],
  [
    10.577770384949858,
    15.092438677878468,
    2.26658287603658,
    "f"
  ],
  [
    10.580880506160906,
    15.171016812082986,
    2.2665828816045632,
    "f"
  ],
  [
    10.583938781123557,
    15.248285035265392,
    2.266582887149525,
    "f"
  ],
  [
    10.586947166300012,
    15.324292778030301,
    2.266582892659642,
    "f"
  ],
  [
    10.58990761815248,
    15.399089470982327,
    2.2665828981219533,
    "f"
  ],
  [
    10.592822093143166,
    15.47272454472607,
    2.2665829035230445,
    "f"
  ],
  [
    10.595692547734258,
    15.545247429866128,
    2.2665829088489886,
    "f"
  ],
  [
    10.598520938387978,
    15.616707557007125,
    2.266582914085177,
    "f"
  ],
  [
    10.601309221566524,
    15.687154356753664,
    2.2665829192164324,
    "f"
  ],
  [
    10.604059353732094,
    15.75663725971035,
    2.266582924227407,
    "f"
  ],
  [
    10.606773291346896,
    15.82520569648179,
    2.2665829291019577,
    "f"
  ],
  [
    10.609452990873137,
    15.8929090976726,
    2.266582933824111,
    "f"
  ],
  [
    10.612100408773017,
    15.959796893887379,
    2.266582938377553,
    "f"
  ],
  [
    10.61471750150874,
    16.025918515730737,
    2.266582942745856,
    "f"
  ],
  [
    10.617306225542507,
    16.09132339380728,
    2.266582946912763,
    "f"
  ],
  [
    10.619868537336526,
    16.15606095872162,
    2.266582950862187,
    "f"
  ],
  [
    10.622406393353,
    16.220180641078365,
    2.266582954578439,
    "f"
  ],
  [
    10.624921750054128,
    16.283731871482114,
    2.266582958046172,
    "f"
  ],
  [
    10.62741656390212,
    16.346764080537486,
    2.2665829612507764,
    "f"
  ],
  [
    10.62989279135918,
    16.409326698849092,
    2.266582964178383,
    "f"
  ],
  [
    10.632352388887503,
    16.471469157021517,
    2.2665829668159745,
    "f"
  ],
  [
    10.634797312949301,
    16.533240885659392,
    2.2665829691516706,
    "f"
  ],
  [
    10.637229520006782,
    16.59469131536732,
    2.266582971174671,
    "f"
  ],
  [
    10.639650966522131,
    16.6558698767499,
    2.266582972875483,
    "f"
  ],
  [
    10.642063608957567,
    16.716826000411743,
    2.2665829742460915,
    "f"
  ],
  [
    10.644469403775297,
    16.777609116957464,
    2.2665829752799027,
    "f"
  ],
  [
    10.64687030743751,
    16.838268656991666,
    2.2665829759719713,
    "f"
  ],
  [
    10.64926827640642,
    16.89885405111895,
    2.26658297631883,
    "f"
  ],
  [
    10.651665267144233,
    16.959414729943937,
    2.2665829763188867,
    "f"
  ],
  [
    10.654063236113139,
    17.020000124071224,
    2.2665829759719713,
    "f"
  ],
  [
    10.656464139775355,
    17.080659664105426,
    2.2665829752799596,
    "f"
  ],
  [
    10.658869934593081,
    17.141442780651143,
    2.2665829742461483,
    "f"
  ],
  [
    10.661282577028517,
    17.202398904312986,
    2.26658297287554,
    "f"
  ],
  [
    10.663704023543872,
    17.26357746569557,
    2.266582971174671,
    "f"
  ],
  [
    10.666136230601348,
    17.325027895403494,
    2.2665829691516137,
    "f"
  ],
  [
    10.668581154663146,
    17.386799624041366,
    2.2665829668159745,
    "f"
  ],
  [
    10.671040752191473,
    17.4489420822138,
    2.266582964178383,
    "f"
  ],
  [
    10.673516979648529,
    17.5115047005254,
    2.2665829612507764,
    "f"
  ],
  [
    10.676011793496519,
    17.574536909580768,
    2.266582958046172,
    "f"
  ],
  [
    10.67852715019765,
    17.638088139984525,
    2.266582954578496,
    "f"
  ],
  [
    10.681065006214123,
    17.702207822341265,
    2.2665829508622437,
    "f"
  ],
  [
    10.683627318008142,
    17.76694538725561,
    2.26658294691282,
    "f"
  ],
  [
    10.686216042041911,
    17.83235026533215,
    2.266582942745856,
    "f"
  ],
  [
    10.688833134777632,
    17.89847188717551,
    2.26658293837761,
    "f"
  ],
  [
    10.691480552677513,
    17.96535968339029,
    2.266582933824168,
    "f"
  ],
  [
    10.694160252203751,
    18.033063084581094,
    2.2665829291019577,
    "f"
  ],
  [
    10.696874189818555,
    18.101631521352537,
    2.266582924227407,
    "f"
  ],
  [
    10.699624321984128,
    18.171114424309224,
    2.2665829192164892,
    "f"
  ],
  [
    10.702412605162671,
    18.241561224055765,
    2.266582914085177,
    "f"
  ],
  [
    10.705240995816391,
    18.31302135119676,
    2.2665829088489886,
    "f"
  ],
  [
    10.708111450407486,
    18.38554423633682,
    2.2665829035230445,
    "f"
  ],
  [
    10.711025925398168,
    18.45917931008056,
    2.2665828981218965,
    "f"
  ],
  [
    10.713986377250635,
    18.53397600303258,
    2.266582892659585,
    "f"
  ],
  [
    10.716994762427094,
    18.609983745797493,
    2.266582887149582,
    "f"
  ],
  [
    10.720053037389745,
    18.687251968979904,
    2.2665828816045064,
    "f"
  ],
  [
    10.72316315860079,
    18.765830103184417,
    2.26658287603658,
    "f"
  ],
  [
    10.726327082522442,
    18.845767579015646,
    2.266582870457057,
    "f"
  ],
  [
    10.729546765616893,
    18.9271138270782,
    2.266582864876682,
    "f"
  ],
  [
    10.732824164346361,
    19.00991827797668,
    2.2665828593054016,
    "f"
  ],
  [
    10.736161235173032,
    19.094230362315695,
    2.266582853752425,
    "f"
  ],
  [
    10.739559934559122,
    19.180099510699858,
    2.266582848226335,
    "f"
  ],
  [
    10.743022218966834,
    19.267575153733773,
    2.2665828427349197,
    "f"
  ],
  [
    10.746550044858367,
    19.356706722022043,
    2.266582837285341,
    "f"
  ],
  [
    10.750145368695929,
    19.447543646169287,
    2.2665828318840795,
    "f"
  ],
  [
    10.753810146941717,
    19.540135356780105,
    2.2665828265371033,
    "f"
  ],
  [
    10.757546336057938,
    19.634531284459108,
    2.266582821249642,
    "f"
  ],
  [
    10.761355892506803,
    19.7307808598109,
    2.2665828160263572,
    "f"
  ],
  [
    10.76524077275051,
    19.82893351344009,
    2.2665828108715687,
    "f"
  ],
  [
    10.769202933251258,
    19.92903867595129,
    2.266582805788744,
    "f"
  ],
  [
    10.773244330471254,
    20.031145777949103,
    2.2665828007811797,
    "f"
  ],
  [
    10.777366920872705,
    20.13530425003814,
    2.266582795851491,
    "f"
  ],
  [
    10.78157266091781,
    20.241563522823004,
    2.2665827910020084,
    "f"
  ],
  [
    10.785863507068779,
    20.34997302690831,
    2.2665827862346077,
    "f"
  ],
  [
    10.790241415787811,
    20.460582192898656,
    2.2665827815509374,
    "f"
  ],
  [
    10.794708343537106,
    20.57344045139866,
    2.2665827769520206,
    "f"
  ],
  [
    10.79926624677887,
    20.68859723301292,
    2.2665827724388805,
    "f"
  ],
  [
    10.803917081975317,
    20.806101968346056,
    2.2665827680120287,
    "f"
  ],
  [
    10.80866280558864,
    20.926004088002667,
    2.266582763671863,
    "f"
  ]
]