[
  [
    0.0,
    0.0,
    90.19200000000001,
    "f"
  ],
  [
    0.11823656433198859,
    -0.0003962160131097889,
    90.19200000000001,
    "f"
  ],
  [
    0.23060405065563816,
    -0.0007727644834231995,
    90.19200000000001,
    "f"
  ],
  [
    0.33722347088864646,
    -0.0011300509272866022,
    90.19200000000001,
    "f"
  ],
  [
    0.43821583694871125,
    -0.0014684808610462008,
    90.19200000000001,
    "f"
  ],
  [
    0.5337021607535302,
    -0.001788459801048442,
    90.19200000000001,
    "f"
  ],
  [
    0.623803454220801,
    -0.002090393263639634,
    90.19200000000001,
    "f"
  ],
  [
    0.7086407292682214,
    -0.00237468676516589,
    90.19200000000001,
    "f"
  ],
  [
    0.7883349978134891,
    -0.002641745821973851,
    90.19200000000001,
    "f"
  ],
  [
    0.8630072717743015,
    -0.0028919759504095754,
    90.19200000000001,
    "f"
  ],
  [
    0.932778563068357,
    -0.0031257826668194544,
    90.19200000000001,
    "f"
  ],
  [
    0.9977698836133528,
    -0.003343571487549768,
    90.19200000000001,
    "f"
  ],
  [
    1.0581022453269866,
    -0.0035457479289470184,
    90.19200000000001,
    "f"
  ],
  [
    1.1138966601269564,
    -0.0037327175073575414,
    90.19200000000001,
    "f"
  ],
  [
    1.1652741399309594,
    -0.003904885739127062,
    90.19200000000001,
    "f"
  ],
  [
    1.2123556966566946,
    -0.004062658140602693,
    90.19200000000001,
    "f"
  ],
  [
    1.2552623422218576,
    -0.004206440228130104,
    90.19200000000001,
    "f"
  ],
  [
    1.2941150885441481,
    -0.004336637518056352,
    90.19200000000001,
    "f"
  ],
  [
    1.3290349475412624,
    -0.004453655526726941,
    90.19200000000001,
    "f"
  ],
  [
    1.3601429311308995,
    -0.004557899770488483,
    90.19200000000001,
    "f"
  ],
  [
    1.3875600512307562,
    -0.004649775765687703,
    90.19200000000001,
    "f"
  ],
  [
    1.41140731975853,
    -0.004729689028670325,
    90.19200000000001,
    "f"
  ],
  [
    1.4318057486319193,
    -0.004798045075783075,
    90.19200000000001,
    "f"
  ],
  [
    1.448876349768621,
    -0.004855249423372121,
    90.19200000000001,
    "f"
  ],
  [
    1.4627401350863345,
    -0.0049017075877835214,
    90.19200000000001,
    "f"
  ],
  [
    1.4735181165027555,
    -0.004937825085363889,
    90.19200000000001,
    "f"
  ],
  [
    1.4813313059355833,
    -0.004964007432459727,
    90.19200000000001,
    "f"
  ],
  [
    1.4863007153025145,
    -0.004980660145417093,
    90.19200000000001,
    "f"
  ],
  [
    1.488547356521247,
    -0.004988188740582156,
    90.19200000000001,
    "f"
  ],
  [
    1.4881922415094786,
    -0.004986998734301529,
    90.19200000000001,
    "f"
  ],
  [
    1.4853563821849078,
    -0.004977495642921381,
    90.19200000000001,
    "f"
  ],
  [
    1.4801607904652307,
    -0.004960084982788215,
    90.19200000000001,
    "f"
  ],
  [
    1.4727264782681462,
    -0.004935172270248089,
    90.19200000000001,
    "f"
  ],
  [
    1.4631744575113528,
    -0.004903163021647172,
    90.19200000000001,
    "f"
  ],
  [
    1.4516257401125467,
    -0.004864462753332188,
    90.19200000000001,
    "f"
  ],
  [
    1.4382013379894254,
    -0.004819476981649196,
    90.19200000000001,
    "f"
  ],
  [
    1.4230222630596876,
    -0.0047686112229448074,
    90.19200000000001,
    "f"
  ],
  [
    1.4062095272410309,
    -0.004712270993565304,
    90.19200000000001,
    "f"
  ],
  [
    1.3878841424511528,
    -0.004650861809856521,
    90.19200000000001,
    "f"
  ],
  [
    1.3681671206077504,
    -0.004584789188164962,
    90.19200000000001,
    "f"
  ],
  [
    1.3471794736285232,
    -0.00451445864483746,
    90.19200000000001,
    "f"
  ],
  [
    1.3250422134311677,
    -0.004440275696219631,
    90.19200000000001,
    "f"
  ],
  [
    1.3018763519333805,
    -0.004362645858658198,
    90.19200000000001,
    "f"
  ],
  [
    1.2778029010528607,
    -0.004281974648499665,
    90.19200000000001,
    "f"
  ],
  [
    1.2529428727073066,
    -0.004198667582089866,
    90.19200000000001,
    "f"
  ],
  [
    1.2274172788144144,
    -0.004113130175775193,
    90.19200000000001,
    "f"
  ],
  [
    1.2013471312918826,
    -0.004025767945902148,
    90.19200000000001,
    "f"
  ],
  [
    1.1748534420574086,
    -0.0039369864088173445,
    90.19200000000001,
    "f"
  ],
  [
    1.1480572230286912,
    -0.003847191080866341,
    90.19200000000001,
    "f"
  ],
  [
    1.1210794861234263,
    -0.003756787478395862,
    90.19200000000001,
    "f"
  ],
  [
    1.0940412432593134,
    -0.0036661811177525205,
    90.19200000000001,
    "f"
  ],
  [
    1.0670635063540486,
    -0.003575777515282208,
    90.19200000000001,
    "f"
  ],
  [
    1.0402672873253305,
    -0.00348598218733126,
    90.19200000000001,
    "f"
  ],
  [
    1.013773598090857,
    -0.0033972006502461793,
    90.19200000000001,
    "f"
  ],
  [
    0.9877034505683251,
    -0.00330983842037319,
    90.19200000000001,
    "f"
  ],
  [
    0.9621778566754338,
    -0.003224301014058517,
    90.19200000000001,
    "f"
  ],
  [
    0.9373178283298784,
    -0.0031409939476488846,
    90.19200000000001,
    "f"
  ],
  [
    0.9132443774493596,
    -0.0030603227374901287,
    90.19200000000001,
    "f"
  ],
  [
    0.8900785159515731,
    -0.002982692899928696,
    90.19200000000001,
    "f"
  ],
  [
    0.8679412557542167,
    -0.0029085099513110335,
    90.19200000000001,
    "f"
  ],
  [
    0.8469536087749892,
    -0.0028381794079832545,
    90.19200000000001,
    "f"
  ],
  [
    0.8272365869315872,
    -0.002772106786291917,
    90.19200000000001,
    "f"
  ],
  [
    0.8089112021417089,
    -0.0027106976025833007,
    90.19200000000001,
    "f"
  ],
  [
    0.792098466323052,
    -0.0026543573732036307,
    90.19200000000001,
    "f"
  ],
  [
    0.7769193913933143,
    -0.002603491614499187,
    90.19200000000001,
    "f"
  ],
  [
    0.7634949892701937,
    -0.00255850584281625,
    90.19200000000001,
    "f"
  ],
  [
    0.7519462718713873,
    -0.002519805574501266,
    90.19200000000001,
    "f"
  ],
  [
    0.7423942511145931,
    -0.002487796325900571,
    90.19200000000001,
    "f"
  ],
  [
    0.7349599389175088,
    -0.002462883613360334,
    90.19200000000001,
    "f"
  ],
  [
    0.7297643471978323,
    -0.0024454729532270014,
    90.19200000000001,
    "f"
  ],
  [
    0.7269284878732611,
    -0.002435969861846854,
    90.19200000000001,
    "f"
  ],
  [
    0.7265733728614931,
    -0.002434779855566227,
    90.19200000000001,
    "f"
  ],
  [
    0.7288200140802259,
    -0.0024423084507312898,
    90.19200000000001,
    "f"
  ],
  [
    0.733789423447157,
    -0.0024589611636886555,
    90.19200000000001,
    "f"
  ],
  [
    0.7416026128799842,
    -0.0024851435107843822,
    90.19200000000001,
    "f"
  ],
  [
    0.7523805942964058,
    -0.0025212610083648057,
    90.19200000000001,
    "f"
  ],
  [
    0.7662443796141185,
    -0.0025677191727763726,
    90.19200000000001,
    "f"
  ],
  [
    0.7833149807508208,
    -0.002624923520365363,
    90.19200000000001,
    "f"
  ],
  [
    0.8037134096242102,
    -0.0026932795674779464,
    90.19200000000001,
    "f"
  ],
  [
    0.8275606781519844,
    -0.0027731928304607356,
    90.19200000000001,
    "f"
  ],
  [
    0.8549777982518411,
    -0.002865068825659789,
    90.19200000000001,
    "f"
  ],
  [
    0.8860857818414776,
    -0.002969313069421553,
    90.19200000000001,
    "f"
  ],
  [
    0.9210056408385923,
    -0.003086331078092197,
    90.19200000000001,
    "f"
  ],
  [
    0.9598583871608828,
    -0.0032165283680181123,
    90.19200000000001,
    "f"
  ],
  [
    1.0027650327260458,
    -0.0033603104555457453,
    90.19200000000001,
    "f"
  ],
  [
    1.0498465894517808,
    -0.0035180828570212652,
    90.19200000000001,
    "f"
  ],
  [
    1.1012240692557838,
    -0.003690251088791119,
    90.19200000000001,
    "f"
  ],
  [
    1.157018484055754,
    -0.0038772206672014198,
    90.19200000000001,
    "f"
  ],
  [
    1.2173508457693878,
    -0.004079397108598504,
    90.19200000000001,
    "f"
  ],
  [
    1.282342166314384,
    -0.004297185929329039,
    90.19200000000001,
    "f"
  ],
  [
    1.3521134576084393,
    -0.004530992645738752,
    90.19200000000001,
    "f"
  ],
  [
    1.4267857315692516,
    -0.004781222774174587,
    90.19200000000001,
    "f"
  ],
  [
    1.5064800001145195,
    -0.005048281830982493,
    90.19200000000001,
    "f"
  ],
  [
    1.5913172751619395,
    -0.00533257533250886,
    90.19200000000001,
    "f"
  ],
  [
    1.681418568629211,
    -0.005634508795099968,
    90.19200000000001,
    "f"
  ],
  [
    1.7769048924340294,
    -0.00595448773510221,
    90.19200000000001,
    "f"
  ],
  [
    1.877897258494094,
    -0.006292917668861753,
    90.19200000000001,
    "f"
  ],
  [
    1.984516678727103,
    -0.0066502041127251,
    90.19200000000001,
    "f"
  ],
  [
    2.096884165050752,
    -0.007026752583038642,
    90.19200000000001,
    "f"
  ],
  [
    2.21512072938274,
    -0.007422968596148438,
    90.19200000000001,
    "f"
  ],
  [
    2.21512072938274,
    -0.007422968596148438,
    90.19199999999995,
    "f"
  ],
  [
    2.3363657178454353,
    -0.007239980701237991,
    89.63512336143879,
    "f"
  ],
  [
    2.45766135004387,
    -0.005878001314343795,
    89.07824889092387,
    "f"
  ],
  [
    2.5789829481197417,
    -0.003336061752092334,
    88.521142227994,
    "f"
  ],
  [
    2.7003058342147446,
    0.00038680666889012727,
    87.96356949552427,
    "f"
  ],
  [
    2.8216053304705766,
    0.005291572631977548,
    87.40529713318176,
    "f"
  ],
  [
    2.9428567590289347,
    0.011379204820543443,
    86.84609173363918,
    "f"
  ],
  [
    3.0640354420315123,
    0.018650671917960437,
    86.28571988187747,
    "f"
  ],
  [
    3.185116701620008,
    0.02710694260760449,
    85.72394799792141,
    "f"
  ],
  [
    3.3060758599361155,
    0.03674898557284756,
    85.16054218337553,
    "f"
  ],
  [
    3.426888239121535,
    0.04757776949706405,
    84.59526807215087,
    "f"
  ],
  [
    3.547529161317959,
    0.05959426306362747,
    84.02789068580478,
    "f"
  ],
  [
    3.6679739486670853,
    0.07279943495591179,
    83.45817429394981,
    "f"
  ],
  [
    3.7881979233106113,
    0.08719425385729052,
    82.8858822802286,
    "f"
  ],
  [
    3.9081764073902305,
    0.10277968845113694,
    82.31077701439563,
    "f"
  ],
  [
    4.027884723047642,
    0.11955670742082569,
    81.73261973109715,
    "f"
  ],
  [
    4.147298192424538,
    0.1375262794497294,
    81.15117041599609,
    "f"
  ],
  [
    4.266392137662621,
    0.15668937322122267,
    80.5661876999485,
    "f"
  ],
  [
    4.385141880903579,
    0.17704695741867926,
    79.97742876200476,
    "f"
  ],
  [
    4.503522744289117,
    0.19860000072547201,
    79.38464924208097,
    "f"
  ],
  [
    4.621510049960927,
    0.22134947182497489,
    78.78760316422114,
    "f"
  ],
  [
    4.739079120060701,
    0.24529633940056206,
    78.18604287145632,
    "f"
  ],
  [
    4.856205276730144,
    0.27044157213560727,
    77.57971897335352,
    "f"
  ],
  [
    4.972863842110945,
    0.2967861387134836,
    76.96838030744328,
    "f"
  ],
  [
    5.089030138344803,
    0.3243310078175652,
    76.35177391581328,
    "f"
  ],
  [
    5.204679487573415,
    0.35307714813122626,
    75.7296450382621,
    "f"
  ],
  [
    5.319787211938478,
    0.3830255283378392,
    75.10173712351832,
    "f"
  ],
  [
    5.434328633581686,
    0.41417711712077887,
    74.4677918601434,
    "f"
  ],
  [
    5.548279074644734,
    0.4465328831634183,
    73.82754922886039,
    "f"
  ],
  [
    5.66161385726932,
    0.480093795149132,
    73.18074757817112,
    "f"
  ],
  [
    5.774308303597143,
    0.5148608217612929,
    72.52712372525292,
    "f"
  ],
  [
    5.886337735769894,
    0.5508349316832746,
    71.86641308425317,
    "f"
  ],
  [
    5.9976774759292715,
    0.588017093598451,
    71.19834982422981,
    "f"
  ],
  [
    6.108302846216974,
    0.6264082761901961,
    70.52266705911308,
    "f"
  ],
  [
    6.218189168774697,
    0.6660094481418839,
    69.83909707218879,
    "f"
  ],
  [
    6.327311765744133,
    0.7068215781368878,
    69.14737157772305,
    "f"
  ],
  [
    6.435645959266979,
    0.7488456348585801,
    68.44722202246061,
    "f"
  ],
  [
    6.543167071484936,
    0.792082586990337,
    67.73837992982817,
    "f"
  ],
  [
    6.6498504245396965,
    0.8365334032155305,
    67.0205772897624,
    "f"
  ],
  [
    6.755671340572956,
    0.8821990522175356,
    66.29354699714878,
    "f"
  ],
  [
    6.860605141726413,
    0.929080502679724,
    65.55702334190198,
    "f"
  ],
  [
    6.964627150141766,
    0.9771787232854718,
    64.81074255373488,
    "f"
  ],
  [
    7.067712687960703,
    1.0264946827181505,
    64.05444340464567,
    "f"
  ],
  [
    7.169837077324926,
    1.0770293496611352,
    63.287867872093216,
    "f"
  ],
  [
    7.270975640376134,
    1.1287836927977994,
    62.5107618657259,
    "f"
  ],
  [
    7.371103699256017,
    1.1817586808115164,
    61.72287602036715,
    "f"
  ],
  [
    7.470196576106273,
    1.2359552823856603,
    60.92396655773882,
    "f"
  ],
  [
    7.568229593068603,
    1.2913744662036053,
    60.11379621910612,
    "f"
  ],
  [
    7.6651780722846965,
    1.3480172009487235,
    59.292135270655194,
    "f"
  ],
  [
    7.761017335896254,
    1.40588445530439,
    58.45876258294834,
    "f"
  ],
  [
    7.855722706044971,
    1.4649771979539792,
    57.61346678524171,
    "f"
  ],
  [
    7.949269504872541,
    1.525296397580862,
    56.756047494781,
    "f"
  ],
  [
    8.041633054520663,
    1.5868430228684143,
    55.88631662041087,
    "f"
  ],
  [
    8.132788677131032,
    1.6496180425000087,
    55.00409973893079,
    "f"
  ],
  [
    8.222711694845346,
    1.71362242515902,
    54.1092375416016,
    "f"
  ],
  [
    8.311377429805301,
    1.7788571395288217,
    53.20158734705251,
    "f"
  ],
  [
    8.398761204152594,
    1.8453231542927884,
    52.28102467554851,
    "f"
  ],
  [
    8.484838340028915,
    1.9130214381342912,
    51.34744487816829,
    "f"
  ],
  [
    8.569584159575966,
    1.981952959736705,
    50.40076481290532,
    "f"
  ],
  [
    8.652973984935443,
    2.052118687783405,
    49.440924558060715,
    "f"
  ],
  [
    8.73498313824904,
    2.1235195909577627,
    48.46788915155901,
    "f"
  ],
  [
    8.815586941658458,
    2.1961566379431536,
    47.481650343003366,
    "f"
  ],
  [
    8.894760717305385,
    2.2700307974229488,
    46.48222834343085,
    "f"
  ],
  [
    8.972479787331524,
    2.345143038080526,
    45.46967355586037,
    "f"
  ],
  [
    9.048719473878569,
    2.4214943285992554,
    44.44406826788742,
    "f"
  ],
  [
    9.123455099088215,
    2.4990856376625117,
    43.405528285816786,
    "f"
  ],
  [
    9.196661985102162,
    2.577917933953671,
    42.35420448819906,
    "f"
  ],
  [
    9.268315454062101,
    2.6579921861561018,
    41.290284275195006,
    "f"
  ],
  [
    9.338390828109732,
    2.7393093629531835,
    40.21399288900858,
    "f"
  ],
  [
    9.406863429386753,
    2.8218704330282867,
    39.12559457976897,
    "f"
  ],
  [
    9.473708580034854,
    2.905676365064785,
    38.02539359076599,
    "f"
  ],
  [
    9.538901602195738,
    2.9907281277460545,
    36.913734936927256,
    "f"
  ],
  [
    9.602417818011094,
    3.0770266897554643,
    35.79100495092064,
    "f"
  ],
  [
    9.664232549622625,
    3.164573019776393,
    34.65763157233653,
    "f"
  ],
  [
    9.724321119172025,
    3.2533680864922117,
    33.51408435708191,
    "f"
  ],
  [
    9.782658848800988,
    3.3434128585862952,
    32.36087418644195,
    "f"
  ],
  [
    9.839221060651212,
    3.4347083047420153,
    31.19855265823867,
    "f"
  ],
  [
    9.893983076864393,
    3.527255393642749,
    30.027711146129377,
    "f"
  ],
  [
    9.946920219582227,
    3.621055093971866,
    28.848979517314604,
    "f"
  ],
  [
    9.998007810946412,
    3.716108374412743,
    27.6630245037004,
    "f"
  ],
  [
    10.047221173098643,
    3.8124162036487546,
    26.47054772680457,
    "f"
  ],
  [
    10.094535628180616,
    3.909979550363272,
    25.272283382308842,
    "f"
  ],
  [
    10.139926498334026,
    4.008799383239669,
    24.068995596000605,
    "f"
  ],
  [
    10.183369105700569,
    4.108876670961318,
    22.861475468783567,
    "f"
  ],
  [
    10.224838772421943,
    4.210212382211597,
    21.650537834296642,
    "f"
  ],
  [
    10.264310820639848,
    4.312807485673878,
    20.4370177583005,
    "f"
  ],
  [
    10.301760572495972,
    4.416662950031532,
    19.221766814199555,
    "f"
  ],
  [
    10.33716335013202,
    4.5217797439679375,
    18.005649173699226,
    "f"
  ],
  [
    10.370494475689679,
    4.628158836166463,
    16.78953755550424,
    "f"
  ],
  [
    10.401729271310652,
    4.7358011953104855,
    15.574309078010174,
    "f"
  ],
  [
    10.430843059136635,
    4.844707790083378,
    14.360841064026658,
    "f"
  ],
  [
    10.457811161309317,
    4.954879589168512,
    13.150006846621238,
    "f"
  ],
  [
    10.482608899970405,
    5.066317561249267,
    11.942671625153537,
    "f"
  ],
  [
    10.505211597261583,
    5.179022675009011,
    10.739688419478966,
    "f"
  ],
  [
    10.525594575324561,
    5.292995899131122,
    9.54189416817951,
    "f"
  ],
  [
    10.543733156301025,
    5.408238202298968,
    8.350106013598293,
    "f"
  ],
  [
    10.559602662332674,
    5.524750553195927,
    7.165117812520009,
    "f"
  ],
  [
    10.573178415561207,
    5.6425339205053735,
    5.987696906684334,
    "f"
  ],
  [
    10.584435738128317,
    5.761589272910679,
    4.8185811820915205,
    "f"
  ],
  [
    10.5933499521757,
    5.881917579095217,
    3.6584764404296948,
    "f"
  ],
  [
    10.5933499521757,
    5.881917579095217,
    3.6584764404296948,
    "f"
  ],
  [
    10.600948586688958,
    6.000758811916116,
    3.658476255322455,
    "f"
  ],
  [
    10.608279305252683,
    6.115409895001523,
    3.658476060495559,
    "f"
  ],
  [
    10.615347631907083,
    6.225957223191348,
    3.6584758553001393,
    "f"
  ],
  [
    10.622159090692342,
    6.332487191325494,
    3.6584756390367374,
    "f"
  ],
  [
    10.628719205648665,
    6.435086194243869,
    3.6584754109512687,
    "f"
  ],
  [
    10.635033500816244,
    6.533840626786385,
    3.658475170230588,
    "f"
  ],
  [
    10.641107500235277,
    6.628836883792943,
    3.658474915997431,
    "f"
  ],
  [
    10.646946727945961,
    6.720161360103452,
    3.658474647305752,
    "f"
  ],
  [
    10.652556707988488,
    6.807900450557819,
    3.6584743631348147,
    "f"
  ],
  [
    10.65794296440306,
    6.892140549995951,
    3.658474062383789,
    "f"
  ],
  [
    10.663111021229875,
    6.972968053257755,
    3.658473743865784,
    "f"
  ],
  [
    10.668066402509124,
    7.05046935518314,
    3.6584734063017095,
    "f"
  ],
  [
    10.67281463228101,
    7.124730850612014,
    3.658473048314363,
    "f"
  ],
  [
    10.677361234585717,
    7.195838934384276,
    3.6584726684218367,
    "f"
  ],
  [
    10.681711733463459,
    7.263880001339843,
    3.6584722650321737,
    "f"
  ],
  [
    10.685871652954413,
    7.3289404463186125,
    3.6584718364377977,
    "f"
  ],
  [
    10.689846517098792,
    7.3911066641605,
    3.6584713808109655,
    "f"
  ],
  [
    10.693641849936782,
    7.450465049705406,
    3.6584708962009245,
    "f"
  ],
  [
    10.697263175508589,
    7.507101997793245,
    3.658470380532208,
    "f"
  ],
  [
    10.7007160178544,
    7.561103903263918,
    3.658469831606226,
    "f"
  ],
  [
    10.704005901014414,
    7.61255716095733,
    3.6584692471061544,
    "f"
  ],
  [
    10.707138349028833,
    7.661548165713397,
    3.658468624606826,
    "f"
  ],
  [
    10.710118885937845,
    7.708163312372016,
    3.6584679615912137,
    "f"
  ],
  [
    10.712953035781654,
    7.752488995773103,
    3.6584672554742497,
    "f"
  ],
  [
    10.715646322600449,
    7.794611610756556,
    3.658466503638806,
    "f"
  ],
  [
    10.718204270434436,
    7.834617552162291,
    3.658465703484012,
    "f"
  ],
  [
    10.720632403323803,
    7.872593214830209,
    3.658464852490738,
    "f"
  ],
  [
    10.722936245308752,
    7.908624993600219,
    3.65846394830794,
    "f"
  ],
  [
    10.725121320429475,
    7.942799283312226,
    3.6584629888636755,
    "f"
  ],
  [
    10.727193152726173,
    7.975202478806142,
    3.6584619725061884,
    "f"
  ],
  [
    10.729157266239033,
    8.005920974921867,
    3.658460898179044,
    "f"
  ],
  [
    10.731019185008263,
    8.035041166499314,
    3.6584597656343476,
    "f"
  ],
  [
    10.732784433074057,
    8.06264944837839,
    3.6584585756882007,
    "f"
  ],
  [
    10.734458534476609,
    8.088832215398998,
    3.65845733051691,
    "f"
  ],
  [
    10.736047013256115,
    8.113675862401049,
    3.6584560339926497,
    "f"
  ],
  [
    10.73755539345277,
    8.137266784224446,
    3.658454692047087,
    "f"
  ],
  [
    10.738989199106777,
    8.159691375709098,
    3.658453313047289,
    "f"
  ],
  [
    10.740353954258325,
    8.181036031694912,
    3.6584519081568487,
    "f"
  ],
  [
    10.74165518294761,
    8.201387147021794,
    3.658450491638746,
    "f"
  ],
  [
    10.742898409214838,
    8.220831116529656,
    3.6584490810538455,
    "f"
  ],
  [
    10.744089157100202,
    8.2394543350584,
    3.658447697286931,
    "f"
  ],
  [
    10.745232950643887,
    8.25734319744793,
    3.6584463643383174,
    "f"
  ],
  [
    10.746335313886105,
    8.274584098538163,
    3.658445108813112,
    "f"
  ],
  [
    10.747401770867048,
    8.291263433169,
    3.6584439590716897,
    "f"
  ],
  [
    10.748437845626906,
    8.307467596180345,
    3.658442944028593,
    "f"
  ],
  [
    10.749449062205878,
    8.323282982412108,
    3.6584420916484532,
    "f"
  ],
  [
    10.750440944644168,
    8.338795986704199,
    3.658441427243133,
    "f"
  ],
  [
    10.751419016981963,
    8.354093003896521,
    3.6584409717328867,
    "f"
  ],
  [
    10.752388803259462,
    8.369260428828982,
    3.6584407400767986,
    "f"
  ],
  [
    10.75335582751687,
    8.384384656341492,
    3.658440740076685,
    "f"
  ],
  [
    10.75432561379437,
    8.399552081273953,
    3.6584409717328867,
    "f"
  ],
  [
    10.755303686132168,
    8.414849098466277,
    3.6584414272430195,
    "f"
  ],
  [
    10.756295568570454,
    8.430362102758366,
    3.658442091648567,
    "f"
  ],
  [
    10.75730678514943,
    8.44617748899013,
    3.658442944028593,
    "f"
  ],
  [
    10.75834285990929,
    8.462381652001477,
    3.6584439590717466,
    "f"
  ],
  [
    10.759409316890228,
    8.479060986632312,
    3.6584451088132255,
    "f"
  ],
  [
    10.760511680132446,
    8.496301887722543,
    3.6584463643383742,
    "f"
  ],
  [
    10.761655473676134,
    8.514190750112077,
    3.6584476972871016,
    "f"
  ],
  [
    10.762846221561496,
    8.53281396864082,
    3.6584490810537886,
    "f"
  ],
  [
    10.764089447828722,
    8.55225793814868,
    3.6584504916388596,
    "f"
  ],
  [
    10.765390676518013,
    8.572609053475565,
    3.6584519081568487,
    "f"
  ],
  [
    10.766755431669562,
    8.593953709461378,
    3.658453313047403,
    "f"
  ],
  [
    10.768189237323565,
    8.616378300946032,
    3.6584546920469165,
    "f"
  ],
  [
    10.76969761752022,
    8.639969222769427,
    3.658456033992593,
    "f"
  ],
  [
    10.771286096299727,
    8.664812869771477,
    3.658457330516967,
    "f"
  ],
  [
    10.772960197702277,
    8.690995636792085,
    3.6584585756882007,
    "f"
  ],
  [
    10.77472544576807,
    8.71860391867116,
    3.6584597656343476,
    "f"
  ],
  [
    10.7765873645373,
    8.747724110248607,
    3.658460898178987,
    "f"
  ],
  [
    10.778551478050163,
    8.778442606364333,
    3.6584619725062453,
    "f"
  ],
  [
    10.780623310346861,
    8.81084580185825,
    3.6584629888636755,
    "f"
  ],
  [
    10.782808385467584,
    8.845020091570259,
    3.65846394830794,
    "f"
  ],
  [
    10.785112227452531,
    8.881051870340267,
    3.658464852490738,
    "f"
  ],
  [
    10.7875403603419,
    8.919027533008187,
    3.658465703484012,
    "f"
  ],
  [
    10.790098308175885,
    8.959033474413918,
    3.658466503638806,
    "f"
  ],
  [
    10.792791594994682,
    9.001156089397373,
    3.6584672554743065,
    "f"
  ],
  [
    10.795625744838489,
    9.045481772798459,
    3.6584679615912137,
    "f"
  ],
  [
    10.798606281747505,
    9.09209691945708,
    3.6584686246068827,
    "f"
  ],
  [
    10.801738729761922,
    9.141087924213146,
    3.6584692471060976,
    "f"
  ],
  [
    10.805028612921937,
    9.19254118190656,
    3.658469831606226,
    "f"
  ],
  [
    10.80848145526775,
    9.246543087377233,
    3.658470380532208,
    "f"
  ],
  [
    10.81210278083955,
    9.303180035465068,
    3.658470896201038,
    "f"
  ],
  [
    10.815898113677545,
    9.362538421009976,
    3.6584713808109655,
    "f"
  ],
  [
    10.819872977821921,
    9.424704638851864,
    3.6584718364377977,
    "f"
  ],
  [
    10.824032897312879,
    9.489765083830633,
    3.6584722650321737,
    "f"
  ],
  [
    10.828383396190617,
    9.557806150786199,
    3.65847266842178,
    "f"
  ],
  [
    10.832929998495327,
    9.628914234558465,
    3.658473048314363,
    "f"
  ],
  [
    10.837678228267208,
    9.703175729987336,
    3.6584734063017095,
    "f"
  ],
  [
    10.84263360954646,
    9.780677031912719,
    3.658473743865784,
    "f"
  ],
  [
    10.847801666373273,
    9.861504535174525,
    3.658474062383789,
    "f"
  ],
  [
    10.853187922787846,
    9.945744634612657,
    3.6584743631348147,
    "f"
  ],
  [
    10.858797902830377,
    10.033483725067025,
    3.658474647305809,
    "f"
  ],
  [
    10.864637130541059,
    10.124808201377535,
    3.6584749159974876,
    "f"
  ],
  [
    10.87071112996009,
    10.219804458384093,
    3.658475170230645,
    "f"
  ],
  [
    10.877025425127671,
    10.318558890926607,
    3.6584754109512687,
    "f"
  ],
  [
    10.883585540083992,
    10.421157893844983,
    3.6584756390367374,
    "f"
  ],
  [
    10.890396998869253,
    10.527687861979128,
    3.6584758553001393,
    "f"
  ],
  [
    10.89746532552365,
    10.638235190168952,
    3.658476060495559,
    "f"
  ],
  [
    10.904796044087378,
    10.75288627325436,
    3.658476255322512,
    "f"
  ],
  [
    10.912394678600634,
    10.87172750607526,
    3.6584764404296948,
    "f"
  ],
  [
    10.912394678600634,
    10.87172750607526,
    3.6584764404296948,
    "f"
  ],
  [
    10.919993313150222,
    10.990568738833433,
    3.6584762946259843,
    "f"
  ],
  [
    10.927324031821945,
    11.105219821732359,
    3.6584761411664886,
    "f"
  ],
  [
    10.934392358654529,
    11.215767149614505,
    3.658475979539844,
    "f"
  ],
  [
    10.941203817686691,
    11.322297117322325,
    3.6584758091953518,
    "f"
  ],
  [
    10.947763932957155,
    11.42489611969828,
    3.658475629538941,
    "f"
  ],
  [
    10.954078228504633,
    11.523650551584826,
    3.6584754399301573,
    "f"
  ],
  [
    10.960152228367841,
    11.618646807824419,
    3.658475239677955,
    "f"
  ],
  [
    10.965991456585508,
    11.709971283259524,
    3.6584750280371736,
    "f"
  ],
  [
    10.971601437196345,
    11.797710372732592,
    3.658474804203763,
    "f"
  ],
  [
    10.976987694239073,
    11.881950471086093,
    3.6584745673107477,
    "f"
  ],
  [
    10.98215575175241,
    11.96277797316247,
    3.658474316423167,
    "f"
  ],
  [
    10.98711113377508,
    12.040279273804199,
    3.6584740505336413,
    "f"
  ],
  [
    10.991859364345794,
    12.114540767853729,
    3.658473768557201,
    "f"
  ],
  [
    10.996405967503271,
    12.185648850153514,
    3.6584734693267364,
    "f"
  ],
  [
    11.000756467286239,
    12.253689915546026,
    3.6584731515881685,
    "f"
  ],
  [
    11.004916387733406,
    12.318750358873707,
    3.658472813996582,
    "f"
  ],
  [
    11.008891252883497,
    12.38091657497903,
    3.65847245511236,
    "f"
  ],
  [
    11.012686586775224,
    12.440274958704443,
    3.658472073398798,
    "f"
  ],
  [
    11.016307913447319,
    12.496911904892418,
    3.6584716672213062,
    "f"
  ],
  [
    11.01976075693849,
    12.550913808385403,
    3.658471234847866,
    "f"
  ],
  [
    11.023050641287456,
    12.602367064025854,
    3.6584707744538036,
    "f"
  ],
  [
    11.026183090532939,
    12.65135806665624,
    3.6584702841289527,
    "f"
  ],
  [
    11.029163628713654,
    12.697973211119006,
    3.6584697618902737,
    "f"
  ],
  [
    11.031997779868327,
    12.742298892256628,
    3.65846920570209,
    "f"
  ],
  [
    11.034691068035668,
    12.78442150491155,
    3.658468613502805,
    "f"
  ],
  [
    11.037249017254402,
    12.82442744392624,
    3.658467983243554,
    "f"
  ],
  [
    11.039677151563248,
    12.862403104143151,
    3.658467312940388,
    "f"
  ],
  [
    11.041980995000916,
    12.89843488040474,
    3.658466600741235,
    "f"
  ],
  [
    11.044166071606135,
    12.93260916755347,
    3.658465845014348,
    "f"
  ],
  [
    11.046237905417621,
    12.965012360431803,
    3.6584650444584668,
    "f"
  ],
  [
    11.04820202047409,
    12.995730853882188,
    3.658464198241518,
    "f"
  ],
  [
    11.05006394081426,
    13.024851042747088,
    3.658463306168187,
    "f"
  ],
  [
    11.051829190476855,
    13.052459321868968,
    3.6584623688813735,
    "f"
  ],
  [
    11.053503293500595,
    13.07864208609028,
    3.658461388095361,
    "f"
  ],
  [
    11.055091773924186,
    13.103485730253476,
    3.658460366859913,
    "f"
  ],
  [
    11.056600155786361,
    13.12707664920103,
    3.6584593098473306,
    "f"
  ],
  [
    11.058033963125833,
    13.149501237775391,
    3.6584582236485517,
    "f"
  ],
  [
    11.059398719981315,
    13.170845890819013,
    3.6584571170560594,
    "f"
  ],
  [
    11.060699950391534,
    13.191197003174365,
    3.6584560013048986,
    "f"
  ],
  [
    11.061943178395207,
    13.210640969683904,
    3.6584548902270058,
    "f"
  ],
  [
    11.063133928031059,
    13.22926418519009,
    3.6584538002732074,
    "f"
  ],
  [
    11.064277723337792,
    13.247153044535366,
    3.6584527503471236,
    "f"
  ],
  [
    11.065380088354136,
    13.264393942562211,
    3.658451761405331,
    "f"
  ],
  [
    11.066446547118812,
    13.281073274113076,
    3.6584508557866684,
    "f"
  ],
  [
    11.067482623670532,
    13.297277434030416,
    3.6584500562657922,
    "f"
  ],
  [
    11.068493842048017,
    13.31309281715669,
    3.6584493848702095,
    "f"
  ],
  [
    11.06948572628999,
    13.32860581833436,
    3.65844886153684,
    "f"
  ],
  [
    11.070463800435164,
    13.343902832405885,
    3.6584485027443634,
    "f"
  ],
  [
    11.071433588522256,
    13.35907025421372,
    3.6584483202752267,
    "f"
  ],
  [
    11.072400614589995,
    13.37419447860033,
    3.6584483202753404,
    "f"
  ],
  [
    11.073370402677092,
    13.389361900408165,
    3.6584485027443066,
    "f"
  ],
  [
    11.074348476822266,
    13.40465891447969,
    3.658448861536783,
    "f"
  ],
  [
    11.075340361064235,
    13.42017191565736,
    3.6584493848702095,
    "f"
  ],
  [
    11.07635157944172,
    13.435987298783633,
    3.658450056265849,
    "f"
  ],
  [
    11.077387655993444,
    13.452191458700977,
    3.6584508557865547,
    "f"
  ],
  [
    11.07845411475812,
    13.468870790251838,
    3.658451761405445,
    "f"
  ],
  [
    11.079556479774462,
    13.48611168827868,
    3.6584527503471236,
    "f"
  ],
  [
    11.080700275081202,
    13.504000547623964,
    3.6584538002731506,
    "f"
  ],
  [
    11.081891024717043,
    13.522623763130143,
    3.6584548902270058,
    "f"
  ],
  [
    11.083134252720718,
    13.542067729639683,
    3.6584560013049554,
    "f"
  ],
  [
    11.084435483130939,
    13.562418841995035,
    3.6584571170560025,
    "f"
  ],
  [
    11.085800239986424,
    13.583763495038664,
    3.658458223648438,
    "f"
  ],
  [
    11.087234047325895,
    13.606188083613022,
    3.6584593098473306,
    "f"
  ],
  [
    11.088742429188066,
    13.629779002560571,
    3.658460366859913,
    "f"
  ],
  [
    11.090330909611662,
    13.654622646723773,
    3.658461388095361,
    "f"
  ],
  [
    11.092005012635397,
    13.680805410945084,
    3.6584623688813735,
    "f"
  ],
  [
    11.093770262297992,
    13.708413690066958,
    3.658463306168187,
    "f"
  ],
  [
    11.095632182638164,
    13.737533878931862,
    3.658464198241518,
    "f"
  ],
  [
    11.097596297694633,
    13.768252372382246,
    3.6584650444584668,
    "f"
  ],
  [
    11.099668131506116,
    13.800655565260579,
    3.658465845014348,
    "f"
  ],
  [
    11.101853208111338,
    13.83482985240931,
    3.658466600741235,
    "f"
  ],
  [
    11.10415705154901,
    13.8708616286709,
    3.658467312940388,
    "f"
  ],
  [
    11.106585185857854,
    13.908837288887813,
    3.658467983243554,
    "f"
  ],
  [
    11.109143135076588,
    13.9488432279025,
    3.658468613502748,
    "f"
  ],
  [
    11.111836423243929,
    13.990965840557424,
    3.658469205702204,
    "f"
  ],
  [
    11.1146705743986,
    14.03529152169504,
    3.6584697618903874,
    "f"
  ],
  [
    11.117651112579317,
    14.08190666615781,
    3.658470284128896,
    "f"
  ],
  [
    11.120783561824798,
    14.130897668788194,
    3.6584707744538605,
    "f"
  ],
  [
    11.124073446173767,
    14.18235092442865,
    3.658471234847923,
    "f"
  ],
  [
    11.127526289664937,
    14.236352827921635,
    3.6584716672213062,
    "f"
  ],
  [
    11.131147616337026,
    14.292989774109603,
    3.6584720733988547,
    "f"
  ],
  [
    11.134942950228762,
    14.35234815783502,
    3.658472455112417,
    "f"
  ],
  [
    11.13891781537885,
    14.414514373940342,
    3.658472813996582,
    "f"
  ],
  [
    11.143077735826015,
    14.479574817268027,
    3.6584731515881685,
    "f"
  ],
  [
    11.147428235608983,
    14.547615882660535,
    3.6584734693266796,
    "f"
  ],
  [
    11.151974838766465,
    14.618723964960324,
    3.658473768557201,
    "f"
  ],
  [
    11.156723069337176,
    14.69298545900985,
    3.6584740505336413,
    "f"
  ],
  [
    11.161678451359844,
    14.770486759651579,
    3.6584743164232236,
    "f"
  ],
  [
    11.166846508873185,
    14.851314261727962,
    3.6584745673108046,
    "f"
  ],
  [
    11.172232765915911,
    14.935554360081458,
    3.658474804203763,
    "f"
  ],
  [
    11.17784274652675,
    15.02329344955453,
    3.6584750280371736,
    "f"
  ],
  [
    11.183681974744415,
    15.114617924989634,
    3.658475239677955,
    "f"
  ],
  [
    11.189755974607625,
    15.209614181229227,
    3.6584754399301573,
    "f"
  ],
  [
    11.1960702701551,
    15.308368613115773,
    3.658475629538941,
    "f"
  ],
  [
    11.202630385425561,
    15.410967615491725,
    3.6584758091953518,
    "f"
  ],
  [
    11.209441844457729,
    15.517497583199544,
    3.658475979539844,
    "f"
  ],
  [
    11.21651017129031,
    15.62804491108169,
    3.6584761411664886,
    "f"
  ],
  [
    11.223840889962037,
    15.742695993980618,
    3.6584762946259843,
    "f"
  ],
  [
    11.23143952451162,
    15.861537226738792,
    3.658476440429638,
    "f"
  ]
]