[
  [
    0.0,
    0.0,
    85.449,
    "f"
  ],
  [
    0.11785116587579494,
    0.009380646517968855,
    85.449,
    "f"
  ],
  [
    0.22982554087041662,
    0.018293515755105294,
    85.449,
    "f"
  ],
  [
    0.33604429592986873,
    0.02674825260379765,
    85.449,
    "f"
  ],
  [
    0.4366286020001547,
    0.03475450195643415,
    85.449,
    "f"
  ],
  [
    0.5316996300272783,
    0.04232190870540317,
    85.449,
    "f"
  ],
  [
    0.6213785509572429,
    0.04946011774309306,
    85.449,
    "f"
  ],
  [
    0.7057865357360524,
    0.056178773961891804,
    85.449,
    "f"
  ],
  [
    0.78504475530971,
    0.06248752225418808,
    85.449,
    "f"
  ],
  [
    0.859274380624219,
    0.06839600751237002,
    85.449,
    "f"
  ],
  [
    0.928596582625584,
    0.07391387462882582,
    85.449,
    "f"
  ],
  [
    0.9931325322598075,
    0.07905076849594384,
    85.449,
    "f"
  ],
  [
    1.0530034004728932,
    0.08381633400611266,
    85.449,
    "f"
  ],
  [
    1.108330358210846,
    0.08822021605172026,
    85.449,
    "f"
  ],
  [
    1.1592345764196677,
    0.09227205952515505,
    85.449,
    "f"
  ],
  [
    1.2058372260453631,
    0.09598150931880511,
    85.449,
    "f"
  ],
  [
    1.2482594780339347,
    0.09935821032505898,
    85.449,
    "f"
  ],
  [
    1.2866225033313872,
    0.10241180743630507,
    85.449,
    "f"
  ],
  [
    1.321047472883723,
    0.10515194554493135,
    85.449,
    "f"
  ],
  [
    1.3516555576369471,
    0.10758826954332634,
    85.449,
    "f"
  ],
  [
    1.3785679285370622,
    0.10973042432387825,
    85.449,
    "f"
  ],
  [
    1.4019057565300712,
    0.11158805477897527,
    85.449,
    "f"
  ],
  [
    1.4217902125619792,
    0.11317080580100591,
    85.449,
    "f"
  ],
  [
    1.4383424675787884,
    0.1144883222823585,
    85.449,
    "f"
  ],
  [
    1.4516836925265035,
    0.115550249115421,
    85.449,
    "f"
  ],
  [
    1.461935058351127,
    0.11636623119258216,
    85.449,
    "f"
  ],
  [
    1.4692177359986638,
    0.11694591340623006,
    85.449,
    "f"
  ],
  [
    1.473652896415116,
    0.11729894064875268,
    85.449,
    "f"
  ],
  [
    1.475361710546488,
    0.11743495781253876,
    85.449,
    "f"
  ],
  [
    1.4744653493387831,
    0.11736360978997662,
    85.449,
    "f"
  ],
  [
    1.4710849837380056,
    0.11709454147345422,
    85.449,
    "f"
  ],
  [
    1.4653417846901575,
    0.11663739775535997,
    85.449,
    "f"
  ],
  [
    1.4573569231412438,
    0.1160018235280823,
    85.449,
    "f"
  ],
  [
    1.4472515700372681,
    0.11519746368400952,
    85.449,
    "f"
  ],
  [
    1.435146896324233,
    0.1142339631155298,
    85.449,
    "f"
  ],
  [
    1.421164072948142,
    0.11312096671503136,
    85.449,
    "f"
  ],
  [
    1.4054242708550002,
    0.11186811937490271,
    85.449,
    "f"
  ],
  [
    1.3880486609908098,
    0.11048506598753194,
    85.449,
    "f"
  ],
  [
    1.3691584143015747,
    0.10898145144530735,
    85.449,
    "f"
  ],
  [
    1.3488747017332983,
    0.1073669206406177,
    85.449,
    "f"
  ],
  [
    1.3273186942319852,
    0.10565111846585085,
    85.449,
    "f"
  ],
  [
    1.3046115627436377,
    0.10384368981339509,
    85.449,
    "f"
  ],
  [
    1.2808744782142591,
    0.10195427957563874,
    85.449,
    "f"
  ],
  [
    1.2562286115898549,
    0.09999253264497032,
    85.449,
    "f"
  ],
  [
    1.2307951338164274,
    0.0979680939137777,
    85.449,
    "f"
  ],
  [
    1.2046952158399795,
    0.09589060827444962,
    85.449,
    "f"
  ],
  [
    1.1780500286065159,
    0.09376972061937427,
    85.449,
    "f"
  ],
  [
    1.1509807430620396,
    0.09161507584093992,
    85.449,
    "f"
  ],
  [
    1.123608530152555,
    0.08943631883153463,
    85.449,
    "f"
  ],
  [
    1.0960545608240642,
    0.087243094483547,
    85.449,
    "f"
  ],
  [
    1.0684400060225723,
    0.08504504768936522,
    85.449,
    "f"
  ],
  [
    1.040886036694082,
    0.08285182334137742,
    85.449,
    "f"
  ],
  [
    1.0135138237845966,
    0.0806730663319723,
    85.449,
    "f"
  ],
  [
    0.986444538240121,
    0.07851842155353794,
    85.449,
    "f"
  ],
  [
    0.9597993510066571,
    0.07639753389846254,
    85.449,
    "f"
  ],
  [
    0.9336994330302097,
    0.07432004825913452,
    85.449,
    "f"
  ],
  [
    0.9082659552567816,
    0.07229560952794206,
    85.449,
    "f"
  ],
  [
    0.8836200886323775,
    0.07033386259727353,
    85.449,
    "f"
  ],
  [
    0.8598830041029994,
    0.06844445235951718,
    85.449,
    "f"
  ],
  [
    0.8371758726146517,
    0.06663702370706137,
    85.449,
    "f"
  ],
  [
    0.8156198651133382,
    0.0649212215322944,
    85.449,
    "f"
  ],
  [
    0.7953361525450621,
    0.0633066907276047,
    85.449,
    "f"
  ],
  [
    0.776445905855827,
    0.06180307618538028,
    85.449,
    "f"
  ],
  [
    0.7590702959916366,
    0.06042002279800962,
    85.449,
    "f"
  ],
  [
    0.7433304938984943,
    0.05916717545788086,
    85.449,
    "f"
  ],
  [
    0.7293476705224041,
    0.05805417905738258,
    85.449,
    "f"
  ],
  [
    0.7172429968093689,
    0.057090678488902646,
    85.449,
    "f"
  ],
  [
    0.7071376437053928,
    0.056286318644829914,
    85.449,
    "f"
  ],
  [
    0.699152782156479,
    0.055650744417552245,
    85.449,
    "f"
  ],
  [
    0.6934095831086315,
    0.05519360069945811,
    85.449,
    "f"
  ],
  [
    0.6900292175078537,
    0.054924532382935765,
    85.449,
    "f"
  ],
  [
    0.6891328563001492,
    0.054853184360373564,
    85.449,
    "f"
  ],
  [
    0.690841670431521,
    0.05498920152415959,
    85.449,
    "f"
  ],
  [
    0.6952768308479735,
    0.05534222876668232,
    85.449,
    "f"
  ],
  [
    0.7025595084955097,
    0.055921910980330114,
    85.449,
    "f"
  ],
  [
    0.7128108743201337,
    0.05673789305749116,
    85.449,
    "f"
  ],
  [
    0.7261520992678483,
    0.057799819890553716,
    85.449,
    "f"
  ],
  [
    0.7427043542846579,
    0.05911733637190625,
    85.449,
    "f"
  ],
  [
    0.7625888103165658,
    0.06070008739393701,
    85.449,
    "f"
  ],
  [
    0.7859266383095753,
    0.06255771784903413,
    85.449,
    "f"
  ],
  [
    0.8128390092096902,
    0.06469987262958604,
    85.449,
    "f"
  ],
  [
    0.8434470939629138,
    0.06713619662798104,
    85.449,
    "f"
  ],
  [
    0.8778720635152502,
    0.06987633473660737,
    85.449,
    "f"
  ],
  [
    0.9162350888127024,
    0.07292993184785324,
    85.449,
    "f"
  ],
  [
    0.9586573408012741,
    0.07630663285410716,
    85.449,
    "f"
  ],
  [
    1.0052599904269697,
    0.08001608264775745,
    85.449,
    "f"
  ],
  [
    1.0561642086357912,
    0.08406792612119202,
    85.449,
    "f"
  ],
  [
    1.111491166373744,
    0.08847180816679956,
    85.449,
    "f"
  ],
  [
    1.17136203458683,
    0.09323737367696838,
    85.449,
    "f"
  ],
  [
    1.235897984221054,
    0.0983742675440864,
    85.449,
    "f"
  ],
  [
    1.3052201862224184,
    0.10389213466054226,
    85.449,
    "f"
  ],
  [
    1.3794498115369276,
    0.10980061991872425,
    85.449,
    "f"
  ],
  [
    1.4587080311105856,
    0.11610936821102047,
    85.449,
    "f"
  ],
  [
    1.5431160158893946,
    0.12282802442981944,
    85.449,
    "f"
  ],
  [
    1.6327949368193595,
    0.12996623346750924,
    85.449,
    "f"
  ],
  [
    1.7278659648464827,
    0.13753364021647807,
    85.449,
    "f"
  ],
  [
    1.8284502709167683,
    0.14553988956911468,
    85.449,
    "f"
  ],
  [
    1.9346690259762211,
    0.15399462641780703,
    85.449,
    "f"
  ],
  [
    2.0466434009708423,
    0.16290749565494367,
    85.449,
    "f"
  ],
  [
    2.164494566846637,
    0.17228814217291222,
    85.449,
    "f"
  ],
  [
    2.164494566846637,
    0.17228814217291222,
    85.449,
    "f"
  ],
  [
    2.2853616928661706,
    0.18225586847721542,
    85.12149934509283,
    "f"
  ],
  [
    2.406287553384506,
    0.19292922644819788,
    84.789693944706,
    "f"
  ],
  [
    2.527248726986396,
    0.2043167350405113,
    84.45343270112572,
    "f"
  ],
  [
    2.6482217922565914,
    0.21642691320880858,
    84.11256194668515,
    "f"
  ],
  [
    2.7691833277798454,
    0.2292682799077428,
    83.76692530825419,
    "f"
  ],
  [
    2.890109912140908,
    0.2428493540919654,
    83.41636357405962,
    "f"
  ],
  [
    3.0109781239245312,
    0.25717865471612855,
    83.060714562955,
    "f"
  ],
  [
    3.1317645417154676,
    0.2722647007348855,
    82.69981299631057,
    "f"
  ],
  [
    3.252445744098467,
    0.2881160111028884,
    82.33349037274876,
    "f"
  ],
  [
    3.3729983096582834,
    0.304741104774789,
    81.96157484600757,
    "f"
  ],
  [
    3.493398816979667,
    0.3221485007052405,
    81.58389110627631,
    "f"
  ],
  [
    3.61362384464737,
    0.3403467178488955,
    81.2002602654146,
    "f"
  ],
  [
    3.7336499712461446,
    0.3593442751604057,
    80.81049974653398,
    "f"
  ],
  [
    3.8534537753607414,
    0.37914969159442347,
    80.41442317849997,
    "f"
  ],
  [
    3.973011835575913,
    0.3997714861056023,
    80.01184029599152,
    "f"
  ],
  [
    4.092300730476409,
    0.4212181776485935,
    79.60255684584239,
    "f"
  ],
  [
    4.211297038646984,
    0.44349828517804957,
    79.18637450048452,
    "f"
  ],
  [
    4.329977338672387,
    0.4666203276486236,
    78.76309077941214,
    "f"
  ],
  [
    4.4483182091373745,
    0.4905928240149666,
    78.33249897969476,
    "f"
  ],
  [
    4.566296228626692,
    0.5154242932317326,
    77.89438811668423,
    "f"
  ],
  [
    4.683887975725094,
    0.5411232542535729,
    77.44854287618345,
    "f"
  ],
  [
    4.801070029017333,
    0.5676982260351406,
    76.99474357947905,
    "f"
  ],
  [
    4.917818967088158,
    0.5951577275310878,
    76.53276616278218,
    "f"
  ],
  [
    5.034111368522325,
    0.6235102776960666,
    76.06238217277131,
    "f"
  ],
  [
    5.149923811904581,
    0.6527643954847302,
    75.58335878009301,
    "f"
  ],
  [
    5.265232875819682,
    0.6829285998517305,
    75.09545881284457,
    "f"
  ],
  [
    5.380015138852377,
    0.7140114097517194,
    74.59844081224155,
    "f"
  ],
  [
    5.4942471795874175,
    0.7460213441393506,
    74.09205911285987,
    "f"
  ],
  [
    5.607905576609555,
    0.7789669219692752,
    73.57606395003778,
    "f"
  ],
  [
    5.720966908503545,
    0.8128566621961464,
    73.0502015972239,
    "f"
  ],
  [
    5.833407753854133,
    0.8476990837746161,
    72.5142145362668,
    "f"
  ],
  [
    5.945204691246074,
    0.8835027056593359,
    71.9678416638532,
    "f"
  ],
  [
    6.056334299264123,
    0.9202760468049611,
    71.41081853751591,
    "f"
  ],
  [
    6.1667731564930275,
    0.958027626166142,
    70.84287766484736,
    "f"
  ],
  [
    6.2764978415175365,
    0.99676596269753,
    70.2637488397654,
    "f"
  ],
  [
    6.385484932922409,
    1.0364995753537802,
    69.67315952988012,
    "f"
  ],
  [
    6.493711009292391,
    1.0772369830895427,
    69.07083531920266,
    "f"
  ],
  [
    6.601152649212235,
    1.1189867048594704,
    68.45650041061002,
    "f"
  ],
  [
    6.707786431266694,
    1.161757259618216,
    67.82987819263086,
    "f"
  ],
  [
    6.8135889340405225,
    1.205557166320434,
    67.1906918752354,
    "f"
  ],
  [
    6.918536736118468,
    1.250394943920773,
    66.53866519939116,
    "f"
  ],
  [
    7.022606416085281,
    1.2962791113738872,
    65.87352322517903,
    "f"
  ],
  [
    7.125774552525717,
    1.3432181876344296,
    65.19499320323034,
    "f"
  ],
  [
    7.228017724024526,
    1.3912206916570509,
    64.50280553414824,
    "f"
  ],
  [
    7.32931250916646,
    1.4402951423964057,
    63.79669482038621,
    "f"
  ],
  [
    7.42963548653627,
    1.490450058807145,
    63.076401014773225,
    "f"
  ],
  [
    7.5289632347187085,
    1.541693959843922,
    62.34167066947309,
    "f"
  ],
  [
    7.627272332298526,
    1.5940353644613885,
    61.59225828863542,
    "f"
  ],
  [
    7.7245393578604755,
    1.6474827916141952,
    60.82792778731748,
    "f"
  ],
  [
    7.8207408899893105,
    1.7020447602569986,
    60.048454058414436,
    "f"
  ],
  [
    7.915853507269779,
    1.757729789344448,
    59.25362464831589,
    "f"
  ],
  [
    8.009853788286634,
    1.8145463978311973,
    58.44324154078696,
    "f"
  ],
  [
    8.102718311624626,
    1.872503104671896,
    57.61712304715074,
    "f"
  ],
  [
    8.194423655868508,
    1.931608428821201,
    56.77510579920208,
    "f"
  ],
  [
    8.284946399603033,
    1.9918708892337609,
    55.91704683941076,
    "f"
  ],
  [
    8.374263121412952,
    2.0532990048642312,
    55.04282580087316,
    "f"
  ],
  [
    8.462350399883015,
    2.115901294667261,
    54.152347167142565,
    "f"
  ],
  [
    8.549184813597973,
    2.1796862775975057,
    53.24554259952866,
    "f"
  ],
  [
    8.634742941142584,
    2.2446624726096167,
    52.32237331671928,
    "f"
  ],
  [
    8.719001361101588,
    2.310838398658244,
    51.38283250867795,
    "f"
  ],
  [
    8.801936652059752,
    2.378222574698046,
    50.42694776374606,
    "f"
  ],
  [
    8.883525392601811,
    2.446823519683667,
    49.454783484786276,
    "f"
  ],
  [
    8.963744161312531,
    2.516649752569766,
    48.466443267110094,
    "f"
  ],
  [
    9.042569536776655,
    2.587709792310992,
    47.46207220791666,
    "f"
  ],
  [
    9.119978097578938,
    2.6600121578619986,
    46.44185911412848,
    "f"
  ],
  [
    9.195946422304134,
    2.7335653681774397,
    45.406038572949,
    "f"
  ],
  [
    9.270451089536987,
    2.808377942211965,
    44.35489284729823,
    "f"
  ],
  [
    9.343468677862258,
    2.884458398920229,
    43.2887535566374,
    "f"
  ],
  [
    9.414975765864693,
    2.961815257256881,
    42.208003102692146,
    "f"
  ],
  [
    9.484948932129045,
    3.0404570361765773,
    41.11307579935425,
    "f"
  ],
  [
    9.553364755240063,
    3.1203922546339666,
    40.00445866670441,
    "f"
  ],
  [
    9.620199813782504,
    3.201629431583704,
    38.88269185075211,
    "f"
  ],
  [
    9.685430686341116,
    3.2841770859804424,
    37.7483686332223,
    "f"
  ],
  [
    9.74903395150065,
    3.36804373677883,
    36.60213499958405,
    "f"
  ],
  [
    9.810986187845863,
    3.453237902933526,
    35.44468873853157,
    "f"
  ],
  [
    9.8712639739615,
    3.5397681033991764,
    34.276778052275574,
    "f"
  ],
  [
    9.929843888432316,
    3.627642857130435,
    33.09919966421063,
    "f"
  ],
  [
    9.986702509843063,
    3.7168706830819582,
    31.912796418675384,
    "f"
  ],
  [
    10.041816416778493,
    3.8074601002083948,
    30.718454376451803,
    "f"
  ],
  [
    10.095162187823357,
    3.8994196274643977,
    29.51709941914072,
    "f"
  ],
  [
    10.146716401562404,
    3.992757783804618,
    28.309693385346918,
    "f"
  ],
  [
    10.196455636580389,
    4.087483088183712,
    27.09722977142235,
    "f"
  ],
  [
    10.244356471462062,
    4.183604059556327,
    25.88072903903077,
    "f"
  ],
  [
    10.290395484792176,
    4.281129216877119,
    24.661233580700525,
    "f"
  ],
  [
    10.334549255155483,
    4.380067079100742,
    23.439802402497833,
    "f"
  ],
  [
    10.376794361136735,
    4.480426165181843,
    22.217505589701148,
    "f"
  ],
  [
    10.41710738132068,
    4.58221499407508,
    20.99541862662005,
    "f"
  ],
  [
    10.455464894292072,
    4.685442084735099,
    19.774616645288802,
    "f"
  ],
  [
    10.491843478635666,
    4.790115956116562,
    18.556168679522955,
    "f"
  ],
  [
    10.526219712936207,
    4.896245127174109,
    17.34113200069737,
    "f"
  ],
  [
    10.558570175778451,
    5.0038381168624015,
    16.13054660958329,
    "f"
  ],
  [
    10.58887144574715,
    5.112903444136091,
    14.92542995475634,
    "f"
  ],
  [
    10.617100101427054,
    5.223449627949826,
    13.726771942602454,
    "f"
  ],
  [
    10.643232721402915,
    5.3354851872582625,
    12.53553029701726,
    "f"
  ],
  [
    10.667245884259483,
    5.44901864101605,
    11.35262631878021,
    "f"
  ],
  [
    10.689116168581517,
    5.564058508177844,
    10.178941085576866,
    "f"
  ],
  [
    10.70882015295376,
    5.680613307698296,
    9.015312124068771,
    "f"
  ],
  [
    10.726334415960967,
    5.798691558532057,
    7.862530575578546,
    "f"
  ],
  [
    10.74163553618789,
    5.918301779633779,
    6.721338867187512,
    "f"
  ],
  [
    10.74163553618789,
    5.918301779633779,
    6.721338867187512,
    "f"
  ],
  [
    10.755573191233028,
    6.03656724236299,
    6.721339226935413,
    "f"
  ],
  [
    10.769019427863995,
    6.1506628562854795,
    6.721339605573007,
    "f"
  ],
  [
    10.781984378419237,
    6.260674597665306,
    6.721340004361537,
    "f"
  ],
  [
    10.794478175237188,
    6.366688442766528,
    6.721340424660127,
    "f"
  ],
  [
    10.806510950656278,
    6.468790367853196,
    6.721340867934373,
    "f"
  ],
  [
    10.818092837014953,
    6.567066349189373,
    6.721341335764691,
    "f"
  ],
  [
    10.829233966651643,
    6.6616023630391075,
    6.72134182985576,
    "f"
  ],
  [
    10.839944471904783,
    6.75248438566646,
    6.72134235204652,
    "f"
  ],
  [
    10.85023448511281,
    6.839798393335484,
    6.721342904320522,
    "f"
  ],
  [
    10.86011413861417,
    6.92363036231024,
    6.721343488817183,
    "f"
  ],
  [
    10.869593564747287,
    7.00406626885478,
    6.721344107843208,
    "f"
  ],
  [
    10.878682895850604,
    7.081192089233161,
    6.721344763884304,
    "f"
  ],
  [
    10.887392264262557,
    7.155093799709441,
    6.721345459617282,
    "f"
  ],
  [
    10.895731802321578,
    7.2258573765476735,
    6.721346197921946,
    "f"
  ],
  [
    10.90371164236611,
    7.293568796011916,
    6.721346981892339,
    "f"
  ],
  [
    10.911341916734578,
    7.358314034366221,
    6.721347814846979,
    "f"
  ],
  [
    10.918632757765437,
    7.420179067874652,
    6.721348700337842,
    "f"
  ],
  [
    10.925594297797108,
    7.479249872801259,
    6.72134964215644,
    "f"
  ],
  [
    10.932236669168034,
    7.5356124254101005,
    6.721350644336269,
    "f"
  ],
  [
    10.93857000421665,
    7.589352701965234,
    6.7213517111501915,
    "f"
  ],
  [
    10.944604435281388,
    7.640556678730708,
    6.721352847100604,
    "f"
  ],
  [
    10.950350094700694,
    7.6893103319705896,
    6.721354056900907,
    "f"
  ],
  [
    10.95581711481299,
    7.735699637948924,
    6.721355345443044,
    "f"
  ],
  [
    10.961015627956732,
    7.779810572929777,
    6.721356717750552,
    "f"
  ],
  [
    10.965955766470337,
    7.821729113177197,
    6.721358178909952,
    "f"
  ],
  [
    10.970647662692256,
    7.861541234955247,
    6.7213597339758735,
    "f"
  ],
  [
    10.975101448960919,
    7.899332914527979,
    6.7213613878441265,
    "f"
  ],
  [
    10.979327257614758,
    7.935190128159446,
    6.721363145083899,
    "f"
  ],
  [
    10.983335220992219,
    7.969198852113709,
    6.721365009721808,
    "f"
  ],
  [
    10.987135471431735,
    8.001445062654826,
    6.721366984967858,
    "f"
  ],
  [
    10.990738141271734,
    8.032014736046845,
    6.721369072875632,
    "f"
  ],
  [
    10.994153362850664,
    8.060993848553828,
    6.721371273926366,
    "f"
  ],
  [
    10.997391268506956,
    8.088468376439831,
    6.721373586534412,
    "f"
  ],
  [
    11.000461990579053,
    8.114524295968911,
    6.721376006469882,
    "f"
  ],
  [
    11.003375661405379,
    8.139247583405117,
    6.721378526207502,
    "f"
  ],
  [
    11.006142413324376,
    8.162724215012512,
    6.7213811342194845,
    "f"
  ],
  [
    11.008772378674488,
    8.185040167055153,
    6.721383814244064,
    "f"
  ],
  [
    11.01127568979414,
    8.206281415797086,
    6.721386544586437,
    "f"
  ],
  [
    11.01366247902177,
    8.226533937502378,
    6.7213892975262866,
    "f"
  ],
  [
    11.015942878695826,
    8.245883708435084,
    6.721392038935278,
    "f"
  ],
  [
    11.018127021154733,
    8.264416704859258,
    6.721394728224311,
    "f"
  ],
  [
    11.020225038736926,
    8.282218903038949,
    6.721397318750519,
    "f"
  ],
  [
    11.022247063780853,
    8.299376279238224,
    6.721399758807422,
    "f"
  ],
  [
    11.024203228624941,
    8.315974809721135,
    6.721401993278278,
    "f"
  ],
  [
    11.026103665607629,
    8.332100470751737,
    6.721403965968989,
    "f"
  ],
  [
    11.027958507067352,
    8.347839238594085,
    6.721405622531506,
    "f"
  ],
  [
    11.029777885342547,
    8.363277089512238,
    6.721406913773251,
    "f"
  ],
  [
    11.031571932771651,
    8.37849999977025,
    6.72140779903674,
    "f"
  ],
  [
    11.0333507816931,
    8.393593945632178,
    6.72140824925026,
    "f"
  ],
  [
    11.035124564445335,
    8.408644903362081,
    6.72140824925026,
    "f"
  ],
  [
    11.036903413366785,
    8.423738849224009,
    6.721407799036683,
    "f"
  ],
  [
    11.03869746079589,
    8.438961759482021,
    6.721406913773251,
    "f"
  ],
  [
    11.040516839071087,
    8.454399610400174,
    6.7214056225313925,
    "f"
  ],
  [
    11.042371680530806,
    8.470138378242522,
    6.721403965968932,
    "f"
  ],
  [
    11.044272117513495,
    8.486264039273125,
    6.721401993278334,
    "f"
  ],
  [
    11.046228282357585,
    8.502862569756036,
    6.721399758807365,
    "f"
  ],
  [
    11.048250307401506,
    8.520019945955308,
    6.721397318750519,
    "f"
  ],
  [
    11.050348324983705,
    8.537822144135005,
    6.721394728224254,
    "f"
  ],
  [
    11.05253246744261,
    8.556355140559175,
    6.721392038935278,
    "f"
  ],
  [
    11.054812867116663,
    8.57570491149188,
    6.7213892975262866,
    "f"
  ],
  [
    11.0571996563443,
    8.595957433197174,
    6.72138654458638,
    "f"
  ],
  [
    11.059702967463952,
    8.61719868193911,
    6.7213838142441205,
    "f"
  ],
  [
    11.06233293281406,
    8.639514633981749,
    6.721381134219541,
    "f"
  ],
  [
    11.06509968473306,
    8.662991265589143,
    6.721378526207502,
    "f"
  ],
  [
    11.068013355559389,
    8.687714553025351,
    6.721376006469825,
    "f"
  ],
  [
    11.071084077631479,
    8.713770472554428,
    6.721373586534469,
    "f"
  ],
  [
    11.074321983287772,
    8.741245000440431,
    6.721371273926366,
    "f"
  ],
  [
    11.077737204866702,
    8.770224112947414,
    6.721369072875632,
    "f"
  ],
  [
    11.081339874706705,
    8.800793786339435,
    6.721366984967858,
    "f"
  ],
  [
    11.085140125146218,
    8.83303999688055,
    6.721365009721751,
    "f"
  ],
  [
    11.089148088523677,
    8.867048720834813,
    6.721363145083956,
    "f"
  ],
  [
    11.093373897177521,
    8.902905934466283,
    6.72136138784407,
    "f"
  ],
  [
    11.09782768344618,
    8.940697614039014,
    6.7213597339758735,
    "f"
  ],
  [
    11.102519579668098,
    8.98050973581706,
    6.721358178909952,
    "f"
  ],
  [
    11.107459718181708,
    9.022428276064485,
    6.721356717750552,
    "f"
  ],
  [
    11.112658231325446,
    9.066539211045335,
    6.721355345443044,
    "f"
  ],
  [
    11.118125251437746,
    9.112928517023672,
    6.721354056900907,
    "f"
  ],
  [
    11.123870910857047,
    9.161682170263552,
    6.721352847100604,
    "f"
  ],
  [
    11.12990534192179,
    9.212886147029028,
    6.721351711150135,
    "f"
  ],
  [
    11.136238676970404,
    9.26662642358416,
    6.721350644336269,
    "f"
  ],
  [
    11.142881048341328,
    9.322988976193,
    6.72134964215644,
    "f"
  ],
  [
    11.149842588373,
    9.382059781119608,
    6.721348700337842,
    "f"
  ],
  [
    11.157133429403855,
    9.443924814628039,
    6.721347814846979,
    "f"
  ],
  [
    11.164763703772328,
    9.508670052982344,
    6.721346981892339,
    "f"
  ],
  [
    11.172743543816859,
    9.576381472446586,
    6.721346197922003,
    "f"
  ],
  [
    11.181083081875881,
    9.647145049284818,
    6.721345459617282,
    "f"
  ],
  [
    11.189792450287834,
    9.7210467597611,
    6.721344763884304,
    "f"
  ],
  [
    11.19888178139115,
    9.798172580139479,
    6.721344107843208,
    "f"
  ],
  [
    11.208361207524266,
    9.878608486684021,
    6.721343488817183,
    "f"
  ],
  [
    11.218240861025624,
    9.962440455658777,
    6.721342904320522,
    "f"
  ],
  [
    11.228530874233655,
    10.049754463327801,
    6.721342352046463,
    "f"
  ],
  [
    11.239241379486797,
    10.140636485955154,
    6.72134182985576,
    "f"
  ],
  [
    11.250382509123485,
    10.235172499804888,
    6.721341335764691,
    "f"
  ],
  [
    11.261964395482156,
    10.333448481141064,
    6.72134086793443,
    "f"
  ],
  [
    11.27399717090125,
    10.435550406227732,
    6.721340424660127,
    "f"
  ],
  [
    11.2864909677192,
    10.541564251328953,
    6.72134000436148,
    "f"
  ],
  [
    11.29945591827444,
    10.65157599270878,
    6.721339605573007,
    "f"
  ],
  [
    11.312902154905409,
    10.76567160663127,
    6.721339226935413,
    "f"
  ],
  [
    11.326839809950547,
    10.88393706936048,
    6.721338867187512,
    "f"
  ],
  [
    11.326839809950547,
    10.88393706936048,
    6.721338867187512,
    "f"
  ],
  [
    11.340777465039332,
    11.00220253203182,
    6.721339275870662,
    "f"
  ],
  [
    11.35422370180006,
    11.116298145782261,
    6.721339706012998,
    "f"
  ],
  [
    11.367188652569398,
    11.226309886878223,
    6.721340159047315,
    "f"
  ],
  [
    11.379682449684,
    11.332323731586108,
    6.7213406365176525,
    "f"
  ],
  [
    11.391715225480532,
    11.434425656172332,
    6.721341140088953,
    "f"
  ],
  [
    11.403297112295654,
    11.532701636903303,
    6.721341671556559,
    "f"
  ],
  [
    11.414438242466026,
    11.62723765004543,
    6.7213422328571255,
    "f"
  ],
  [
    11.425148748328308,
    11.718119671865123,
    6.721342826079592,
    "f"
  ],
  [
    11.435438762219164,
    11.805433678628795,
    6.721343453477516,
    "f"
  ],
  [
    11.445318416475253,
    11.889265646602853,
    6.721344117481237,
    "f"
  ],
  [
    11.454797843433232,
    11.969701552053706,
    6.721344820711181,
    "f"
  ],
  [
    11.46388717542977,
    12.046827371247774,
    6.721345565991271,
    "f"
  ],
  [
    11.472596544801526,
    12.120729080451458,
    6.721346356362403,
    "f"
  ],
  [
    11.480936083885151,
    12.191492655931167,
    6.721347195096087,
    "f"
  ],
  [
    11.488915925017318,
    12.259204073953317,
    6.721348085707177,
    "f"
  ],
  [
    11.496546200534679,
    12.323949310784311,
    6.721349031965701,
    "f"
  ],
  [
    11.503837042773904,
    12.38581434269057,
    6.721350037906859,
    "f"
  ],
  [
    11.510798584071646,
    12.44488514593849,
    6.7213511078377906,
    "f"
  ],
  [
    11.517440956764577,
    12.501247696794499,
    6.721352246340643,
    "f"
  ],
  [
    11.523774293189348,
    12.554987971524996,
    6.7213534582695615,
    "f"
  ],
  [
    11.529808725682615,
    12.606191946396384,
    6.721354748739486,
    "f"
  ],
  [
    11.535554386581053,
    12.654945597675091,
    6.72135612310467,
    "f"
  ],
  [
    11.54102140822131,
    12.701334901627511,
    6.72135758692275,
    "f"
  ],
  [
    11.546219922940054,
    12.745445834520064,
    6.721359145900578,
    "f"
  ],
  [
    11.551160063073945,
    12.787364372619155,
    6.721360805816403,
    "f"
  ],
  [
    11.555851960959647,
    12.827176492191201,
    6.7213625724127155,
    "f"
  ],
  [
    11.560305748933818,
    12.864968169502609,
    6.72136445125102,
    "f"
  ],
  [
    11.564531559333112,
    12.900825380819782,
    6.721366447522087,
    "f"
  ],
  [
    11.568539524494202,
    12.934834102409138,
    6.721368565800333,
    "f"
  ],
  [
    11.572339776753743,
    12.967080310537089,
    6.721370809732548,
    "f"
  ],
  [
    11.575942448448394,
    12.997649981470035,
    6.721373181651302,
    "f"
  ],
  [
    11.579357671914815,
    13.026629091474394,
    6.721375682103712,
    "f"
  ],
  [
    11.582595579489677,
    13.05410361681658,
    6.7213783092880135,
    "f"
  ],
  [
    11.58566630350963,
    13.080159533762991,
    6.721381058399174,
    "f"
  ],
  [
    11.588579976311337,
    13.104882818580046,
    6.7213839208884565,
    "f"
  ],
  [
    11.591346730231468,
    13.128359447534159,
    6.721386883659761,
    "f"
  ],
  [
    11.59397669760667,
    13.150675396891728,
    6.721389928239319,
    "f"
  ],
  [
    11.596480010773611,
    13.171916642919172,
    6.721393029981243,
    "f"
  ],
  [
    11.598866802068951,
    13.192169161882894,
    6.721396157394338,
    "f"
  ],
  [
    11.601147203829353,
    13.211518930049316,
    6.721399271708378,
    "f"
  ],
  [
    11.603331348391482,
    13.230051923684842,
    6.721402326812722,
    "f"
  ],
  [
    11.605429368091981,
    13.247854119055873,
    6.721405269720037,
    "f"
  ],
  [
    11.607451395267534,
    13.265011492428835,
    6.721408041689983,
    "f"
  ],
  [
    11.60940756225479,
    13.281610020070133,
    6.721410580108795,
    "f"
  ],
  [
    11.611308001390405,
    13.297735678246168,
    6.721412821138415,
    "f"
  ],
  [
    11.613162845011047,
    13.313474443223358,
    6.721414703037851,
    "f"
  ],
  [
    11.614982225453382,
    13.328912291268118,
    6.721416169923316,
    "f"
  ],
  [
    11.61677627505406,
    13.34413519864685,
    6.721417175606405,
    "f"
  ],
  [
    11.618555126149742,
    13.35922914162596,
    6.721417687060978,
    "f"
  ],
  [
    11.6203289110771,
    13.374280096471873,
    6.721417687060978,
    "f"
  ],
  [
    11.622107762172789,
    13.389374039450988,
    6.721417175606348,
    "f"
  ],
  [
    11.623901811773468,
    13.40459694682972,
    6.721416169923373,
    "f"
  ],
  [
    11.625721192215797,
    13.420034794874475,
    6.721414703037794,
    "f"
  ],
  [
    11.627576035836437,
    13.435773559851663,
    6.721412821138415,
    "f"
  ],
  [
    11.629476474972058,
    13.451899218027705,
    6.721410580108909,
    "f"
  ],
  [
    11.63143264195931,
    13.468497745668998,
    6.72140804168987,
    "f"
  ],
  [
    11.63345466913486,
    13.485655119041958,
    6.72140526971998,
    "f"
  ],
  [
    11.635552688835368,
    13.503457314412996,
    6.721402326812608,
    "f"
  ],
  [
    11.63773683339749,
    13.521990308048517,
    6.721399271708492,
    "f"
  ],
  [
    11.640017235157895,
    13.54134007621494,
    6.721396157394395,
    "f"
  ],
  [
    11.642404026453233,
    13.561592595178663,
    6.7213930299811295,
    "f"
  ],
  [
    11.644907339620177,
    13.58283384120611,
    6.721389928239319,
    "f"
  ],
  [
    11.647537306995382,
    13.60514979056368,
    6.721386883659818,
    "f"
  ],
  [
    11.650304060915506,
    13.628626419517786,
    6.7213839208884,
    "f"
  ],
  [
    11.653217733717216,
    13.653349704334843,
    6.721381058399231,
    "f"
  ],
  [
    11.656288457737169,
    13.679405621281258,
    6.7213783092880135,
    "f"
  ],
  [
    11.65952636531203,
    13.70688014662344,
    6.721375682103769,
    "f"
  ],
  [
    11.662941588778452,
    13.735859256627801,
    6.721373181651359,
    "f"
  ],
  [
    11.666544260473104,
    13.76642892756075,
    6.721370809732548,
    "f"
  ],
  [
    11.670344512732644,
    13.798675135688697,
    6.72136856580039,
    "f"
  ],
  [
    11.674352477893732,
    13.832683857278054,
    6.7213664475221435,
    "f"
  ],
  [
    11.678578288293032,
    13.868541068595228,
    6.721364451250963,
    "f"
  ],
  [
    11.683032076267198,
    13.906332745906633,
    6.7213625724127155,
    "f"
  ],
  [
    11.687723974152899,
    13.946144865478676,
    6.72136080581646,
    "f"
  ],
  [
    11.692664114286792,
    13.98806340357777,
    6.721359145900578,
    "f"
  ],
  [
    11.697862629005535,
    14.032174336470323,
    6.721357586922807,
    "f"
  ],
  [
    11.703329650645797,
    14.078563640422747,
    6.72135612310467,
    "f"
  ],
  [
    11.709075311544233,
    14.127317291701448,
    6.721354748739486,
    "f"
  ],
  [
    11.7151097440375,
    14.178521266572842,
    6.7213534582695615,
    "f"
  ],
  [
    11.721443080462272,
    14.232261541303338,
    6.721352246340643,
    "f"
  ],
  [
    11.728085453155195,
    14.28862409215934,
    6.7213511078377906,
    "f"
  ],
  [
    11.73504699445294,
    14.347694895407267,
    6.721350037906859,
    "f"
  ],
  [
    11.742337836692167,
    14.409559927313524,
    6.721349031965758,
    "f"
  ],
  [
    11.749968112209526,
    14.474305164144518,
    6.721348085707177,
    "f"
  ],
  [
    11.757947953341695,
    14.542016582166669,
    6.721347195096087,
    "f"
  ],
  [
    11.766287492425326,
    14.61278015764638,
    6.721346356362403,
    "f"
  ],
  [
    11.774996861797074,
    14.686681866850062,
    6.721345565991214,
    "f"
  ],
  [
    11.784086193793613,
    14.763807686044125,
    6.721344820711181,
    "f"
  ],
  [
    11.793565620751597,
    14.844243591494985,
    6.721344117481237,
    "f"
  ],
  [
    11.803445275007686,
    14.928075559469043,
    6.721343453477516,
    "f"
  ],
  [
    11.813735288898538,
    15.015389566232715,
    6.721342826079649,
    "f"
  ],
  [
    11.82444579476082,
    15.106271588052406,
    6.7213422328571255,
    "f"
  ],
  [
    11.835586924931192,
    15.200807601194533,
    6.721341671556559,
    "f"
  ],
  [
    11.847168811746313,
    15.299083581925503,
    6.7213411400890095,
    "f"
  ],
  [
    11.859201587542845,
    15.401185506511725,
    6.7213406365176525,
    "f"
  ],
  [
    11.87169538465745,
    15.507199351219612,
    6.721340159047315,
    "f"
  ],
  [
    11.884660335426787,
    15.617211092315575,
    6.721339706013055,
    "f"
  ],
  [
    11.898106572187517,
    15.731306706066016,
    6.721339275870719,
    "f"
  ],
  [
    11.912044227276299,
    15.849572168737353,
    6.721338867187569,
    "f"
  ]
]