[
  [
    0.0,
    0.0,
    86.543,
    "f"
  ],
  [
    0.11820885949352218,
    0.007140921018589416,
    86.543,
    "f"
  ],
  [
    0.2309277897100604,
    0.013950198947713668,
    86.543,
    "f"
  ],
  [
    0.33826998506769684,
    0.020434671789217422,
    86.543,
    "f"
  ],
  [
    0.44034863998451357,
    0.026601177544945287,
    86.543,
    "f"
  ],
  [
    0.5372769488785929,
    0.03245655421674193,
    86.543,
    "f"
  ],
  [
    0.6291681061680168,
    0.038007639806452,
    86.543,
    "f"
  ],
  [
    0.7161353062708675,
    0.04326127231592011,
    86.543,
    "f"
  ],
  [
    0.7982917436052273,
    0.04822428974699092,
    86.543,
    "f"
  ],
  [
    0.8757506125891779,
    0.05290353010150914,
    86.543,
    "f"
  ],
  [
    0.9486251076408018,
    0.05730583138131928,
    86.543,
    "f"
  ],
  [
    1.0170284231781808,
    0.061438031588265996,
    86.543,
    "f"
  ],
  [
    1.0810737536193975,
    0.06530696872419409,
    86.543,
    "f"
  ],
  [
    1.1408742933825342,
    0.06891948079094809,
    86.543,
    "f"
  ],
  [
    1.1965432368856723,
    0.07228240579037257,
    86.543,
    "f"
  ],
  [
    1.2481937785468944,
    0.07540258172431225,
    86.543,
    "f"
  ],
  [
    1.2959391127842825,
    0.07828684659461185,
    86.543,
    "f"
  ],
  [
    1.3398924340159186,
    0.08094203840311584,
    86.543,
    "f"
  ],
  [
    1.3801669366598854,
    0.08337499515166905,
    86.543,
    "f"
  ],
  [
    1.4168758151342646,
    0.08559255484211592,
    86.543,
    "f"
  ],
  [
    1.4501322638571388,
    0.08760155547630127,
    86.543,
    "f"
  ],
  [
    1.480049477246589,
    0.08940883505606967,
    86.543,
    "f"
  ],
  [
    1.506740649720699,
    0.09102123158326575,
    86.543,
    "f"
  ],
  [
    1.5303189756975488,
    0.0924455830597341,
    86.543,
    "f"
  ],
  [
    1.5508976495952231,
    0.09368872748731949,
    86.543,
    "f"
  ],
  [
    1.568589865831802,
    0.09475750286786655,
    86.543,
    "f"
  ],
  [
    1.5835088188253694,
    0.09565874720321982,
    86.543,
    "f"
  ],
  [
    1.5957677029940058,
    0.0963992984952241,
    86.543,
    "f"
  ],
  [
    1.6054797127557936,
    0.09698599474572372,
    86.543,
    "f"
  ],
  [
    1.6127580425288153,
    0.09742567395656365,
    86.543,
    "f"
  ],
  [
    1.6177158867311539,
    0.09772517412958842,
    86.543,
    "f"
  ],
  [
    1.62046643978089,
    0.09789133326664268,
    86.543,
    "f"
  ],
  [
    1.6211228960961064,
    0.09793098936957101,
    86.543,
    "f"
  ],
  [
    1.6197984500948859,
    0.09785098044021806,
    86.543,
    "f"
  ],
  [
    1.6166062961953096,
    0.09765814448042848,
    86.543,
    "f"
  ],
  [
    1.6116596288154599,
    0.09735931949204696,
    86.543,
    "f"
  ],
  [
    1.60507164237342,
    0.09696134347691826,
    86.543,
    "f"
  ],
  [
    1.5969555312872703,
    0.0964710544368868,
    86.543,
    "f"
  ],
  [
    1.5874244899750938,
    0.09589529037379735,
    86.543,
    "f"
  ],
  [
    1.5765917128549731,
    0.09524088928949459,
    86.543,
    "f"
  ],
  [
    1.56457039434499,
    0.09451468918582295,
    86.543,
    "f"
  ],
  [
    1.5514737288632265,
    0.09372352806462725,
    86.543,
    "f"
  ],
  [
    1.5374149108277644,
    0.09287424392775201,
    86.543,
    "f"
  ],
  [
    1.5225071346566863,
    0.09197367477704205,
    86.543,
    "f"
  ],
  [
    1.5068635947680749,
    0.09102865861434195,
    86.543,
    "f"
  ],
  [
    1.4905974855800108,
    0.0900460334414962,
    86.543,
    "f"
  ],
  [
    1.4738220015105774,
    0.08903263726034966,
    86.543,
    "f"
  ],
  [
    1.4566503369778565,
    0.0879953080727468,
    86.543,
    "f"
  ],
  [
    1.4391956863999302,
    0.08694088388053228,
    86.543,
    "f"
  ],
  [
    1.4215712441948805,
    0.08587620268555102,
    86.543,
    "f"
  ],
  [
    1.4038902047807906,
    0.08480810248964732,
    86.543,
    "f"
  ],
  [
    1.3862657625757413,
    0.08374342129466592,
    86.543,
    "f"
  ],
  [
    1.368811111997815,
    0.08268899710245148,
    86.543,
    "f"
  ],
  [
    1.351639447465094,
    0.08165166791484857,
    86.543,
    "f"
  ],
  [
    1.3348639633956605,
    0.08063827173370197,
    86.543,
    "f"
  ],
  [
    1.3185978542075971,
    0.07965564656085633,
    86.543,
    "f"
  ],
  [
    1.302954314318985,
    0.07871063039815618,
    86.543,
    "f"
  ],
  [
    1.2880465381479074,
    0.07781006124744622,
    86.543,
    "f"
  ],
  [
    1.2739877201124452,
    0.07696077711057098,
    86.543,
    "f"
  ],
  [
    1.2608910546306813,
    0.07616961598937524,
    86.543,
    "f"
  ],
  [
    1.2488697361206984,
    0.07544341588570372,
    86.543,
    "f"
  ],
  [
    1.238036959000577,
    0.07478901480140077,
    86.543,
    "f"
  ],
  [
    1.228505917688401,
    0.07421325073831131,
    86.543,
    "f"
  ],
  [
    1.2203898066022516,
    0.07372296169827997,
    86.543,
    "f"
  ],
  [
    1.2138018201602112,
    0.0733249856831511,
    86.543,
    "f"
  ],
  [
    1.208855152780362,
    0.07302616069476961,
    86.543,
    "f"
  ],
  [
    1.2056629988807859,
    0.07283332473498022,
    86.543,
    "f"
  ],
  [
    1.2043385528795647,
    0.0727533158056273,
    86.543,
    "f"
  ],
  [
    1.2049950091947814,
    0.0727929719085556,
    86.543,
    "f"
  ],
  [
    1.2077455622445177,
    0.0729591310456098,
    86.543,
    "f"
  ],
  [
    1.212703406446856,
    0.07325863121863457,
    86.543,
    "f"
  ],
  [
    1.2199817362198784,
    0.07369831042947458,
    86.543,
    "f"
  ],
  [
    1.2296937459816661,
    0.07428500667997423,
    86.543,
    "f"
  ],
  [
    1.2419526301503026,
    0.07502555797197835,
    86.543,
    "f"
  ],
  [
    1.256871583143869,
    0.07592680230733165,
    86.543,
    "f"
  ],
  [
    1.2745637993804486,
    0.07699557768787868,
    86.543,
    "f"
  ],
  [
    1.295142473278122,
    0.07823872211546404,
    86.543,
    "f"
  ],
  [
    1.3187207992549728,
    0.07966307359193248,
    86.543,
    "f"
  ],
  [
    1.3454119717290824,
    0.08127547011912853,
    86.543,
    "f"
  ],
  [
    1.3753291851185332,
    0.08308274969889695,
    86.543,
    "f"
  ],
  [
    1.4085856338414073,
    0.0850917503330823,
    86.543,
    "f"
  ],
  [
    1.4452945123157863,
    0.08730931002352915,
    86.543,
    "f"
  ],
  [
    1.4855690149597531,
    0.08974226677208236,
    86.543,
    "f"
  ],
  [
    1.5295223361913894,
    0.0923974585805864,
    86.543,
    "f"
  ],
  [
    1.5772676704287774,
    0.09528172345088592,
    86.543,
    "f"
  ],
  [
    1.6289182120899997,
    0.09840189938482563,
    86.543,
    "f"
  ],
  [
    1.6845871555931375,
    0.10176482438425022,
    86.543,
    "f"
  ],
  [
    1.7443876953562745,
    0.10537733645100417,
    86.543,
    "f"
  ],
  [
    1.8084330257974912,
    0.10924627358693217,
    86.543,
    "f"
  ],
  [
    1.8768363413348705,
    0.113378473793879,
    86.543,
    "f"
  ],
  [
    1.9497108363864943,
    0.11778077507368917,
    86.543,
    "f"
  ],
  [
    2.0271697053704445,
    0.12246001542820728,
    86.543,
    "f"
  ],
  [
    2.109326142704805,
    0.1274230328592782,
    86.543,
    "f"
  ],
  [
    2.1962933428076554,
    0.13267666536874634,
    86.543,
    "f"
  ],
  [
    2.28818450009708,
    0.1382277509584564,
    86.543,
    "f"
  ],
  [
    2.3851128089911584,
    0.144083127630253,
    86.543,
    "f"
  ],
  [
    2.4871914639079753,
    0.15024963338598096,
    86.543,
    "f"
  ],
  [
    2.5945336592656125,
    0.15673410622748468,
    86.543,
    "f"
  ],
  [
    2.7072525894821498,
    0.16354338415660885,
    86.543,
    "f"
  ],
  [
    2.8254614489756715,
    0.17068430517519828,
    86.543,
    "f"
  ],
  [
    2.8254614489756715,
    0.17068430517519828,
    86.543,
    "f"
  ],
  [
    2.94646850687945,
    0.1783716401758625,
    86.18636068130235,
    "f"
  ],
  [
    3.067490436759234,
    0.18682092029315156,
    85.82558771564396,
    "f"
  ],
  [
    3.1885030396818292,
    0.19604012389182035,
    85.46050514115677,
    "f"
  ],
  [
    3.309482116714036,
    0.20603722933662372,
    85.09093436996193,
    "f"
  ],
  [
    3.43040346892266,
    0.21682021499231696,
    84.71669401127457,
    "f"
  ],
  [
    3.551242897374501,
    0.2283970592236546,
    84.33759969746245,
    "f"
  ],
  [
    3.6719762031363636,
    0.24077574039539185,
    83.95346391315542,
    "f"
  ],
  [
    3.7925791872750496,
    0.2539642368722833,
    83.5640958275659,
    "f"
  ],
  [
    3.9130276508573605,
    0.2679705270190844,
    83.16930113025307,
    "f"
  ],
  [
    4.033297394950102,
    0.28280258920055024,
    82.76888187063571,
    "f"
  ],
  [
    4.153364220620075,
    0.29846840178143497,
    82.36263630163859,
    "f"
  ],
  [
    4.273203928934082,
    0.3149759431264939,
    81.95035872794193,
    "f"
  ],
  [
    4.392792320958928,
    0.33233319160048247,
    81.53183935939569,
    "f"
  ],
  [
    4.512105197761412,
    0.35054812556815496,
    81.10686417025846,
    "f"
  ],
  [
    4.63111836040834,
    0.36962872339426667,
    80.67521476502651,
    "f"
  ],
  [
    4.749807609966512,
    0.38958296344357246,
    80.2366682517353,
    "f"
  ],
  [
    4.868148747502734,
    0.4104188240808275,
    79.79099712373682,
    "f"
  ],
  [
    4.986117574083804,
    0.43214428367078617,
    79.33796915109258,
    "f"
  ],
  [
    5.103689890776531,
    0.4547673205782041,
    78.87734728286523,
    "f"
  ],
  [
    5.220841498647712,
    0.47829591316783593,
    78.4088895617466,
    "f"
  ],
  [
    5.337548198764152,
    0.5027380398044363,
    77.93234905262943,
    "f"
  ],
  [
    5.453785792192654,
    0.5281016788527604,
    77.44747378690715,
    "f"
  ],
  [
    5.5695300800000185,
    0.5543948086775635,
    76.95400672448159,
    "f"
  ],
  [
    5.684756863253054,
    0.5816254076436003,
    76.45168573566184,
    "f"
  ],
  [
    5.799441943018556,
    0.6098014541156258,
    75.94024360535826,
    "f"
  ],
  [
    5.913561120363332,
    0.6389309264583947,
    75.41940806220913,
    "f"
  ],
  [
    6.027090196354185,
    0.6690218030366623,
    74.88890183552166,
    "f"
  ],
  [
    6.1400049720579135,
    0.7000820622151834,
    74.34844274317032,
    "f"
  ],
  [
    6.252281248541324,
    0.7321196823587129,
    73.79774381386596,
    "f"
  ],
  [
    6.363894826871217,
    0.7651426418320055,
    73.23651344749061,
    "f"
  ],
  [
    6.474821508114397,
    0.7991589189998172,
    72.66445561748509,
    "f"
  ],
  [
    6.5850370933376645,
    0.8341764922269014,
    72.08127011957367,
    "f"
  ],
  [
    6.694517383607826,
    0.8702033398780147,
    71.4866528714117,
    "f"
  ],
  [
    6.803238179991681,
    0.9072474403179108,
    70.8802962680436,
    "f"
  ],
  [
    6.911175283556032,
    0.945316771911345,
    70.2618895983552,
    "f"
  ],
  [
    7.0183044953676825,
    0.9844193130230723,
    69.63111952798954,
    "f"
  ],
  [
    7.124601616493437,
    1.0245630420178475,
    68.98767065446248,
    "f"
  ],
  [
    7.230042448000095,
    1.065755937260426,
    68.33122614045737,
    "f"
  ],
  [
    7.3346027909544596,
    1.1080059771155621,
    67.66146843148016,
    "f"
  ],
  [
    7.438258446423339,
    1.1513211399480117,
    66.97808006421684,
    "f"
  ],
  [
    7.540985215473531,
    1.1957094041225287,
    66.28074457202774,
    "f"
  ],
  [
    7.6427588991718345,
    1.2411787480038678,
    65.56914749403563,
    "f"
  ],
  [
    7.743555298585062,
    1.2877371499567865,
    64.84297749418948,
    "f"
  ],
  [
    7.843350214780011,
    1.335392588346037,
    64.10192759650079,
    "f"
  ],
  [
    7.94211944882348,
    1.3841530415363748,
    63.345696542330415,
    "f"
  ],
  [
    8.039838801782277,
    1.4340264878925555,
    62.57399027513054,
    "f"
  ],
  [
    8.136484074723205,
    1.485020905779334,
    61.78652355739234,
    "f"
  ],
  [
    8.232031068713065,
    1.5371442735614647,
    60.983021723692275,
    "f"
  ],
  [
    8.326455584818664,
    1.590404569603703,
    60.1632225726446,
    "f"
  ],
  [
    8.419733424106797,
    1.6448097722708035,
    59.32687839922255,
    "f"
  ],
  [
    8.51184038764427,
    1.7003678599275223,
    58.47375816729226,
    "f"
  ],
  [
    8.602752276497887,
    1.7570868109386124,
    57.60364982027971,
    "f"
  ],
  [
    8.69244489173445,
    1.81497460366883,
    56.71636272565212,
    "f"
  ],
  [
    8.78089403442076,
    1.8740392164829296,
    55.811730246321076,
    "f"
  ],
  [
    8.868075505623626,
    1.9342886277456668,
    54.88961242916923,
    "f"
  ],
  [
    8.953965106409843,
    1.9957308158217963,
    53.94989879765842,
    "f"
  ],
  [
    9.038538637846216,
    2.0583737590760722,
    52.99251123192175,
    "f"
  ],
  [
    9.121771900999551,
    2.1222254358732506,
    52.017406915896515,
    "f"
  ],
  [
    9.203640696936647,
    2.1872938245780866,
    51.02458132696887,
    "f"
  ],
  [
    9.284120826724306,
    2.2535869035553326,
    50.0140712393391,
    "f"
  ],
  [
    9.363188091429336,
    2.3211126511697477,
    48.98595770796146,
    "f"
  ],
  [
    9.440818292118534,
    2.389879045786083,
    47.94036899556937,
    "f"
  ],
  [
    9.516987229858708,
    2.4598940657690966,
    46.87748340109681,
    "f"
  ],
  [
    9.591670705716657,
    2.531165689483541,
    45.7975319438919,
    "f"
  ],
  [
    9.664844520759184,
    2.6037018952941717,
    44.70080085465986,
    "f"
  ],
  [
    9.736484476053091,
    2.677510661565745,
    43.5876338212513,
    "f"
  ],
  [
    9.806566372665184,
    2.752599966663014,
    42.45843393541702,
    "f"
  ],
  [
    9.875066011662264,
    2.8289777889507355,
    41.31366528567878,
    "f"
  ],
  [
    9.941959194111131,
    2.9066521067936626,
    40.153854141707825,
    "f"
  ],
  [
    10.007221721078592,
    2.985630898556552,
    38.979589677223885,
    "f"
  ],
  [
    10.070829393631449,
    3.0659221426041574,
    37.79152418158117,
    "f"
  ],
  [
    10.132758012836502,
    3.1475338173012335,
    36.59037271499153,
    "f"
  ],
  [
    10.192983379760555,
    3.2304739010125365,
    35.37691216880438,
    "f"
  ],
  [
    10.251481295470413,
    3.3147503721028206,
    34.15197970040964,
    "f"
  ],
  [
    10.308227561032876,
    3.4003712089368414,
    32.91647052206832,
    "f"
  ],
  [
    10.363197977514746,
    3.4873443898793526,
    31.67133503415107,
    "f"
  ],
  [
    10.416368345982827,
    3.5756778932951097,
    30.417575305636944,
    "f"
  ],
  [
    10.467714467503924,
    3.665379697548868,
    29.156240917975367,
    "f"
  ],
  [
    10.517212143144837,
    3.7564577810053836,
    27.888424202168153,
    "f"
  ],
  [
    10.56483717397237,
    3.8489201220294094,
    26.615254912734486,
    "f"
  ],
  [
    10.610565361053323,
    3.9427746989857,
    25.337894395615706,
    "f"
  ],
  [
    10.654372505454504,
    4.038029490239014,
    24.05752931955618,
    "f"
  ],
  [
    10.696234408242711,
    4.134692474154101,
    22.77536505159327,
    "f"
  ],
  [
    10.736126870484746,
    4.232771629095719,
    21.492618766544126,
    "f"
  ],
  [
    10.774025693247417,
    4.332274933428625,
    20.210512387424046,
    "f"
  ],
  [
    10.809906677597525,
    4.43321036551757,
    18.93026545826018,
    "f"
  ],
  [
    10.843745624601867,
    4.535585903727312,
    17.653088052588714,
    "f"
  ],
  [
    10.875518335327254,
    4.639409526422602,
    16.38017381996383,
    "f"
  ],
  [
    10.905200610840483,
    4.7446892119682005,
    15.112693269101499,
    "f"
  ],
  [
    10.93276825220836,
    4.851432938728857,
    13.851787379992345,
    "f"
  ],
  [
    10.958197060497685,
    4.95964868506933,
    12.598561628710513,
    "f"
  ],
  [
    10.981462836775261,
    5.0693444293543735,
    11.354080498078474,
    "f"
  ],
  [
    11.002541382107895,
    5.180528149948741,
    10.11936253524658,
    "f"
  ],
  [
    11.021408497562382,
    5.29320782521719,
    8.895376004085904,
    "f"
  ],
  [
    11.03803998420553,
    5.407391433524474,
    7.683035166561979,
    "f"
  ],
  [
    11.052411643104143,
    5.523086953235348,
    6.48319721343745,
    "f"
  ],
  [
    11.064499275325021,
    5.640302362714568,
    5.2966598512028895,
    "f"
  ],
  [
    11.074278681934969,
    5.759045640326886,
    4.124159539450147,
    "f"
  ],
  [
    11.081725664000787,
    5.87932476443706,
    2.9663703613281314,
    "f"
  ],
  [
    11.081725664000787,
    5.87932476443706,
    2.9663703613281314,
    "f"
  ],
  [
    11.087888233469185,
    5.998249112794149,
    2.966370790285737,
    "f"
  ],
  [
    11.093833521594131,
    6.112980381076878,
    2.966371241767092,
    "f"
  ],
  [
    11.099566008403336,
    6.2236050245445185,
    2.966371717276104,
    "f"
  ],
  [
    11.105090173924488,
    6.330209498456334,
    2.9663722184334915,
    "f"
  ],
  [
    11.110410498185294,
    6.432880258071586,
    2.966372746986565,
    "f"
  ],
  [
    11.115531461213452,
    6.531703758649546,
    2.9663733048199106,
    "f"
  ],
  [
    11.120457543036661,
    6.626766455449472,
    2.9663738939662494,
    "f"
  ],
  [
    11.125193223682626,
    6.718154803730636,
    2.966374516618032,
    "f"
  ],
  [
    11.129742983179034,
    6.805955258752295,
    2.9663751751407403,
    "f"
  ],
  [
    11.1341113015536,
    6.890254275773723,
    2.966375872085223,
    "f"
  ],
  [
    11.138302658834016,
    6.971138310054176,
    2.9663766102019054,
    "f"
  ],
  [
    11.142321535047987,
    7.0486938168529285,
    2.966377392454774,
    "f"
  ],
  [
    11.146172410223208,
    7.123007251429238,
    2.9663782220357007,
    "f"
  ],
  [
    11.14985976438738,
    7.194165069042372,
    2.9663791023783688,
    "f"
  ],
  [
    11.153388077568202,
    7.262253724951599,
    2.96638003717203,
    "f"
  ],
  [
    11.156761829793378,
    7.327359674416176,
    2.9663810303738387,
    "f"
  ],
  [
    11.159985501090604,
    7.3895693726953775,
    2.966382086218971,
    "f"
  ],
  [
    11.163063571487582,
    7.44896927504846,
    2.966383209228411,
    "f"
  ],
  [
    11.166000521012014,
    7.505645836734699,
    2.966384404211624,
    "f"
  ],
  [
    11.168800829691598,
    7.559685513013351,
    2.966385676263428,
    "f"
  ],
  [
    11.171468977554026,
    7.6111747591436805,
    2.966387030752628,
    "f"
  ],
  [
    11.174009444627012,
    7.660200030384958,
    2.966388473299105,
    "f"
  ],
  [
    11.176426710938246,
    7.706847781996443,
    2.9663900097361307,
    "f"
  ],
  [
    11.178725256515435,
    7.751204469237408,
    2.9663916460537507,
    "f"
  ],
  [
    11.18090956138627,
    7.793356547367109,
    2.966393388316874,
    "f"
  ],
  [
    11.182984105578463,
    7.833390471644821,
    2.9663952425526645,
    "f"
  ],
  [
    11.184953369119704,
    7.871392697329801,
    2.9663972145987714,
    "f"
  ],
  [
    11.186821832037694,
    7.907449679681316,
    2.9663993099034656,
    "f"
  ],
  [
    11.188593974360133,
    7.941647873958632,
    2.966401533267913,
    "f"
  ],
  [
    11.190274276114728,
    7.974073735421017,
    2.966403888519949,
    "f"
  ],
  [
    11.19186721732917,
    8.00481371932773,
    2.966406378107763,
    "f"
  ],
  [
    11.193377278031164,
    8.033954280938039,
    2.966409002605758,
    "f"
  ],
  [
    11.19480893824841,
    8.061581875511212,
    2.9664117601226963,
    "f"
  ],
  [
    11.196166678008609,
    8.087782958306509,
    2.9664146456152594,
    "f"
  ],
  [
    11.197454977339454,
    8.1126439845832,
    2.966417650110486,
    "f"
  ],
  [
    11.198678316268651,
    8.136251409600545,
    2.966420759862501,
    "f"
  ],
  [
    11.1998411748239,
    8.158691688617813,
    2.9664239554812184,
    "f"
  ],
  [
    11.2009480330329,
    8.180051276894265,
    2.9664272110981074,
    "f"
  ],
  [
    11.202003370923347,
    8.200416629689167,
    2.966430493659857,
    "f"
  ],
  [
    11.203011668522945,
    8.219874202261792,
    2.9664337624726613,
    "f"
  ],
  [
    11.2039774058594,
    8.238510449871399,
    2.966436969138101,
    "f"
  ],
  [
    11.204905062960398,
    8.256411827777246,
    2.966440058040746,
    "f"
  ],
  [
    11.205799119853651,
    8.273664791238609,
    2.966442967525836,
    "f"
  ],
  [
    11.206664056566852,
    8.29035579551475,
    2.966445631873853,
    "f"
  ],
  [
    11.207504353127703,
    8.30657129586493,
    2.966447984079082,
    "f"
  ],
  [
    11.2083244895639,
    8.322397747548418,
    2.9664499593379787,
    "f"
  ],
  [
    11.209128945903158,
    8.337921605824482,
    2.966451498994388,
    "f"
  ],
  [
    11.209922202173157,
    8.35322932595238,
    2.9664525545683773,
    "f"
  ],
  [
    11.210708738401607,
    8.36840736319138,
    2.9664530913959197,
    "f"
  ],
  [
    11.211493034616213,
    8.383542172800752,
    2.9664530913959197,
    "f"
  ],
  [
    11.212279570844665,
    8.398720210039752,
    2.966452554568491,
    "f"
  ],
  [
    11.213072827114665,
    8.41402793016765,
    2.966451498994388,
    "f"
  ],
  [
    11.213877283453916,
    8.429551788443712,
    2.9664499593379787,
    "f"
  ],
  [
    11.214697419890117,
    8.4453782401272,
    2.966447984079025,
    "f"
  ],
  [
    11.21553771645097,
    8.461593740477383,
    2.9664456318736256,
    "f"
  ],
  [
    11.21640265316417,
    8.478284744753523,
    2.96644296752595,
    "f"
  ],
  [
    11.217296710057422,
    8.495537708214886,
    2.966440058040746,
    "f"
  ],
  [
    11.218224367158426,
    8.513439086120737,
    2.9664369691382717,
    "f"
  ],
  [
    11.219190104494874,
    8.53207533373034,
    2.9664337624726045,
    "f"
  ],
  [
    11.220198402094475,
    8.551532906302961,
    2.9664304936599137,
    "f"
  ],
  [
    11.221253739984924,
    8.57189825909787,
    2.9664272110980505,
    "f"
  ],
  [
    11.222360598193921,
    8.593257847374321,
    2.9664239554812184,
    "f"
  ],
  [
    11.223523456749172,
    8.615698126391589,
    2.9664207598623307,
    "f"
  ],
  [
    11.224746795678369,
    8.639305551408935,
    2.9664176501104293,
    "f"
  ],
  [
    11.226035095009216,
    8.664166577685624,
    2.966414645615316,
    "f"
  ],
  [
    11.22739283476941,
    8.690367660480922,
    2.9664117601226963,
    "f"
  ],
  [
    11.228824494986656,
    8.717995255054094,
    2.966409002605701,
    "f"
  ],
  [
    11.230334555688652,
    8.747135816664404,
    2.966406378107763,
    "f"
  ],
  [
    11.231927496903095,
    8.777875800571117,
    2.966403888519949,
    "f"
  ],
  [
    11.233607798657687,
    8.8103016620335,
    2.966401533267913,
    "f"
  ],
  [
    11.23537994098013,
    8.844499856310817,
    2.9663993099034087,
    "f"
  ],
  [
    11.237248403898121,
    8.880556838662333,
    2.9663972145987714,
    "f"
  ],
  [
    11.23921766743936,
    8.918559064347313,
    2.9663952425526077,
    "f"
  ],
  [
    11.24129221163155,
    8.958592988625021,
    2.966393388316874,
    "f"
  ],
  [
    11.243476516502387,
    9.000745066754726,
    2.9663916460537507,
    "f"
  ],
  [
    11.245775062079574,
    9.04510175399569,
    2.966390009736074,
    "f"
  ],
  [
    11.24819232839081,
    9.091749505607176,
    2.966388473299105,
    "f"
  ],
  [
    11.250732795463794,
    9.140774776848453,
    2.966387030752628,
    "f"
  ],
  [
    11.253400943326227,
    9.192264022978783,
    2.966385676263428,
    "f"
  ],
  [
    11.256201252005809,
    9.246303699257435,
    2.966384404211567,
    "f"
  ],
  [
    11.259138201530236,
    9.30298026094367,
    2.966383209228411,
    "f"
  ],
  [
    11.262216271927215,
    9.362380163296756,
    2.966382086218971,
    "f"
  ],
  [
    11.265439943224441,
    9.424589861575956,
    2.966381030373782,
    "f"
  ],
  [
    11.26881369544962,
    9.489695811040535,
    2.9663800371720868,
    "f"
  ],
  [
    11.272342008630442,
    9.55778446694976,
    2.9663791023783688,
    "f"
  ],
  [
    11.276029362794615,
    9.628942284562896,
    2.9663782220357007,
    "f"
  ],
  [
    11.279880237969834,
    9.703255719139207,
    2.966377392454774,
    "f"
  ],
  [
    11.283899114183804,
    9.780811225937956,
    2.9663766102019054,
    "f"
  ],
  [
    11.288090471464223,
    9.861695260218413,
    2.966375872085223,
    "f"
  ],
  [
    11.292458789838786,
    9.945994277239837,
    2.9663751751407403,
    "f"
  ],
  [
    11.2970085493352,
    10.0337947322615,
    2.966374516618089,
    "f"
  ],
  [
    11.301744229981162,
    10.125183080542662,
    2.9663738939661926,
    "f"
  ],
  [
    11.306670311804371,
    10.220245777342589,
    2.9663733048199106,
    "f"
  ],
  [
    11.311791274832528,
    10.319069277920548,
    2.966372746986565,
    "f"
  ],
  [
    11.317111599093334,
    10.4217400375358,
    2.9663722184334347,
    "f"
  ],
  [
    11.322635764614489,
    10.528344511447614,
    2.966371717276104,
    "f"
  ],
  [
    11.328368251423688,
    10.638969154915255,
    2.966371241767149,
    "f"
  ],
  [
    11.334313539548637,
    10.753700423197985,
    2.966370790285737,
    "f"
  ],
  [
    11.340476109017036,
    10.872624771555072,
    2.9663703613281314,
    "f"
  ],
  [
    11.340476109017036,
    10.872624771555072,
    2.9663703613281314,
    "f"
  ],
  [
    11.34663867852066,
    10.991549119771532,
    2.9663708317396527,
    "f"
  ],
  [
    11.352583966750334,
    11.106280387636193,
    2.966371326851629,
    "f"
  ],
  [
    11.358316453732336,
    11.216905030414047,
    2.9663718483132584,
    "f"
  ],
  [
    11.363840619492919,
    11.32350950337007,
    2.9663723979017504,
    "f"
  ],
  [
    11.369160944058358,
    11.42618026176925,
    2.966372977533581,
    "f"
  ],
  [
    11.37428190745492,
    11.525003760876581,
    2.9663735892753493,
    "f"
  ],
  [
    11.379207989708863,
    11.62006645595704,
    2.966374235355943,
    "f"
  ],
  [
    11.38394367084647,
    11.711454802275615,
    2.9663749181801222,
    "f"
  ],
  [
    11.388493430893988,
    11.799255255097288,
    2.966375640341653,
    "f"
  ],
  [
    11.392861749877705,
    11.88355426968705,
    2.9663764046379697,
    "f"
  ],
  [
    11.39705310782387,
    11.964438301309883,
    2.966377214085412,
    "f"
  ],
  [
    11.40107198475876,
    12.041993805230774,
    2.96637807193423,
    "f"
  ],
  [
    11.404922860708643,
    12.116307236714713,
    2.9663789816848976,
    "f"
  ],
  [
    11.408610215699776,
    12.187465051026674,
    2.966379947102837,
    "f"
  ],
  [
    11.412138529758439,
    12.255553703431655,
    2.9663809722338783,
    "f"
  ],
  [
    11.415512282910885,
    12.320659649194626,
    2.966382061417562,
    "f"
  ],
  [
    11.418735955183394,
    12.382869343580595,
    2.966383219298393,
    "f"
  ],
  [
    11.421814026602222,
    12.442269241854525,
    2.966384450834255,
    "f"
  ],
  [
    11.424750977193646,
    12.498945799281422,
    2.966385761299307,
    "f"
  ],
  [
    11.427551286983931,
    12.552985471126252,
    2.9663871562808026,
    "f"
  ],
  [
    11.430219435999332,
    12.60447471265401,
    2.9663886416664127,
    "f"
  ],
  [
    11.432759904266131,
    12.653499979129684,
    2.966390223618987,
    "f"
  ],
  [
    11.435177171810583,
    12.700147725818253,
    2.9663919085357406,
    "f"
  ],
  [
    11.43747571865897,
    12.744504407984708,
    2.9663937029853855,
    "f"
  ],
  [
    11.439660024837542,
    12.78665648089403,
    2.966395613619113,
    "f"
  ],
  [
    11.441734570372578,
    12.826690399811213,
    2.966397647046392,
    "f"
  ],
  [
    11.44370383529034,
    12.864692620001234,
    2.9663998096692126,
    "f"
  ],
  [
    11.445572299617094,
    12.90074959672908,
    2.966402107462102,
    "f"
  ],
  [
    11.44734444337911,
    12.934947785259734,
    2.9664045456905797,
    "f"
  ],
  [
    11.449024746602655,
    12.967373640858192,
    2.966407128552021,
    "f"
  ],
  [
    11.450617689313994,
    12.998113618789427,
    2.966409858731595,
    "f"
  ],
  [
    11.45212775153939,
    13.027254174318427,
    2.9664127368588993,
    "f"
  ],
  [
    11.453559413305118,
    13.054881762710188,
    2.9664157608601727,
    "f"
  ],
  [
    11.454917154637442,
    13.081082839229687,
    2.9664189252044935,
    "f"
  ],
  [
    11.456205455562626,
    13.10594385914191,
    2.9664222200519816,
    "f"
  ],
  [
    11.457428796106942,
    13.12955127771184,
    2.966425630328388,
    "f"
  ],
  [
    11.458591656296656,
    13.15199155020447,
    2.966429134769726,
    "f"
  ],
  [
    11.45969851615803,
    13.173351131884775,
    2.966432705007435,
    "f"
  ],
  [
    11.460753855717329,
    13.193716478017748,
    2.966436304794229,
    "f"
  ],
  [
    11.461762155000832,
    13.213174043868378,
    2.966439889503249,
    "f"
  ],
  [
    11.4627278940348,
    13.231810284701645,
    2.9664434060594544,
    "f"
  ],
  [
    11.463655552845491,
    13.249711655782528,
    2.9664467934720165,
    "f"
  ],
  [
    11.464549611459187,
    13.266964612376025,
    2.9664499841288148,
    "f"
  ],
  [
    11.46541454990215,
    13.28365560974712,
    2.966452905958249,
    "f"
  ],
  [
    11.466254848200636,
    13.29987110316079,
    2.966455485479628,
    "f"
  ],
  [
    11.467074986380924,
    13.315697547882023,
    2.9664576516269676,
    "f"
  ],
  [
    11.46787944446928,
    13.33122139917581,
    2.966459340075403,
    "f"
  ],
  [
    11.468672702491968,
    13.346529112307135,
    2.96646049766008,
    "f"
  ],
  [
    11.469459240475254,
    13.361707142540975,
    2.96646108636628,
    "f"
  ],
  [
    11.470243538445411,
    13.376841945142335,
    2.966461086366394,
    "f"
  ],
  [
    11.471030076428697,
    13.392019975376176,
    2.96646049766008,
    "f"
  ],
  [
    11.471823334451383,
    13.407327688507499,
    2.9664593400754597,
    "f"
  ],
  [
    11.47262779253974,
    13.422851539801286,
    2.9664576516269108,
    "f"
  ],
  [
    11.473447930720027,
    13.438677984522519,
    2.9664554854798553,
    "f"
  ],
  [
    11.47428822901852,
    13.45489347793619,
    2.9664529059581923,
    "f"
  ],
  [
    11.47515316746148,
    13.471584475307282,
    2.966449984128758,
    "f"
  ],
  [
    11.476047226075174,
    13.488837431900777,
    2.96644679347213,
    "f"
  ],
  [
    11.476974884885868,
    13.506738802981666,
    2.9664434060595113,
    "f"
  ],
  [
    11.477940623919832,
    13.52537504381493,
    2.966439889503249,
    "f"
  ],
  [
    11.478948923203335,
    13.544832609665557,
    2.966436304794115,
    "f"
  ],
  [
    11.480004262762638,
    13.565197955798533,
    2.966432705007321,
    "f"
  ],
  [
    11.481111122624014,
    13.586557537478841,
    2.966429134769669,
    "f"
  ],
  [
    11.482273982813727,
    13.60899780997147,
    2.966425630328331,
    "f"
  ],
  [
    11.483497323358035,
    13.6326052285414,
    2.966422220051925,
    "f"
  ],
  [
    11.484785624283225,
    13.657466248453623,
    2.9664189252045503,
    "f"
  ],
  [
    11.486143365615545,
    13.68366732497312,
    2.966415760860116,
    "f"
  ],
  [
    11.487575027381274,
    13.711294913364878,
    2.9664127368588993,
    "f"
  ],
  [
    11.489085089606672,
    13.740435468893883,
    2.966409858731595,
    "f"
  ],
  [
    11.49067803231801,
    13.77117544682512,
    2.966407128552021,
    "f"
  ],
  [
    11.492358335541555,
    13.803601302423571,
    2.9664045456905797,
    "f"
  ],
  [
    11.494130479303571,
    13.83779949095423,
    2.9664021074621587,
    "f"
  ],
  [
    11.495998943630326,
    13.873856467682076,
    2.9663998096692126,
    "f"
  ],
  [
    11.49796820854809,
    13.911858687872098,
    2.966397647046392,
    "f"
  ],
  [
    11.500042754083122,
    13.951892606789276,
    2.9663956136190563,
    "f"
  ],
  [
    11.5022270602617,
    13.9940446796986,
    2.9663937029853855,
    "f"
  ],
  [
    11.504525607110079,
    14.038401361865056,
    2.9663919085357406,
    "f"
  ],
  [
    11.506942874654536,
    14.085049108553626,
    2.966390223619044,
    "f"
  ],
  [
    11.509483342921332,
    14.134074375029298,
    2.966388641666356,
    "f"
  ],
  [
    11.512151491936741,
    14.185563616557058,
    2.9663871562808026,
    "f"
  ],
  [
    11.514951801727019,
    14.239603288401891,
    2.966385761299307,
    "f"
  ],
  [
    11.517888752318441,
    14.296279845828781,
    2.966384450834312,
    "f"
  ],
  [
    11.520966823737272,
    14.355679744102714,
    2.966383219298393,
    "f"
  ],
  [
    11.524190496009782,
    14.417889438488679,
    2.966382061417562,
    "f"
  ],
  [
    11.527564249162229,
    14.482995384251655,
    2.9663809722338783,
    "f"
  ],
  [
    11.531092563220888,
    14.551084036656635,
    2.9663799471028938,
    "f"
  ],
  [
    11.534779918212022,
    14.622241850968598,
    2.9663789816848976,
    "f"
  ],
  [
    11.538630794161907,
    14.696555282452534,
    2.9663780719342867,
    "f"
  ],
  [
    11.542649671096795,
    14.774110786373427,
    2.9663772140853553,
    "f"
  ],
  [
    11.546841029042962,
    14.854994817996262,
    2.9663764046379697,
    "f"
  ],
  [
    11.551209348026674,
    14.93929383258602,
    2.966375640341596,
    "f"
  ],
  [
    11.5557591080742,
    15.027094285407696,
    2.9663749181801222,
    "f"
  ],
  [
    11.5604947892118,
    15.11848263172627,
    2.966374235355943,
    "f"
  ],
  [
    11.565420871465747,
    15.213545326806727,
    2.9663735892753493,
    "f"
  ],
  [
    11.570541834862306,
    15.312368825914058,
    2.966372977533638,
    "f"
  ],
  [
    11.575862159427746,
    15.415039584313238,
    2.9663723979017504,
    "f"
  ],
  [
    11.581386325188333,
    15.521644057269263,
    2.9663718483132016,
    "f"
  ],
  [
    11.587118812170328,
    15.632268700047117,
    2.966371326851686,
    "f"
  ],
  [
    11.593064100400007,
    15.746999967911778,
    2.9663708317396527,
    "f"
  ],
  [
    11.599226669903631,
    15.865924316128236,
    2.9663703613281314,
    "f"
  ]
]