[
  [
    0.0,
    0.0,
    0.0,
    "r"
  ],
  [
    -0.1515075186543561,
    -0.00015201890110129953,
    0.6749943754275531,
    "r"
  ],
  [
    -0.3045073096600905,
    -0.0006101059069240801,
    1.3432392639188975,
    "r"
  ],
  [
    -0.458976532113866,
    -0.0013773064712466652,
    2.0048031881840456,
    "r"
  ],
  [
    -0.6148923451123449,
    -0.0024566660478473785,
    2.659754670933009,
    "r"
  ],
  [
    -0.77223190775219,
    -0.003851230090504542,
    3.308162234875801,
    "r"
  ],
  [
    -0.9309723791300636,
    -0.0055640440529964785,
    3.9500944027224327,
    "r"
  ],
  [
    -1.0910909183426287,
    -0.007598153389101514,
    4.585619697182917,
    "r"
  ],
  [
    -1.2525646844865472,
    -0.009956603552597969,
    5.214806640967267,
    "r"
  ],
  [
    -1.4153708366584823,
    -0.012642439997264169,
    5.837723756785494,
    "r"
  ],
  [
    -1.5794865339550967,
    -0.015658708176878436,
    6.4544395673476105,
    "r"
  ],
  [
    -1.7448889354730523,
    -0.01900845354521909,
    7.065022595363628,
    "r"
  ],
  [
    -1.9115552003090117,
    -0.02269472155606445,
    7.669541363543556,
    "r"
  ],
  [
    -2.079462487559639,
    -0.026720557663192868,
    8.268064394597417,
    "r"
  ],
  [
    -2.2485879563215945,
    -0.03108900732038263,
    8.860660211235214,
    "r"
  ],
  [
    -2.4189087656915427,
    -0.03580311598141208,
    9.44739733616696,
    "r"
  ],
  [
    -2.5904020747661436,
    -0.040865929100059525,
    10.028344292102668,
    "r"
  ],
  [
    -2.7630450426420627,
    -0.0462804921301033,
    10.603569601752353,
    "r"
  ],
  [
    -2.936814828415962,
    -0.052049850525321746,
    11.173141787826028,
    "r"
  ],
  [
    -3.1116885911845023,
    -0.058177049739493156,
    11.737129373033698,
    "r"
  ],
  [
    -3.287643490044348,
    -0.06466513522639587,
    12.295600880085384,
    "r"
  ],
  [
    -3.464656684092161,
    -0.07151715243980819,
    12.848624831691094,
    "r"
  ],
  [
    -3.6427053324246037,
    -0.07873614683350848,
    13.396269750560839,
    "r"
  ],
  [
    -3.8217665941383396,
    -0.086325163861275,
    13.938604159404637,
    "r"
  ],
  [
    -4.001817628330029,
    -0.09428724897688615,
    14.475696580932489,
    "r"
  ],
  [
    -4.182835594096336,
    -0.10262544763412018,
    15.007615537854418,
    "r"
  ],
  [
    -4.364797650533926,
    -0.1113428052867555,
    15.534429552880436,
    "r"
  ],
  [
    -4.547680956739456,
    -0.12044236738857035,
    16.05620714872055,
    "r"
  ],
  [
    -4.7314626718095925,
    -0.12992717939334308,
    16.57301684808477,
    "r"
  ],
  [
    -4.916119954840997,
    -0.139800286754852,
    17.084927173683116,
    "r"
  ],
  [
    -5.101629964930332,
    -0.15006473492687553,
    17.592006648225603,
    "r"
  ],
  [
    -5.287969861174259,
    -0.16072356936319182,
    18.094323794422227,
    "r"
  ],
  [
    -5.475116802669441,
    -0.1717798355175793,
    18.591947134983016,
    "r"
  ],
  [
    -5.663047948512544,
    -0.18323657884381628,
    19.084945192617976,
    "r"
  ],
  [
    -5.851740457800227,
    -0.19509684479568112,
    19.573386490037116,
    "r"
  ],
  [
    -6.041171489629152,
    -0.20736367882695214,
    20.057339549950456,
    "r"
  ],
  [
    -6.2313182030959835,
    -0.22004012639140758,
    20.536872895068004,
    "r"
  ],
  [
    -6.422157757297383,
    -0.23312923294282578,
    21.01205504809977,
    "r"
  ],
  [
    -6.6136673113300155,
    -0.24663404393498517,
    21.482954531755773,
    "r"
  ],
  [
    -6.805824024290539,
    -0.26055760482166396,
    21.94963986874602,
    "r"
  ],
  [
    -6.998605055275622,
    -0.2749029610566405,
    22.41217958178052,
    "r"
  ],
  [
    -7.191987563381921,
    -0.28967315809369315,
    22.870642193569296,
    "r"
  ],
  [
    -7.385948707706102,
    -0.30487124138660016,
    23.32509622682235,
    "r"
  ],
  [
    -7.580465647344829,
    -0.3205002563891399,
    23.775610204249706,
    "r"
  ],
  [
    -7.775515541394759,
    -0.33656324855509084,
    24.222252648561355,
    "r"
  ],
  [
    -7.971075548952561,
    -0.353063263338231,
    24.665092082467336,
    "r"
  ],
  [
    -8.167122829114893,
    -0.37000334619233893,
    25.10419702867764,
    "r"
  ],
  [
    -8.36363454097842,
    -0.38738654257119287,
    25.539636009902292,
    "r"
  ],
  [
    -8.560587843639805,
    -0.40521589792857116,
    25.971477548851297,
    "r"
  ],
  [
    -8.757959896195707,
    -0.42349445771825217,
    26.399790168234674,
    "r"
  ],
  [
    -8.95572785774279,
    -0.44222526739401397,
    26.824642390762424,
    "r"
  ],
  [
    -9.153868887377723,
    -0.4614113724096353,
    27.246102739144572,
    "r"
  ],
  [
    -9.35236014419716,
    -0.4810558182188943,
    27.664239736091126,
    "r"
  ],
  [
    -9.551178787297768,
    -0.5011616502755691,
    28.079121904312096,
    "r"
  ],
  [
    -9.750301975776207,
    -0.5217319140334383,
    28.490817766517488,
    "r"
  ],
  [
    -9.949706868729143,
    -0.5427696549462803,
    28.899395845417345,
    "r"
  ],
  [
    -10.149370625253232,
    -0.5642779184678728,
    29.304924663721625,
    "r"
  ],
  [
    -10.349270404445145,
    -0.5862597500519949,
    29.70747274414039,
    "r"
  ],
  [
    -10.54938336540154,
    -0.6087181951524243,
    30.10710860938363,
    "r"
  ],
  [
    -10.749686667219079,
    -0.6316562992229398,
    30.503900782161352,
    "r"
  ],
  [
    -10.950157468994428,
    -0.6550771077173196,
    30.897917785183594,
    "r"
  ],
  [
    -11.150772929824242,
    -0.6789836660893416,
    31.289228141160336,
    "r"
  ],
  [
    -11.351510208805195,
    -0.7033790197927848,
    31.677900372801613,
    "r"
  ],
  [
    -11.552346465033938,
    -0.728266214281427,
    32.06400300281742,
    "r"
  ],
  [
    -11.753258857607143,
    -0.7536482950090468,
    32.447604553917785,
    "r"
  ],
  [
    -11.954224545621472,
    -0.7795283074294228,
    32.828773548812734,
    "r"
  ],
  [
    -12.155220688173577,
    -0.8059092969963323,
    33.20757851021223,
    "r"
  ],
  [
    -12.35622444436013,
    -0.8327943091635548,
    33.58408796082633,
    "r"
  ],
  [
    -12.557212973277792,
    -0.8601863893848678,
    33.95837042336503,
    "r"
  ],
  [
    -12.758163434023224,
    -0.88808858311405,
    34.330494420538336,
    "r"
  ],
  [
    -12.959052985693095,
    -0.9165039358048799,
    34.70052847505628,
    "r"
  ],
  [
    -13.159858787384055,
    -0.9454354929111353,
    35.068541109628846,
    "r"
  ],
  [
    -13.360557998192778,
    -0.974886299886595,
    35.43460084696608,
    "r"
  ],
  [
    -13.561127777215919,
    -1.0048594021850368,
    35.79877620977797,
    "r"
  ],
  [
    -13.761545283550145,
    -1.0353578452602397,
    36.161135720774524,
    "r"
  ],
  [
    -13.96178767629212,
    -1.066384674565982,
    36.52174790266578,
    "r"
  ],
  [
    -14.161832114538502,
    -1.0979429355560408,
    36.88068127816172,
    "r"
  ],
  [
    -14.361655757385954,
    -1.1300356736841959,
    37.23800436997239,
    "r"
  ],
  [
    -14.561235763931146,
    -1.1626659344042252,
    37.59378570080778,
    "r"
  ],
  [
    -14.760549293270726,
    -1.1958367631699063,
    37.948093793377886,
    "r"
  ],
  [
    -14.959573504501375,
    -1.2295512054350186,
    38.30099717039277,
    "r"
  ],
  [
    -15.158285556719736,
    -1.2638123066533393,
    38.65256435456239,
    "r"
  ],
  [
    -15.356662609022488,
    -1.2986231122786478,
    39.0028638685968,
    "r"
  ],
  [
    -15.554681820506287,
    -1.3339866677647223,
    39.35196423520598,
    "r"
  ],
  [
    -15.752320350267789,
    -1.3699060185653398,
    39.69993397709996,
    "r"
  ],
  [
    -15.949555357403671,
    -1.4063842101342807,
    40.04684161698876,
    "r"
  ],
  [
    -16.146364001010582,
    -1.4434242879253212,
    40.39275567758237,
    "r"
  ],
  [
    -16.342723440185196,
    -1.4810292973922414,
    40.73774468159083,
    "r"
  ],
  [
    -16.538610834024166,
    -1.5192022839888188,
    41.08187715172413,
    "r"
  ],
  [
    -16.734003341624156,
    -1.5579462931688313,
    41.425221610692276,
    "r"
  ],
  [
    -16.92887812208184,
    -1.5972643703860583,
    41.76784658120532,
    "r"
  ],
  [
    -17.12321233449386,
    -1.6371595610942768,
    42.109820585973225,
    "r"
  ],
  [
    -17.316983137956896,
    -1.6776349107472668,
    42.45121214770603,
    "r"
  ],
  [
    -17.51016769156761,
    -1.7186934647988057,
    42.792089789113746,
    "r"
  ],
  [
    -17.70274315442265,
    -1.7603382687026707,
    43.13252203290638,
    "r"
  ],
  [
    -17.894686685618698,
    -1.8025723679126422,
    43.472577401793956,
    "r"
  ],
  [
    -18.085975444252394,
    -1.8453988078824968,
    43.81232441848646,
    "r"
  ],
  [
    -18.276586589420422,
    -1.8888206340660143,
    44.15183160569393,
    "r"
  ],
  [
    -18.466497280219436,
    -1.9328408919169728,
    44.49116748612638,
    "r"
  ],
  [
    -18.655684675746095,
    -1.9774626268891489,
    44.83040058249378,
    "r"
  ],
  [
    -18.84412593509706,
    -2.022688884436322,
    45.169599417506205,
    "r"
  ],
  [
    -19.03179821736901,
    -2.068522710012272,
    45.50883251387362,
    "r"
  ],
  [
    -19.218678681658588,
    -2.114967149070775,
    45.848168394306064,
    "r"
  ],
  [
    -19.40474448706247,
    -2.1620252470656105,
    46.18767558151354,
    "r"
  ],
  [
    -19.589972792677308,
    -2.2097000494505563,
    46.52742259820606,
    "r"
  ],
  [
    -19.77434075759977,
    -2.25799460167939,
    46.86747796709362,
    "r"
  ],
  [
    -19.957825540926518,
    -2.306911949205891,
    47.20791021088625,
    "r"
  ],
  [
    -20.14040430175422,
    -2.3564551374838385,
    47.54878785229397,
    "r"
  ],
  [
    -20.322054199179533,
    -2.4066272119670096,
    47.89017941402678,
    "r"
  ],
  [
    -20.502752392299115,
    -2.457431218109182,
    48.23215341879469,
    "r"
  ],
  [
    -20.682476040209636,
    -2.5088702013641355,
    48.574778389307724,
    "r"
  ],
  [
    -20.86120230200775,
    -2.560947207185646,
    48.918122848275864,
    "r"
  ],
  [
    -21.038908336790136,
    -2.6136652810274956,
    49.262255318409174,
    "r"
  ],
  [
    -21.21557130365344,
    -2.6670274683434596,
    49.60724432241763,
    "r"
  ],
  [
    -21.391168361694334,
    -2.721036814587318,
    49.95315838301124,
    "r"
  ],
  [
    -21.565676670009477,
    -2.775696365212848,
    50.30006602290003,
    "r"
  ],
  [
    -21.73907338769553,
    -2.8310091656738274,
    50.648035764794024,
    "r"
  ],
  [
    -21.91133567384916,
    -2.8869782614240362,
    50.99713613140321,
    "r"
  ],
  [
    -22.082440687567026,
    -2.9436066979172524,
    51.34743564543761,
    "r"
  ],
  [
    -22.25236558794579,
    -3.000897520607254,
    51.69900282960724,
    "r"
  ],
  [
    -22.42108753408212,
    -3.058853774947819,
    52.05190620662211,
    "r"
  ],
  [
    -22.58858368507267,
    -3.1174785063927244,
    52.40621429919223,
    "r"
  ],
  [
    -22.75483120001411,
    -3.1767747603957512,
    52.76199563002761,
    "r"
  ],
  [
    -22.919807238003102,
    -3.2367455824106774,
    53.11931872183828,
    "r"
  ],
  [
    -23.083488958136307,
    -3.2973940178912797,
    53.47825209733423,
    "r"
  ],
  [
    -23.245853519510383,
    -3.3587231122913375,
    53.838864279225476,
    "r"
  ],
  [
    -23.406878081221997,
    -3.4207359110646283,
    54.20122379022203,
    "r"
  ],
  [
    -23.566539802367814,
    -3.483435459664931,
    54.56539915303392,
    "r"
  ],
  [
    -23.724815842044496,
    -3.5468248035460253,
    54.931458890371154,
    "r"
  ],
  [
    -23.8816833593487,
    -3.6109069881616866,
    55.299471524943726,
    "r"
  ],
  [
    -24.037119513377093,
    -3.675685058965696,
    55.66950557946167,
    "r"
  ],
  [
    -24.19110146322633,
    -3.7411620614118286,
    56.04162957663496,
    "r"
  ],
  [
    -24.343606367993093,
    -3.807341040953866,
    56.415912039173676,
    "r"
  ],
  [
    -24.494611386774025,
    -3.8742250430455862,
    56.79242148978777,
    "r"
  ],
  [
    -24.644093678665797,
    -3.9418171131407655,
    57.17122645118728,
    "r"
  ],
  [
    -24.79203040276507,
    -4.0101202966931835,
    57.552395446082215,
    "r"
  ],
  [
    -24.938398718168504,
    -4.079137639156617,
    57.93599699718257,
    "r"
  ],
  [
    -25.083175783972766,
    -4.148872185984847,
    58.32209962719839,
    "r"
  ],
  [
    -25.226338759274515,
    -4.2193269826316495,
    58.710771858839664,
    "r"
  ],
  [
    -25.36786480317042,
    -4.290505074550806,
    59.10208221481641,
    "r"
  ],
  [
    -25.50773107475713,
    -4.362409507196091,
    59.49609921783865,
    "r"
  ],
  [
    -25.645914733131328,
    -4.435043326021283,
    59.89289139061637,
    "r"
  ],
  [
    -25.78239293738966,
    -4.5084095764801635,
    60.29252725585961,
    "r"
  ],
  [
    -25.917142846628792,
    -4.582511304026509,
    60.695075336278364,
    "r"
  ],
  [
    -26.050141619945386,
    -4.657351554114098,
    61.10060415458267,
    "r"
  ],
  [
    -26.181366416436113,
    -4.732933372196708,
    61.509182233482505,
    "r"
  ],
  [
    -26.31079439519762,
    -4.809259803728117,
    61.9208780956879,
    "r"
  ],
  [
    -26.43840271532659,
    -4.886333894162106,
    62.33576026390887,
    "r"
  ],
  [
    -26.56416853591967,
    -4.964158688952451,
    62.753897260855425,
    "r"
  ],
  [
    -26.688069016073523,
    -5.0427372335529315,
    63.17535760923758,
    "r"
  ],
  [
    -26.810081314884822,
    -5.122072573417326,
    63.60020983176533,
    "r"
  ],
  [
    -26.93018259145022,
    -5.202167753999412,
    64.0285224511487,
    "r"
  ],
  [
    -27.04835000486638,
    -5.2830258207529655,
    64.4603639900977,
    "r"
  ],
  [
    -27.16456071422997,
    -5.364649819131769,
    64.89580297132235,
    "r"
  ],
  [
    -27.278791878637655,
    -5.447042794589599,
    65.33490791753266,
    "r"
  ],
  [
    -27.391020657186086,
    -5.530207792580234,
    65.77774735143865,
    "r"
  ],
  [
    -27.501224208971934,
    -5.614147858557454,
    66.22438979575031,
    "r"
  ],
  [
    -27.609379693091853,
    -5.698866037975032,
    66.67490377317765,
    "r"
  ],
  [
    -27.715464268642524,
    -5.784365376286752,
    67.1293578064307,
    "r"
  ],
  [
    -27.81945509472059,
    -5.870648918946389,
    67.58782041821948,
    "r"
  ],
  [
    -27.92132933042273,
    -5.957719711407726,
    68.050360131254,
    "r"
  ],
  [
    -28.021064134845588,
    -6.045580799124535,
    68.51704546824423,
    "r"
  ],
  [
    -28.118636667085838,
    -6.134235227550596,
    68.98794495190022,
    "r"
  ],
  [
    -28.214024086240144,
    -6.22368604213969,
    69.463127104932,
    "r"
  ],
  [
    -28.307203551405166,
    -6.3139362883455945,
    69.94266045004954,
    "r"
  ],
  [
    -28.398152221677567,
    -6.404989011622087,
    70.42661350996289,
    "r"
  ],
  [
    -28.486847256154007,
    -6.496847257422946,
    70.91505480738203,
    "r"
  ],
  [
    -28.57326581393115,
    -6.589514071201947,
    71.40805286501698,
    "r"
  ],
  [
    -28.65738505410566,
    -6.682992498412874,
    71.90567620557778,
    "r"
  ],
  [
    -28.739182135774197,
    -6.777285584509503,
    72.40799335177441,
    "r"
  ],
  [
    -28.818634218033424,
    -6.872396374945611,
    72.91507282631689,
    "r"
  ],
  [
    -28.89571845998001,
    -6.968327915174977,
    73.42698315191524,
    "r"
  ],
  [
    -28.970412020710608,
    -7.0650832506513765,
    73.94379285127945,
    "r"
  ],
  [
    -29.042692059321887,
    -7.162665426828594,
    74.46557044711956,
    "r"
  ],
  [
    -29.11253573491051,
    -7.261077489160406,
    74.99238446214558,
    "r"
  ],
  [
    -29.17992020657313,
    -7.360322483100587,
    75.52430341906751,
    "r"
  ],
  [
    -29.244822633406418,
    -7.460403454102919,
    76.06139584059537,
    "r"
  ],
  [
    -29.307220174507037,
    -7.561323447621176,
    76.60373024943915,
    "r"
  ],
  [
    -29.367089988971646,
    -7.663085509109141,
    77.1513751683089,
    "r"
  ],
  [
    -29.424409235896917,
    -7.7656926840205935,
    77.70439911991461,
    "r"
  ],
  [
    -29.4791550743795,
    -7.869148017809307,
    78.2628706269663,
    "r"
  ],
  [
    -29.53130466351606,
    -7.973454555929062,
    78.82685821217399,
    "r"
  ],
  [
    -29.58083516240326,
    -8.078615343833633,
    79.39643039824765,
    "r"
  ],
  [
    -29.627723730137774,
    -8.184633426976808,
    79.97165570789733,
    "r"
  ],
  [
    -29.671947525816247,
    -8.291511850812356,
    80.55260266383304,
    "r"
  ],
  [
    -29.713483708535357,
    -8.39925366079406,
    81.13933978876479,
    "r"
  ],
  [
    -29.75230943739175,
    -8.507861902375696,
    81.73193560540258,
    "r"
  ],
  [
    -29.788401871482105,
    -8.617339621011041,
    82.33045863645644,
    "r"
  ],
  [
    -29.821738169903078,
    -8.727689862153879,
    82.93497740463637,
    "r"
  ],
  [
    -29.85229549175132,
    -8.838915671257984,
    83.54556043265238,
    "r"
  ],
  [
    -29.88005099612352,
    -8.951020093777135,
    84.1622762432145,
    "r"
  ],
  [
    -29.904981842116314,
    -9.064006175165114,
    84.78519335903275,
    "r"
  ],
  [
    -29.927065188826383,
    -9.177876960875688,
    85.41438030281708,
    "r"
  ],
  [
    -29.94627819535038,
    -9.29263549636265,
    86.04990559727757,
    "r"
  ],
  [
    -29.96259802078497,
    -9.408284827079768,
    86.6918377651242,
    "r"
  ],
  [
    -29.97600182422681,
    -9.524827998480827,
    87.34024532906699,
    "r"
  ],
  [
    -29.986466764772576,
    -9.642268056019601,
    87.99519681181596,
    "r"
  ],
  [
    -29.993970001518917,
    -9.760608045149867,
    88.65676073608111,
    "r"
  ],
  [
    -29.998488693562507,
    -9.879851011325409,
    89.32500562457244,
    "r"
  ],
  [
    -30.0,
    -10.0,
    90.0,
    "r"
  ]
]