[
  [
    0.0,
    0.0,
    0.0,
    "r"
  ],
  [
    -0.10560288627806086,
    0.0,
    0.0,
    "r"
  ],
  [
    -0.21135423842781492,
    0.0,
    0.0,
    "r"
  ],
  [
    -0.317251010995484,
    0.0,
    0.0,
    "r"
  ],
  [
    -0.42329015852728963,
    0.0,
    0.0,
    "r"
  ],
  [
    -0.5294686355694536,
    0.0,
    0.0,
    "r"
  ],
  [
    -0.6357833966681974,
    0.0,
    0.0,
    "r"
  ],
  [
    -0.742231396369743,
    0.0,
    0.0,
    "r"
  ],
  [
    -0.8488095892203117,
    0.0,
    0.0,
    "r"
  ],
  [
    -0.9555149297661257,
    0.0,
    0.0,
    "r"
  ],
  [
    -1.0623443725534063,
    0.0,
    0.0,
    "r"
  ],
  [
    -1.169294872128375,
    0.0,
    0.0,
    "r"
  ],
  [
    -1.2763633830372538,
    0.0,
    0.0,
    "r"
  ],
  [
    -1.3835468598262648,
    0.0,
    0.0,
    "r"
  ],
  [
    -1.4908422570416286,
    0.0,
    0.0,
    "r"
  ],
  [
    -1.5982465292295678,
    0.0,
    0.0,
    "r"
  ],
  [
    -1.705756630936303,
    0.0,
    0.0,
    "r"
  ],
  [
    -1.813369516708057,
    0.0,
    0.0,
    "r"
  ],
  [
    -1.921082141091052,
    0.0,
    0.0,
    "r"
  ],
  [
    -2.028891458631507,
    0.0,
    0.0,
    "r"
  ],
  [
    -2.136794423875647,
    0.0,
    0.0,
    "r"
  ],
  [
    -2.2447879913696918,
    0.0,
    0.0,
    "r"
  ],
  [
    -2.352869115659863,
    0.0,
    0.0,
    "r"
  ],
  [
    -2.461034751292383,
    0.0,
    0.0,
    "r"
  ],
  [
    -2.5692818528134724,
    0.0,
    0.0,
    "r"
  ],
  [
    -2.6776073747693543,
    0.0,
    0.0,
    "r"
  ],
  [
    -2.78600827170625,
    0.0,
    0.0,
    "r"
  ],
  [
    -2.8944814981703804,
    0.0,
    0.0,
    "r"
  ],
  [
    -3.0030240087079676,
    0.0,
    0.0,
    "r"
  ],
  [
    -3.111632757865233,
    0.0,
    0.0,
    "r"
  ],
  [
    -3.2203047001883998,
    0.0,
    0.0,
    "r"
  ],
  [
    -3.3290367902236877,
    0.0,
    0.0,
    "r"
  ],
  [
    -3.437825982517319,
    0.0,
    0.0,
    "r"
  ],
  [
    -3.5466692316155153,
    0.0,
    0.0,
    "r"
  ],
  [
    -3.6555634920644993,
    0.0,
    0.0,
    "r"
  ],
  [
    -3.7645057184104918,
    0.0,
    0.0,
    "r"
  ],
  [
    -3.873492865199714,
    0.0,
    0.0,
    "r"
  ],
  [
    -3.982521886978388,
    0.0,
    0.0,
    "r"
  ],
  [
    -4.091589738292737,
    0.0,
    0.0,
    "r"
  ],
  [
    -4.2006933736889795,
    0.0,
    0.0,
    "r"
  ],
  [
    -4.309829747713341,
    0.0,
    0.0,
    "r"
  ],
  [
    -4.418995814912039,
    0.0,
    0.0,
    "r"
  ],
  [
    -4.528188529831298,
    0.0,
    0.0,
    "r"
  ],
  [
    -4.63740484701734,
    0.0,
    0.0,
    "r"
  ],
  [
    -4.746641721016384,
    0.0,
    0.0,
    "r"
  ],
  [
    -4.855896106374655,
    0.0,
    0.0,
    "r"
  ],
  [
    -4.965164957638372,
    0.0,
    0.0,
    "r"
  ],
  [
    -5.074445229353759,
    0.0,
    0.0,
    "r"
  ],
  [
    -5.183733876067035,
    0.0,
    0.0,
    "r"
  ],
  [
    -5.293027852324424,
    0.0,
    0.0,
    "r"
  ],
  [
    -5.4023241126721455,
    0.0,
    0.0,
    "r"
  ],
  [
    -5.511619611656423,
    0.0,
    0.0,
    "r"
  ],
  [
    -5.620911303823478,
    0.0,
    0.0,
    "r"
  ],
  [
    -5.730196143719532,
    0.0,
    0.0,
    "r"
  ],
  [
    -5.839471085890805,
    0.0,
    0.0,
    "r"
  ],
  [
    -5.948733084883523,
    0.0,
    0.0,
    "r"
  ],
  [
    -6.057979095243902,
    0.0,
    0.0,
    "r"
  ],
  [
    -6.1672060715181685,
    0.0,
    0.0,
    "r"
  ],
  [
    -6.2764109682525415,
    0.0,
    0.0,
    "r"
  ],
  [
    -6.3855907399932414,
    0.0,
    0.0,
    "r"
  ],
  [
    -6.4947423412864955,
    0.0,
    0.0,
    "r"
  ],
  [
    -6.603862726678518,
    0.0,
    0.0,
    "r"
  ],
  [
    -6.712948850715536,
    0.0,
    0.0,
    "r"
  ],
  [
    -6.821997667943769,
    0.0,
    0.0,
    "r"
  ],
  [
    -6.931006132909438,
    0.0,
    0.0,
    "r"
  ],
  [
    -7.039971200158772,
    0.0,
    0.0,
    "r"
  ],
  [
    -7.14888982423798,
    0.0,
    0.0,
    "r"
  ],
  [
    -7.257758959693293,
    0.0,
    0.0,
    "r"
  ],
  [
    -7.366575561070929,
    0.0,
    0.0,
    "r"
  ],
  [
    -7.47533658291711,
    0.0,
    0.0,
    "r"
  ],
  [
    -7.584038979778062,
    0.0,
    0.0,
    "r"
  ],
  [
    -7.692679706199998,
    0.0,
    0.0,
    "r"
  ],
  [
    -7.801255716729147,
    0.0,
    0.0,
    "r"
  ],
  [
    -7.909763965911729,
    0.0,
    0.0,
    "r"
  ],
  [
    -8.018201408293962,
    0.0,
    0.0,
    "r"
  ],
  [
    -8.126564998422076,
    0.0,
    0.0,
    "r"
  ],
  [
    -8.234851690842282,
    0.0,
    0.0,
    "r"
  ],
  [
    -8.34305844010081,
    0.0,
    0.0,
    "r"
  ],
  [
    -8.45118220074388,
    0.0,
    0.0,
    "r"
  ],
  [
    -8.559219927317708,
    0.0,
    0.0,
    "r"
  ],
  [
    -8.667168574368525,
    0.0,
    0.0,
    "r"
  ],
  [
    -8.77502509644254,
    0.0,
    0.0,
    "r"
  ],
  [
    -8.88278644808599,
    0.0,
    0.0,
    "r"
  ],
  [
    -8.990449583845088,
    0.0,
    0.0,
    "r"
  ],
  [
    -9.098011458266052,
    0.0,
    0.0,
    "r"
  ],
  [
    -9.205469025895114,
    0.0,
    0.0,
    "r"
  ],
  [
    -9.312819241278486,
    0.0,
    0.0,
    "r"
  ],
  [
    -9.420059058962398,
    0.0,
    0.0,
    "r"
  ],
  [
    -9.527185433493065,
    0.0,
    0.0,
    "r"
  ],
  [
    -9.634195319416708,
    0.0,
    0.0,
    "r"
  ],
  [
    -9.741085671279558,
    0.0,
    0.0,
    "r"
  ],
  [
    -9.847853443627825,
    0.0,
    0.0,
    "r"
  ],
  [
    -9.954495591007738,
    0.0,
    0.0,
    "r"
  ],
  [
    -10.06100906796552,
    0.0,
    0.0,
    "r"
  ],
  [
    -10.167390829047385,
    0.0,
    0.0,
    "r"
  ],
  [
    -10.273637828799563,
    0.0,
    0.0,
    "r"
  ],
  [
    -10.379747021768269,
    0.0,
    0.0,
    "r"
  ],
  [
    -10.485715362499729,
    0.0,
    0.0,
    "r"
  ],
  [
    -10.591539805540165,
    0.0,
    0.0,
    "r"
  ],
  [
    -10.697217305435792,
    0.0,
    0.0,
    "r"
  ],
  [
    -10.802744816732837,
    0.0,
    0.0,
    "r"
  ],
  [
    -10.908119293977526,
    0.0,
    0.0,
    "r"
  ],
  [
    -11.013337691716073,
    0.0,
    0.0,
    "r"
  ],
  [
    -11.118396964494705,
    0.0,
    0.0,
    "r"
  ],
  [
    -11.22329406685964,
    0.0,
    0.0,
    "r"
  ],
  [
    -11.328025953357098,
    0.0,
    0.0,
    "r"
  ],
  [
    -11.432589578533305,
    0.0,
    0.0,
    "r"
  ],
  [
    -11.536981896934483,
    0.0,
    0.0,
    "r"
  ],
  [
    -11.641199863106854,
    0.0,
    0.0,
    "r"
  ],
  [
    -11.745240431596633,
    0.0,
    0.0,
    "r"
  ],
  [
    -11.84910055695005,
    0.0,
    0.0,
    "r"
  ],
  [
    -11.95277719371332,
    0.0,
    0.0,
    "r"
  ],
  [
    -12.05626729643267,
    0.0,
    0.0,
    "r"
  ],
  [
    -12.159567819654317,
    0.0,
    0.0,
    "r"
  ],
  [
    -12.262675717924488,
    0.0,
    0.0,
    "r"
  ],
  [
    -12.3655879457894,
    0.0,
    0.0,
    "r"
  ],
  [
    -12.468301457795278,
    0.0,
    0.0,
    "r"
  ],
  [
    -12.570813208488339,
    0.0,
    0.0,
    "r"
  ],
  [
    -12.67312015241481,
    0.0,
    0.0,
    "r"
  ],
  [
    -12.77521924412091,
    0.0,
    0.0,
    "r"
  ],
  [
    -12.877107438152862,
    0.0,
    0.0,
    "r"
  ],
  [
    -12.978781689056884,
    0.0,
    0.0,
    "r"
  ],
  [
    -13.080238951379203,
    0.0,
    0.0,
    "r"
  ],
  [
    -13.181476179666038,
    0.0,
    0.0,
    "r"
  ],
  [
    -13.28249032846361,
    0.0,
    0.0,
    "r"
  ],
  [
    -13.383278352318142,
    0.0,
    0.0,
    "r"
  ],
  [
    -13.483837205775856,
    0.0,
    0.0,
    "r"
  ],
  [
    -13.58416384338297,
    0.0,
    0.0,
    "r"
  ],
  [
    -13.684255219685713,
    0.0,
    0.0,
    "r"
  ],
  [
    -13.784108289230298,
    0.0,
    0.0,
    "r"
  ],
  [
    -13.883720006562953,
    0.0,
    0.0,
    "r"
  ],
  [
    -13.983087326229896,
    0.0,
    0.0,
    "r"
  ],
  [
    -14.08220720277735,
    0.0,
    0.0,
    "r"
  ],
  [
    -14.181076590751541,
    0.0,
    0.0,
    "r"
  ],
  [
    -14.279692444698684,
    0.0,
    0.0,
    "r"
  ],
  [
    -14.378051719165004,
    0.0,
    0.0,
    "r"
  ],
  [
    -14.47615136869672,
    0.0,
    0.0,
    "r"
  ],
  [
    -14.573988347840057,
    0.0,
    0.0,
    "r"
  ],
  [
    -14.671559611141234,
    0.0,
    0.0,
    "r"
  ],
  [
    -14.768862113146476,
    0.0,
    0.0,
    "r"
  ],
  [
    -14.865892808402002,
    0.0,
    0.0,
    "r"
  ],
  [
    -14.962648651454034,
    0.0,
    0.0,
    "r"
  ],
  [
    -15.059126596848792,
    0.0,
    0.0,
    "r"
  ],
  [
    -15.155323599132501,
    0.0,
    0.0,
    "r"
  ],
  [
    -15.251236612851384,
    0.0,
    0.0,
    "r"
  ],
  [
    -15.346862592551659,
    0.0,
    0.0,
    "r"
  ],
  [
    -15.442198492779546,
    0.0,
    0.0,
    "r"
  ],
  [
    -15.53724126808127,
    0.0,
    0.0,
    "r"
  ],
  [
    -15.631987873003055,
    0.0,
    0.0,
    "r"
  ],
  [
    -15.726435262091117,
    0.0,
    0.0,
    "r"
  ],
  [
    -15.820580389891685,
    0.0,
    0.0,
    "r"
  ],
  [
    -15.91442021095097,
    0.0,
    0.0,
    "r"
  ],
  [
    -16.0079516798152,
    0.0,
    0.0,
    "r"
  ],
  [
    -16.1011717510306,
    0.0,
    0.0,
    "r"
  ],
  [
    -16.194077379143387,
    0.0,
    0.0,
    "r"
  ],
  [
    -16.286665518699785,
    0.0,
    0.0,
    "r"
  ],
  [
    -16.378933124246014,
    0.0,
    0.0,
    "r"
  ],
  [
    -16.470877150328292,
    0.0,
    0.0,
    "r"
  ],
  [
    -16.56249455149285,
    0.0,
    0.0,
    "r"
  ],
  [
    -16.653782282285903,
    0.0,
    0.0,
    "r"
  ],
  [
    -16.744737297253675,
    0.0,
    0.0,
    "r"
  ],
  [
    -16.835356550942386,
    0.0,
    0.0,
    "r"
  ],
  [
    -16.925636997898255,
    0.0,
    0.0,
    "r"
  ],
  [
    -17.01557559266751,
    0.0,
    0.0,
    "r"
  ],
  [
    -17.105169289796372,
    0.0,
    0.0,
    "r"
  ],
  [
    -17.194415043831057,
    0.0,
    0.0,
    "r"
  ],
  [
    -17.283309809317796,
    0.0,
    0.0,
    "r"
  ],
  [
    -17.371850540802797,
    0.0,
    0.0,
    "r"
  ],
  [
    -17.460034192832296,
    0.0,
    0.0,
    "r"
  ],
  [
    -17.547857719952507,
    0.0,
    0.0,
    "r"
  ],
  [
    -17.635318076709652,
    0.0,
    0.0,
    "r"
  ],
  [
    -17.722412217649953,
    0.0,
    0.0,
    "r"
  ],
  [
    -17.80913709731963,
    0.0,
    0.0,
    "r"
  ],
  [
    -17.89548967026491,
    0.0,
    0.0,
    "r"
  ],
  [
    -17.981466891032014,
    0.0,
    0.0,
    "r"
  ],
  [
    -18.067065714167157,
    0.0,
    0.0,
    "r"
  ],
  [
    -18.15228309421657,
    0.0,
    0.0,
    "r"
  ],
  [
    -18.237115985726465,
    0.0,
    0.0,
    "r"
  ],
  [
    -18.32156134324307,
    0.0,
    0.0,
    "r"
  ],
  [
    -18.405616121312605,
    0.0,
    0.0,
    "r"
  ],
  [
    -18.489277274481292,
    0.0,
    0.0,
    "r"
  ],
  [
    -18.572541757295355,
    0.0,
    0.0,
    "r"
  ],
  [
    -18.655406524301007,
    0.0,
    0.0,
    "r"
  ],
  [
    -18.73786853004448,
    0.0,
    0.0,
    "r"
  ],
  [
    -18.819924729071992,
    0.0,
    0.0,
    "r"
  ],
  [
    -18.901572075929764,
    0.0,
    0.0,
    "r"
  ],
  [
    -18.982807525164016,
    0.0,
    0.0,
    "r"
  ],
  [
    -19.06362803132097,
    0.0,
    0.0,
    "r"
  ],
  [
    -19.144030548946848,
    0.0,
    0.0,
    "r"
  ],
  [
    -19.22401203258788,
    0.0,
    0.0,
    "r"
  ],
  [
    -19.303569436790273,
    0.0,
    0.0,
    "r"
  ],
  [
    -19.382699716100262,
    0.0,
    0.0,
    "r"
  ],
  [
    -19.461399825064056,
    0.0,
    0.0,
    "r"
  ],
  [
    -19.539666718227892,
    0.0,
    0.0,
    "r"
  ],
  [
    -19.617497350137977,
    0.0,
    0.0,
    "r"
  ],
  [
    -19.694888675340543,
    0.0,
    0.0,
    "r"
  ],
  [
    -19.77183764838181,
    0.0,
    0.0,
    "r"
  ],
  [
    -19.848341223807985,
    0.0,
    0.0,
    "r"
  ],
  [
    -19.924396356165314,
    0.0,
    0.0,
    "r"
  ],
  [
    -20.0,
    0.0,
    0.0,
    "r"
  ]
]