[
  [
    0.0,
    0.0,
    0.0,
    "r"
  ],
  [
    -0.1515075186543561,
    -0.00015201890110129953,
    0.6783862495731606,
    "r"
  ],
  [
    -0.3045073096600905,
    -0.0006101059069240801,
    1.356738237791315,
    "r"
  ],
  [
    -0.458976532113866,
    -0.0013773064712466652,
    2.0350217032994578,
    "r"
  ],
  [
    -0.6148923451123449,
    -0.0024566660478473785,
    2.7132023847425812,
    "r"
  ],
  [
    -0.77223190775219,
    -0.003851230090504542,
    3.3912460207656805,
    "r"
  ],
  [
    -0.9309723791300636,
    -0.0055640440529964785,
    4.069118350013749,
    "r"
  ],
  [
    -1.0910909183426287,
    -0.007598153389101514,
    4.746785111131781,
    "r"
  ],
  [
    -1.2525646844865472,
    -0.009956603552597969,
    5.42421204276477,
    "r"
  ],
  [
    -1.4153708366584823,
    -0.012642439997264169,
    6.10136488355771,
    "r"
  ],
  [
    -1.5794865339550967,
    -0.015658708176878436,
    6.778209372155595,
    "r"
  ],
  [
    -1.7448889354730523,
    -0.01900845354521909,
    7.454711247203418,
    "r"
  ],
  [
    -1.9115552003090117,
    -0.02269472155606445,
    8.13083624734617,
    "r"
  ],
  [
    -2.079462487559639,
    -0.026720557663192868,
    8.806550111228857,
    "r"
  ],
  [
    -2.2485879563215945,
    -0.03108900732038263,
    9.481818577496458,
    "r"
  ],
  [
    -2.4189087656915427,
    -0.03580311598141208,
    10.156607384793974,
    "r"
  ],
  [
    -2.5904020747661436,
    -0.040865929100059525,
    10.830882271766397,
    "r"
  ],
  [
    -2.7630450426420627,
    -0.0462804921301033,
    11.504608977058721,
    "r"
  ],
  [
    -2.936814828415962,
    -0.052049850525321746,
    12.177753239315946,
    "r"
  ],
  [
    -3.1116885911845023,
    -0.058177049739493156,
    12.850280797183053,
    "r"
  ],
  [
    -3.287643490044348,
    -0.06466513522639587,
    13.52215738930505,
    "r"
  ],
  [
    -3.464656684092161,
    -0.07151715243980819,
    14.193348754326923,
    "r"
  ],
  [
    -3.6427053324246037,
    -0.07873614683350848,
    14.863820630893667,
    "r"
  ],
  [
    -3.8217665941383396,
    -0.086325163861275,
    15.533538757650277,
    "r"
  ],
  [
    -4.001817628330029,
    -0.09428724897688615,
    16.20246887324174,
    "r"
  ],
  [
    -4.182835594096336,
    -0.10262544763412018,
    16.870576716313064,
    "r"
  ],
  [
    -4.364797650533926,
    -0.1113428052867555,
    17.53782802550923,
    "r"
  ],
  [
    -4.547680956739456,
    -0.12044236738857035,
    18.20418853947524,
    "r"
  ],
  [
    -4.7314626718095925,
    -0.12992717939334308,
    18.869623996856077,
    "r"
  ],
  [
    -4.916119954840997,
    -0.139800286754852,
    19.534100136296747,
    "r"
  ],
  [
    -5.101629964930332,
    -0.15006473492687553,
    20.197582696442243,
    "r"
  ],
  [
    -5.287969861174259,
    -0.16072356936319182,
    20.860037415937548,
    "r"
  ],
  [
    -5.475116802669441,
    -0.1717798355175793,
    21.521430033427663,
    "r"
  ],
  [
    -5.663047948512544,
    -0.18323657884381628,
    22.181726287557584,
    "r"
  ],
  [
    -5.851740457800227,
    -0.19509684479568112,
    22.840891916972303,
    "r"
  ],
  [
    -6.041171489629152,
    -0.20736367882695214,
    23.498892660316812,
    "r"
  ],
  [
    -6.2313182030959835,
    -0.22004012639140758,
    24.15569425623611,
    "r"
  ],
  [
    -6.422157757297383,
    -0.23312923294282578,
    24.81126244337518,
    "r"
  ],
  [
    -6.6136673113300155,
    -0.24663404393498517,
    25.46556296037903,
    "r"
  ],
  [
    -6.805824024290539,
    -0.26055760482166396,
    26.11856154589264,
    "r"
  ],
  [
    -6.998605055275622,
    -0.2749029610566405,
    26.770223938561017,
    "r"
  ],
  [
    -7.191987563381921,
    -0.28967315809369315,
    27.420515877029143,
    "r"
  ],
  [
    -7.385948707706102,
    -0.30487124138660016,
    28.06940309994202,
    "r"
  ],
  [
    -7.580465647344829,
    -0.3205002563891399,
    28.716851345944644,
    "r"
  ],
  [
    -7.775515541394759,
    -0.33656324855509084,
    29.362826353681992,
    "r"
  ],
  [
    -7.971075548952561,
    -0.353063263338231,
    30.007293861799084,
    "r"
  ],
  [
    -8.167122829114893,
    -0.37000334619233893,
    30.65021960894089,
    "r"
  ],
  [
    -8.36363454097842,
    -0.38738654257119287,
    31.29156933375242,
    "r"
  ],
  [
    -8.560587843639805,
    -0.40521589792857116,
    31.93130877487866,
    "r"
  ],
  [
    -8.757959896195707,
    -0.42349445771825217,
    32.569403670964604,
    "r"
  ],
  [
    -8.95572785774279,
    -0.44222526739401397,
    33.205819760655245,
    "r"
  ],
  [
    -9.153868887377723,
    -0.4614113724096353,
    33.84052278259558,
    "r"
  ],
  [
    -9.35236014419716,
    -0.4810558182188943,
    34.47347847543061,
    "r"
  ],
  [
    -9.551178787297768,
    -0.5011616502755691,
    35.10465257780532,
    "r"
  ],
  [
    -9.750301975776207,
    -0.5217319140334383,
    35.734010828364696,
    "r"
  ],
  [
    -9.949706868729143,
    -0.5427696549462803,
    36.36151896575376,
    "r"
  ],
  [
    -10.149370625253232,
    -0.5642779184678728,
    36.98714272861746,
    "r"
  ],
  [
    -10.349270404445145,
    -0.5862597500519949,
    37.610847855600824,
    "r"
  ],
  [
    -10.54938336540154,
    -0.6087181951524243,
    38.23260008534885,
    "r"
  ],
  [
    -10.749686667219079,
    -0.6316562992229398,
    38.8523651565065,
    "r"
  ],
  [
    -10.950157468994428,
    -0.6550771077173196,
    39.47010880771881,
    "r"
  ],
  [
    -11.150772929824242,
    -0.6789836660893416,
    40.08579677763074,
    "r"
  ],
  [
    -11.351510208805195,
    -0.7033790197927848,
    40.6993948048873,
    "r"
  ],
  [
    -11.552346465033938,
    -0.728266214281427,
    41.31086862813346,
    "r"
  ],
  [
    -11.753258857607143,
    -0.7536482950090468,
    41.92018398601425,
    "r"
  ],
  [
    -11.954224545621472,
    -0.7795283074294228,
    42.52730661717467,
    "r"
  ],
  [
    -12.155220688173577,
    -0.8059092969963323,
    43.13220226025965,
    "r"
  ],
  [
    -12.35622444436013,
    -0.8327943091635548,
    43.73483665391426,
    "r"
  ],
  [
    -12.557212973277792,
    -0.8601863893848678,
    44.33517553678344,
    "r"
  ],
  [
    -12.758163434023224,
    -0.88808858311405,
    44.9331846475122,
    "r"
  ],
  [
    -12.959052985693095,
    -0.9165039358048799,
    45.52882972474555,
    "r"
  ],
  [
    -13.159858787384055,
    -0.9454354929111353,
    46.122076507128455,
    "r"
  ],
  [
    -13.360557998192778,
    -0.974886299886595,
    46.71289073330593,
    "r"
  ],
  [
    -13.561127777215919,
    -1.0048594021850368,
    47.30123814192297,
    "r"
  ],
  [
    -13.761545283550145,
    -1.0353578452602397,
    47.887084471624554,
    "r"
  ],
  [
    -13.96178767629212,
    -1.066384674565982,
    48.470395461055695,
    "r"
  ],
  [
    -14.161832114538502,
    -1.0979429355560408,
    49.05113684886136,
    "r"
  ],
  [
    -14.361655757385954,
    -1.1300356736841959,
    49.62927437368657,
    "r"
  ],
  [
    -14.561235763931146,
    -1.1626659344042252,
    50.20477377417632,
    "r"
  ],
  [
    -14.760549293270726,
    -1.1958367631699063,
    50.77760078897555,
    "r"
  ],
  [
    -14.959573504501375,
    -1.2295512054350186,
    51.34772115672934,
    "r"
  ],
  [
    -15.158285556719736,
    -1.2638123066533393,
    51.91510061608261,
    "r"
  ],
  [
    -15.356662609022488,
    -1.2986231122786478,
    52.4797049056804,
    "r"
  ],
  [
    -15.554681820506287,
    -1.3339866677647223,
    53.041499764167675,
    "r"
  ],
  [
    -15.752320350267789,
    -1.3699060185653398,
    53.60045093018944,
    "r"
  ],
  [
    -15.949555357403671,
    -1.4063842101342807,
    54.1565241423907,
    "r"
  ],
  [
    -16.146364001010582,
    -1.4434242879253212,
    54.70968513941642,
    "r"
  ],
  [
    -16.342723440185196,
    -1.4810292973922414,
    55.25989965991164,
    "r"
  ],
  [
    -16.538610834024166,
    -1.5192022839888188,
    55.80713344252131,
    "r"
  ],
  [
    -16.734003341624156,
    -1.5579462931688313,
    56.35135222589043,
    "r"
  ],
  [
    -16.92887812208184,
    -1.5972643703860583,
    56.89252174866404,
    "r"
  ],
  [
    -17.12321233449386,
    -1.6371595610942768,
    57.430607749487066,
    "r"
  ],
  [
    -17.316983137956896,
    -1.6776349107472668,
    57.96557596700454,
    "r"
  ],
  [
    -17.51016769156761,
    -1.7186934647988057,
    58.497392139861454,
    "r"
  ],
  [
    -17.70274315442265,
    -1.7603382687026707,
    59.026022006702775,
    "r"
  ],
  [
    -17.894686685618698,
    -1.8025723679126422,
    59.55143130617357,
    "r"
  ],
  [
    -18.085975444252394,
    -1.8453988078824968,
    60.073585776918726,
    "r"
  ],
  [
    -18.276586589420422,
    -1.8888206340660143,
    60.59245115758332,
    "r"
  ],
  [
    -18.466497280219436,
    -1.9328408919169728,
    61.10799318681233,
    "r"
  ],
  [
    -18.655684675746095,
    -1.9774626268891489,
    61.62017760325071,
    "r"
  ],
  [
    -18.84412593509706,
    -2.022688884436322,
    62.1289701455435,
    "r"
  ],
  [
    -19.03179821736901,
    -2.068522710012272,
    62.63433655233567,
    "r"
  ],
  [
    -19.218678681658588,
    -2.114967149070775,
    63.13624256227223,
    "r"
  ],
  [
    -19.40474448706247,
    -2.1620252470656105,
    63.634653913998164,
    "r"
  ],
  [
    -19.589972792677308,
    -2.2097000494505563,
    64.12953634615846,
    "r"
  ],
  [
    -19.77434075759977,
    -2.25799460167939,
    64.62085559739812,
    "r"
  ],
  [
    -19.957825540926518,
    -2.306911949205891,
    65.10857740636213,
    "r"
  ],
  [
    -20.14040430175422,
    -2.3564551374838385,
    65.5926675116955,
    "r"
  ],
  [
    -20.322054199179533,
    -2.4066272119670096,
    66.07309165204322,
    "r"
  ],
  [
    -20.502752392299115,
    -2.457431218109182,
    66.54981556605024,
    "r"
  ],
  [
    -20.682476040209636,
    -2.5088702013641355,
    67.02280499236163,
    "r"
  ],
  [
    -20.86120230200775,
    -2.560947207185646,
    67.49202566962231,
    "r"
  ],
  [
    -21.038908336790136,
    -2.6136652810274956,
    67.95744333647735,
    "r"
  ],
  [
    -21.21557130365344,
    -2.6670274683434596,
    68.41902373157168,
    "r"
  ],
  [
    -21.391168361694334,
    -2.721036814587318,
    68.87673259355032,
    "r"
  ],
  [
    -21.565676670009477,
    -2.775696365212848,
    69.33053566105826,
    "r"
  ],
  [
    -21.73907338769553,
    -2.8310091656738274,
    69.78039867274049,
    "r"
  ],
  [
    -21.91133567384916,
    -2.8869782614240362,
    70.22628736724201,
    "r"
  ],
  [
    -22.082440687567026,
    -2.9436066979172524,
    70.66816748320782,
    "r"
  ],
  [
    -22.25236558794579,
    -3.000897520607254,
    71.1060047592829,
    "r"
  ],
  [
    -22.42108753408212,
    -3.058853774947819,
    71.53976493411224,
    "r"
  ],
  [
    -22.58858368507267,
    -3.1174785063927244,
    71.96941374634085,
    "r"
  ],
  [
    -22.75483120001411,
    -3.1767747603957512,
    72.39491693461372,
    "r"
  ],
  [
    -22.919807238003102,
    -3.2367455824106774,
    72.81624023757585,
    "r"
  ],
  [
    -23.083488958136307,
    -3.2973940178912797,
    73.23334939387222,
    "r"
  ],
  [
    -23.245853519510383,
    -3.3587231122913375,
    73.64621014214782,
    "r"
  ],
  [
    -23.406878081221997,
    -3.4207359110646283,
    74.05478822104766,
    "r"
  ],
  [
    -23.566539802367814,
    -3.483435459664931,
    74.45904936921673,
    "r"
  ],
  [
    -23.724815842044496,
    -3.5468248035460253,
    74.85895932530002,
    "r"
  ],
  [
    -23.8816833593487,
    -3.6109069881616866,
    75.25448382794252,
    "r"
  ],
  [
    -24.037119513377093,
    -3.675685058965696,
    75.64558861578924,
    "r"
  ],
  [
    -24.19110146322633,
    -3.7411620614118286,
    76.03223942748512,
    "r"
  ],
  [
    -24.343606367993093,
    -3.807341040953866,
    76.41440200167526,
    "r"
  ],
  [
    -24.494611386774025,
    -3.8742250430455862,
    76.79204207700455,
    "r"
  ],
  [
    -24.644093678665797,
    -3.9418171131407655,
    77.16512539211803,
    "r"
  ],
  [
    -24.79203040276507,
    -4.0101202966931835,
    77.5336176856607,
    "r"
  ],
  [
    -24.938398718168504,
    -4.079137639156617,
    77.89748469627753,
    "r"
  ],
  [
    -25.083175783972766,
    -4.148872185984847,
    78.25669216261352,
    "r"
  ],
  [
    -25.226338759274515,
    -4.2193269826316495,
    78.61120582331367,
    "r"
  ],
  [
    -25.36786480317042,
    -4.290505074550806,
    78.960991417023,
    "r"
  ],
  [
    -25.50773107475713,
    -4.362409507196091,
    79.30601468238645,
    "r"
  ],
  [
    -25.645914733131328,
    -4.435043326021283,
    79.64624135804905,
    "r"
  ],
  [
    -25.78239293738966,
    -4.5084095764801635,
    79.98163718265579,
    "r"
  ],
  [
    -25.917142846628792,
    -4.582511304026509,
    80.31216789485164,
    "r"
  ],
  [
    -26.050141619945386,
    -4.657351554114098,
    80.63779923328163,
    "r"
  ],
  [
    -26.181366416436113,
    -4.732933372196708,
    80.95849693659073,
    "r"
  ],
  [
    -26.31079439519762,
    -4.809259803728117,
    81.27422674342394,
    "r"
  ],
  [
    -26.43840271532659,
    -4.886333894162106,
    81.58495439242625,
    "r"
  ],
  [
    -26.56416853591967,
    -4.964158688952451,
    81.89064562224267,
    "r"
  ],
  [
    -26.688069016073523,
    -5.0427372335529315,
    82.19126617151818,
    "r"
  ],
  [
    -26.810081314884822,
    -5.122072573417326,
    82.48678177889778,
    "r"
  ],
  [
    -26.93018259145022,
    -5.202167753999412,
    82.77715818302644,
    "r"
  ],
  [
    -27.04835000486638,
    -5.2830258207529655,
    83.06236112254919,
    "r"
  ],
  [
    -27.16456071422997,
    -5.364649819131769,
    83.34235633611101,
    "r"
  ],
  [
    -27.278791878637655,
    -5.447042794589599,
    83.61710956235687,
    "r"
  ],
  [
    -27.391020657186086,
    -5.530207792580234,
    83.8865865399318,
    "r"
  ],
  [
    -27.501224208971934,
    -5.614147858557454,
    84.15075300748079,
    "r"
  ],
  [
    -27.609379693091853,
    -5.698866037975032,
    84.40957470364879,
    "r"
  ],
  [
    -27.715464268642524,
    -5.784365376286752,
    84.66301736708085,
    "r"
  ],
  [
    -27.81945509472059,
    -5.870648918946389,
    84.91104673642194,
    "r"
  ],
  [
    -27.92132933042273,
    -5.957719711407726,
    85.15362855031705,
    "r"
  ],
  [
    -28.021064134845588,
    -6.045580799124535,
    85.39072854741119,
    "r"
  ],
  [
    -28.118636667085838,
    -6.134235227550596,
    85.62231246634931,
    "r"
  ],
  [
    -28.214024086240144,
    -6.22368604213969,
    85.84834604577645,
    "r"
  ],
  [
    -28.307203551405166,
    -6.3139362883455945,
    86.06879502433762,
    "r"
  ],
  [
    -28.398152221677567,
    -6.404989011622087,
    86.28362514067777,
    "r"
  ],
  [
    -28.486847256154007,
    -6.496847257422946,
    86.49280213344188,
    "r"
  ],
  [
    -28.57326581393115,
    -6.589514071201947,
    86.69629174127499,
    "r"
  ],
  [
    -28.65738505410566,
    -6.682992498412874,
    86.89405970282209,
    "r"
  ],
  [
    -28.739182135774197,
    -6.777285584509503,
    87.08607175672815,
    "r"
  ],
  [
    -28.818634218033424,
    -6.872396374945611,
    87.27229364163816,
    "r"
  ],
  [
    -28.89571845998001,
    -6.968327915174977,
    87.45269109619713,
    "r"
  ],
  [
    -28.970412020710608,
    -7.0650832506513765,
    87.62722985905006,
    "r"
  ],
  [
    -29.042692059321887,
    -7.162665426828594,
    87.79587566884193,
    "r"
  ],
  [
    -29.11253573491051,
    -7.261077489160406,
    87.95859426421774,
    "r"
  ],
  [
    -29.17992020657313,
    -7.360322483100587,
    88.11535138382247,
    "r"
  ],
  [
    -29.244822633406418,
    -7.460403454102919,
    88.26611276630115,
    "r"
  ],
  [
    -29.307220174507037,
    -7.561323447621176,
    88.41084415029871,
    "r"
  ],
  [
    -29.367089988971646,
    -7.663085509109141,
    88.54951127446023,
    "r"
  ],
  [
    -29.424409235896917,
    -7.7656926840205935,
    88.68207987743062,
    "r"
  ],
  [
    -29.4791550743795,
    -7.869148017809307,
    88.80851569785494,
    "r"
  ],
  [
    -29.53130466351606,
    -7.973454555929062,
    88.92878447437816,
    "r"
  ],
  [
    -29.58083516240326,
    -8.078615343833633,
    89.04285194564525,
    "r"
  ],
  [
    -29.627723730137774,
    -8.184633426976808,
    89.15068385030122,
    "r"
  ],
  [
    -29.671947525816247,
    -8.291511850812356,
    89.2522459269911,
    "r"
  ],
  [
    -29.713483708535357,
    -8.39925366079406,
    89.3475039143598,
    "r"
  ],
  [
    -29.75230943739175,
    -8.507861902375696,
    89.4364235510524,
    "r"
  ],
  [
    -29.788401871482105,
    -8.617339621011041,
    89.51897057571385,
    "r"
  ],
  [
    -29.821738169903078,
    -8.727689862153879,
    89.59511072698916,
    "r"
  ],
  [
    -29.85229549175132,
    -8.838915671257984,
    89.66480974352329,
    "r"
  ],
  [
    -29.88005099612352,
    -8.951020093777135,
    89.72803336396129,
    "r"
  ],
  [
    -29.904981842116314,
    -9.064006175165114,
    89.78474732694812,
    "r"
  ],
  [
    -29.927065188826383,
    -9.177876960875688,
    89.83491737112877,
    "r"
  ],
  [
    -29.94627819535038,
    -9.29263549636265,
    89.87850923514824,
    "r"
  ],
  [
    -29.96259802078497,
    -9.408284827079768,
    89.91548865765154,
    "r"
  ],
  [
    -29.97600182422681,
    -9.524827998480827,
    89.94582137728362,
    "r"
  ],
  [
    -29.986466764772576,
    -9.642268056019601,
    89.96947313268953,
    "r"
  ],
  [
    -29.993970001518917,
    -9.760608045149867,
    89.98640966251423,
    "r"
  ],
  [
    -29.998488693562507,
    -9.879851011325409,
    89.99659670540272,
    "r"
  ],
  [
    -30.0,
    -10.0,
    90.0,
    "r"
  ]
]