--start--
[0.00, -0.11]
[0.00, -0.11]
[0.00, -0.11]
[0.00, -0.11]
[0.00, -0.11]
[0.08, -0.22]
[0.08, -0.22]
[0.00, -0.22]
[0.00, -0.33]
[-0.08, -0.45]
[-0.08, -0.56]
[-0.16, -0.67]
[-0.25, -0.78]
[-0.33, -1.00]
[-0.41, -1.22]
[-0.49, -1.45]
[-0.57, -1.56]
[-0.66, -1.78]
[-0.74, -2.00]
[-0.82, -2.23]
[-0.90, -2.34]
[-0.98, -2.56]
[-1.07, -2.67]
[-1.15, -2.89]
[-1.23, -3.12]
[-1.31, -3.34]
[-1.39, -3.45]
[-1.47, -3.78]
[-1.56, -3.90]
[-1.72, -4.12]
[-1.72, -4.34]
[-1.80, -4.56]
[-1.88, -4.79]
[-2.05, -5.01]
[-2.13, -5.12]
[-2.21, -5.45]
[-2.29, -5.57]
[-2.38, -5.79]
[-2.46, -6.01]
[-2.62, -6.23]
[-2.62, -6.35]
[-2.79, -6.68]
[-2.87, -6.79]
[-2.95, -7.01]
[-3.03, -7.24]
[-3.11, -7.46]
[-3.20, -7.57]
[-3.28, -7.90]
[-3.36, -8.02]
[-3.52, -8.24]
[-3.52, -8.46]
[-3.69, -8.68]
[-3.77, -8.91]
[-3.85, -9.02]
[-3.85, -9.13]
[-3.93, -9.35]
[-4.02, -9.46]
[-4.10, -9.57]
[-4.10, -9.80]
[-4.18, -9.91]
[-4.26, -10.02]
[-4.34, -10.13]
[-4.42, -10.46]
[-4.51, -10.58]
[-4.59, -10.69]
[-4.67, -10.80]
[-4.75, -11.02]
[-4.75, -11.02]
[-4.83, -11.24]
[-4.92, -11.35]
[-4.92, -11.47]
[-5.00, -11.69]
[-5.08, -11.91]
[-5.08, -11.91]
[-5.16, -12.13]
[-5.24, -12.25]
[-5.33, -12.36]
[-5.41, -12.58]
[-5.41, -12.69]
[-5.49, -12.80]
[-5.57, -12.91]
[-5.57, -13.14]
[-5.65, -13.25]
[-5.74, -13.36]
[-5.82, -13.58]
[-5.82, -13.69]
[-5.90, -13.80]
[-5.98, -14.03]
[-5.98, -14.14]
[-6.06, -14.25]
[-6.15, -14.47]
[-6.23, -14.47]
[-6.23, -14.69]
[-6.31, -14.81]
[-6.39, -14.92]
[-6.47, -15.14]
[-6.56, -15.25]
[-6.56, -15.36]
[-6.64, -15.47]
[-6.72, -15.70]
[-6.80, -15.81]
[-6.88, -15.92]
[-6.97, -16.03]
[-6.97, -16.14]
[-7.05, -16.36]
[-7.13, -16.48]
[-7.21, -16.70]
[-7.21, -16.70]
[-7.29, -16.92]
[-7.37, -17.03]
[-7.46, -17.14]
[-7.54, -17.37]
[-7.54, -17.37]
[-7.62, -17.59]
[-7.70, -17.70]
[-7.78, -17.81]
[-7.87, -17.92]
[-7.87, -18.15]
[-7.95, -18.26]
[-8.03, -18.37]
[-8.11, -18.59]
[-8.11, -18.70]
[-8.19, -18.81]
[-8.28, -19.04]
[-8.28, -19.15]
[-8.36, -19.26]
[-8.44, -19.48]
[-8.52, -19.48]
[-8.60, -19.70]
[-8.60, -19.81]
[-8.69, -19.93]
[-8.77, -20.15]
[-8.85, -20.26]
[-8.85, -20.37]
[-8.93, -20.48]
[-9.01, -20.71]
[-9.10, -20.82]
[-9.10, -20.93]
[-9.18, -21.15]
[-9.26, -21.15]
[-9.26, -21.37]
[-9.42, -21.60]
[-9.42, -21.60]
[-9.51, -21.71]
[-9.59, -21.93]
[-9.59, -21.93]
[-9.67, -22.15]
[-9.75, -22.38]
[-9.83, -22.49]
[-9.83, -22.49]
[-9.92, -22.71]
[-9.92, -22.71]
[-10.00, -22.93]
[-10.08, -23.15]
[-10.08, -23.15]
[-10.16, -23.27]
[-10.24, -23.60]
[-10.24, -23.60]
[-10.32, -23.71]
[-10.41, -23.93]
[-10.41, -23.93]
[-10.49, -24.16]
[-10.57, -24.27]
[-10.57, -24.27]
[-10.65, -24.49]
[-10.82, -24.71]
[-10.82, -24.71]
[-10.90, -24.82]
[-10.98, -25.05]
[-10.98, -25.05]
[-10.98, -25.16]
[-11.14, -25.49]
[-11.14, -25.49]
[-11.23, -25.60]
[-11.31, -25.83]
[-11.31, -25.83]
[-11.39, -25.94]
[-11.47, -26.16]
[-11.47, -26.16]
[-11.55, -26.38]
[-11.72, -26.49]
[-11.72, -26.49]
[-11.80, -26.72]
[-11.88, -26.94]
[-11.88, -26.94]
[-11.96, -27.05]
[-12.05, -27.27]
[-12.05, -27.27]
[-12.13, -27.38]
[-12.21, -27.72]
[-12.21, -27.72]
[-12.29, -27.83]
[-12.37, -28.05]
[-12.37, -28.05]
[-12.46, -28.16]
[-12.54, -28.39]
[-12.54, -28.39]
[-12.62, -28.61]
[-12.70, -28.83]
[-12.70, -28.83]
[-12.70, -28.94]
[-12.78, -29.17]
[-12.78, -29.17]
[-12.78, -29.28]
[-12.86, -29.50]
[-12.86, -29.50]
[-12.86, -29.61]
[-12.95, -29.83]
[-12.95, -29.94]
[-12.95, -29.94]
[-12.95, -30.17]
[-12.95, -30.17]
[-12.95, -30.28]
[-12.95, -30.39]
[-12.95, -30.39]
[-13.03, -30.50]
[-13.03, -30.72]
[-13.03, -30.72]
[-13.03, -30.84]
[-13.03, -30.95]
[-13.03, -30.95]
[-13.03, -31.06]
[-12.95, -31.28]
[-12.95, -31.28]
[-12.95, -31.39]
[-12.95, -31.50]
[-12.95, -31.50]
[-12.86, -31.61]
[-12.86, -31.73]
[-12.86, -31.73]
[-12.86, -31.84]
[-12.78, -31.95]
[-12.78, -31.95]
[-12.78, -32.06]
[-12.78, -32.17]
[-12.78, -32.17]
[-12.70, -32.28]
[-12.70, -32.39]
[-12.70, -32.39]
[-12.62, -32.39]
[-12.62, -32.62]
[-12.62, -32.62]
[-12.54, -32.62]
[-12.46, -32.73]
[-12.46, -32.84]
[-12.46, -32.84]
[-12.37, -32.95]
[-12.37, -32.95]
[-12.37, -33.06]
[-12.29, -33.17]
[-12.29, -33.17]
[-12.29, -33.17]
[-12.21, -33.28]
[-12.21, -33.28]
[-12.13, -33.28]
[-12.13, -33.28]
[-12.13, -33.28]
[-12.13, -33.28]
[-12.21, -33.40]
[-12.21, -33.40]
[-12.21, -33.40]
[-12.21, -33.40]
[-12.21, -33.40]
[-12.21, -33.40]
[-12.21, -33.28]
[-12.21, -33.28]
[-12.21, -33.28]
[-12.21, -33.28]
[-12.21, -33.28]
[-12.21, -33.28]
[-12.21, -33.28]
[-12.21, -33.28]
[-12.21, -33.28]
[-12.29, -33.28]
[-12.29, -33.28]
[-12.29, -33.28]
[-12.29, -33.28]
[-12.29, -33.28]
[-12.29, -33.28]
[-12.29, -33.28]
[-12.29, -33.28]
[-12.29, -33.28]
[-12.29, -33.28]
[-12.29, -33.28]
[-12.29, -33.28]
[-12.29, -33.28]
[-12.29, -33.28]
[-12.29, -33.28]
[-12.29, -33.28]
[-12.29, -33.28]
[-12.29, -33.28]
[-12.37, -33.28]
[-12.37, -33.28]
[-12.37, -33.28]
[-12.37, -33.28]
[-12.37, -33.28]
[-12.37, -33.28]
[-12.37, -33.28]
[-12.37, -33.28]
[-12.37, -33.28]
[-12.37, -33.28]
[-12.37, -33.28]
[-12.37, -33.28]
[-12.37, -33.28]
[-12.37, -33.28]
[-12.37, -33.28]
[-12.37, -33.28]
[-12.37, -33.28]
[-12.37, -33.28]
[-12.37, -33.28]
[-12.37, -33.28]
[-12.37, -33.28]
[-12.37, -33.28]
[-12.37, -33.28]
[-12.37, -33.28]
[-12.37, -33.28]
[-12.37, -33.28]
[-12.37, -33.28]
[-12.37, -33.28]
[-12.37, -33.28]
[-12.37, -33.28]
[-12.37, -33.28]
[-12.37, -33.28]
[-12.37, -33.28]
[-12.46, -33.28]
[-12.46, -33.28]
[-12.46, -33.28]
[-12.46, -33.28]
[-12.46, -33.28]
[-12.54, -33.17]
[-12.78, -32.95]
[-13.11, -32.84]
[-13.77, -32.51]
[-14.26, -32.39]
[-15.08, -32.06]
[-15.90, -31.84]
[-17.29, -31.73]
[-18.36, -31.84]
[-20.16, -32.28]
[-21.39, -32.73]
[-23.27, -33.95]
[-24.50, -35.07]
[-26.30, -37.07]
[-27.45, -38.52]
[-29.17, -41.08]
[-30.32, -42.97]
[-32.12, -45.97]
[-33.84, -49.31]
[-34.99, -51.76]
[-36.05, -54.32]
[-37.69, -58.55]
[-39.25, -63.23]
[-40.32, -66.57]
[-41.87, -71.91]
[-43.02, -75.59]
[-44.82, -81.60]
[-46.05, -85.72]
[-47.94, -92.28]
[-49.25, -96.85]
[-51.38, -103.97]
[-52.77, -108.87]
[-54.90, -116.44]
[-56.38, -121.67]
[-58.59, -129.58]
[-60.06, -134.92]
[-62.36, -143.05]
[-63.83, -148.50]
[-66.13, -156.85]
[-67.60, -162.42]
[-69.90, -170.76]
[-71.37, -176.33]
[-73.67, -184.68]
[-75.14, -190.25]
[-77.35, -198.71]
[-78.83, -204.27]
[-81.12, -212.73]
[-82.60, -218.41]
[-84.97, -226.76]
[-86.53, -232.21]
[-88.99, -240.56]
[-90.63, -246.02]
[-93.09, -254.25]
[-94.81, -259.60]
[-97.27, -267.50]
[-98.99, -272.73]
[-101.44, -280.53]
[-103.08, -285.53]
[-105.62, -293.10]
[-107.26, -298.11]
[-109.72, -305.57]
[-111.36, -310.36]
[-113.82, -317.59]
[-115.46, -322.38]
[-117.91, -329.39]
[-119.55, -334.07]
[-122.01, -340.86]
[-123.57, -345.42]
[-125.95, -352.10]
[-127.50, -356.56]
[-129.80, -363.01]
[-131.35, -367.35]
[-133.57, -373.59]
[-135.04, -377.60]
[-137.25, -383.38]
[-138.65, -387.06]
[-140.61, -392.29]
[-141.92, -395.52]
[-143.73, -400.08]
[-144.79, -402.98]
[-146.35, -407.10]
[-147.33, -409.54]
[-148.64, -413.00]
[-149.46, -415.22]
[-149.79, -416.22]
[-149.79, -416.22]
[-149.79, -416.22]
[-149.79, -416.22]
[-149.79, -416.22]
[-149.79, -416.22]
[-149.79, -416.22]
[-149.79, -416.22]
[-149.79, -416.22]
[-149.79, -416.22]
[-149.79, -416.22]
[-149.79, -416.22]
[-149.79, -416.22]
[-149.79, -416.22]
[-149.79, -416.22]
[-149.79, -416.22]
[-149.79, -416.22]
[-149.79, -416.22]
[-149.79, -416.22]
[-149.79, -416.22]
[-149.79, -416.22]
[-149.79, -416.22]
[-149.79, -416.22]
[-149.79, -416.22]
[-149.79, -416.22]
[-149.79, -416.22]
[-149.79, -416.22]
[-149.79, -416.22]
[-149.79, -416.22]
[-149.79, -416.22]
[-149.79, -416.22]
[-149.79, -416.22]
[-149.79, -416.22]
[-149.79, -416.22]
[-149.79, -416.22]
[-149.79, -416.22]
[-149.79, -416.22]
[-149.79, -416.22]
[-149.79, -416.22]
[-149.79, -416.22]
[-149.79, -416.22]
[-149.79, -416.22]
[-149.79, -416.22]
[-149.79, -416.22]
[-149.79, -416.22]
[-149.79, -416.22]
[-149.79, -416.22]
[-149.79, -416.22]
[-149.79, -416.22]
[-149.79, -416.22]
[-149.79, -416.22]
[-149.79, -416.22]
[-149.79, -416.22]
[-149.79, -416.22]
[-149.79, -416.22]
[-149.79, -416.22]
[-149.79, -416.22]
[-149.79, -416.22]
[-149.79, -416.22]
[-149.79, -416.22]
[-149.79, -416.22]
[-149.79, -416.22]
[-149.79, -416.22]
[-149.79, -416.22]
[-149.79, -416.22]
[-149.79, -416.22]
[-149.79, -416.22]
[-149.79, -416.22]
[-149.79, -416.22]
[-149.79, -416.22]
[-149.79, -416.22]
[-149.79, -416.22]
[-149.79, -416.22]
[-149.79, -416.22]
[-149.79, -416.22]
[-149.79, -416.22]
[-149.79, -416.22]
[-149.79, -416.22]
[-149.79, -416.22]
[-149.79, -416.22]
[-149.79, -416.22]
[-149.79, -416.22]
[-149.79, -416.22]
[-149.79, -416.22]
[-149.79, -416.22]
[-149.79, -416.22]
[-149.79, -416.22]
[-149.79, -416.22]
[-149.79, -416.22]
[-149.79, -416.22]
[-149.79, -416.22]
[-149.79, -416.22]
[-149.79, -416.22]
[-149.79, -416.22]
[-149.79, -416.22]
[-149.79, -416.22]
[-149.79, -416.22]
[-149.79, -416.22]
[-149.79, -416.22]
[-149.79, -416.22]
[-149.79, -416.22]
[-149.79, -416.22]
[-149.79, -416.22]
[-149.79, -416.22]
[-149.79, -416.22]
[-149.79, -416.22]
[-149.79, -416.22]
[-149.79, -416.22]
[-149.79, -416.22]
[-149.79, -416.22]
[-149.79, -416.22]
[-149.79, -416.22]
[-149.79, -416.22]
[-149.79, -416.22]
[-149.79, -416.22]
[-149.79, -416.22]
[-149.79, -416.22]
[-149.79, -416.22]
[-149.79, -416.22]
[-149.79, -416.22]
[-149.79, -416.22]
[-149.79, -416.22]
[-149.79, -416.22]
[-149.79, -416.22]
[-149.79, -416.22]
[-149.79, -416.22]
[-149.79, -416.22]
[-149.79, -416.22]
[-149.79, -416.22]
[-149.79, -416.22]
[-149.79, -416.22]
[-149.79, -416.22]
[-149.79, -416.22]
[-149.79, -416.22]
[-149.79, -416.22]
[-149.79, -416.22]
[-149.79, -416.22]
[-149.79, -416.22]
[-149.79, -416.22]
[-149.79, -416.22]
[-149.79, -416.22]
[-149.79, -416.22]
[-149.79, -416.22]
[-149.79, -416.22]
[-149.79, -416.22]
[-149.79, -416.22]
[-149.79, -416.22]
[-149.79, -416.22]
[-149.79, -416.22]
[-149.79, -416.22]
[-149.79, -416.22]
[-149.79, -416.22]
[-149.79, -416.22]
[-149.79, -416.22]
[-149.79, -416.22]
[-149.79, -416.22]
[-149.79, -416.22]
[-149.79, -416.22]
[-149.79, -416.22]
[-149.79, -416.22]
[-149.79, -416.22]
[-149.79, -416.22]
[-149.79, -416.22]
[-149.79, -416.22]
[-149.79, -416.22]
[-149.79, -416.22]
[-149.79, -416.22]
[-149.79, -416.22]
[-149.79, -416.22]
[-149.79, -416.22]
[-149.79, -416.22]
[-149.79, -416.22]
[-149.79, -416.22]
[-149.79, -416.22]
[-149.79, -416.22]
[-149.79, -416.22]
[-155.28, -431.59]
[-155.28, -431.59]
[-155.28, -431.59]
[-155.28, -431.59]
[-155.28, -431.59]
[-155.28, -431.59]
[-155.28, -431.59]
[-155.28, -431.59]
[-155.28, -431.59]
[-155.28, -431.59]
[-155.28, -431.59]
[-155.20, -431.59]
[-155.20, -431.59]
[-155.20, -431.59]
[-155.20, -431.59]
[-155.20, -431.59]
[-155.20, -431.59]
[-155.20, -431.47]
[-155.20, -431.47]
[-155.20, -431.59]
[-155.20, -431.59]
[-155.20, -431.59]
[-155.20, -431.59]
[-155.20, -431.59]
[-155.20, -431.59]
[-155.20, -431.59]
[-155.20, -431.59]
[-155.20, -431.59]
[-155.20, -431.59]
[-155.20, -431.59]
[-155.20, -431.59]
[-155.20, -431.59]
[-155.20, -431.59]
[-155.20, -431.59]
[-155.20, -431.59]
[-155.20, -431.59]
[-155.20, -431.59]
[-155.20, -431.59]
[-155.20, -431.59]
[-155.20, -431.59]
[-155.20, -431.59]
[-155.20, -431.59]
[-155.20, -431.59]
[-155.20, -431.59]
[-155.20, -431.59]
[-155.20, -431.59]
[-155.20, -431.59]
[-155.20, -431.59]
[-155.20, -431.59]
[-155.20, -431.59]
[-155.20, -431.59]
[-155.20, -431.59]
[-155.20, -431.59]
[-155.20, -431.59]
[-155.20, -431.59]
[-155.20, -431.59]
[-155.20, -431.59]
[-155.20, -431.59]
[-155.20, -431.59]
[-155.28, -431.59]
[-155.28, -431.59]
[-155.28, -431.59]
[-155.28, -431.59]
[-155.28, -431.59]
[-155.28, -431.59]
[-155.28, -431.59]
[-155.28, -431.59]
[-155.28, -431.59]
[-155.28, -431.59]
[-155.28, -431.59]
[-155.28, -431.59]
[-155.28, -431.59]
[-155.28, -431.59]
[-155.28, -431.59]
[0.00, 0.00]
[0.00, 0.00]
[0.00, 0.00]
[0.00, 0.00]
[0.00, 0.00]
[0.00, -0.11]
[0.00, -0.11]
[0.00, -0.11]
[0.00, -0.11]
[0.00, 0.00]
[0.00, 0.00]
[0.00, 0.00]
[0.00, -0.11]
[0.00, -0.11]
[0.00, -0.11]
[0.00, -0.11]
[0.00, -0.11]
[0.00, -0.11]
[0.00, -0.11]
[0.00, -0.11]
[0.00, -0.11]
[0.00, -0.11]
[0.00, -0.11]
[0.00, -0.11]
[0.00, -0.11]
[0.00, -0.11]
[0.00, -0.11]
[0.00, -0.11]
[0.00, -0.11]
[0.00, -0.11]
[0.00, -0.11]
[0.00, -0.11]
[0.00, -0.11]
[0.00, -0.11]
[0.00, -0.11]
[0.00, -0.11]
[0.00, -0.11]
[0.00, -0.22]
[0.00, -0.22]
[0.00, -0.22]
[0.00, -0.22]
[0.00, -0.22]
[0.00, -0.22]
[0.00, -0.22]
[0.00, -0.22]
[0.00, -0.22]
[0.00, -0.22]
[0.00, -0.22]
[0.00, -0.22]
[0.00, -0.22]
[0.00, -0.22]
[-0.08, -0.22]
[0.00, 0.00]
[0.00, 0.00]
[0.00, 0.00]
[0.00, 0.00]
[0.00, 0.00]
[0.00, 0.00]
[0.00, 0.00]
[0.00, 0.00]
[0.00, 0.00]
[0.00, 0.00]
[0.00, 0.00]
[0.00, 0.00]
[0.00, 0.00]
[0.00, 0.00]
[0.00, -0.11]
[0.00, -0.11]
[0.00, -0.11]
[0.00, -0.11]
[0.00, -0.11]
[0.00, -0.11]
[0.00, -0.11]
[0.00, -0.11]
[0.00, -0.11]
[0.00, -0.11]
[0.00, -0.11]
[0.00, -0.11]
[0.00, -0.11]
[0.00, -0.11]
[0.00, -0.11]
[0.00, -0.11]
[0.00, -0.11]
[0.00, -0.11]
[0.00, -0.11]
[0.00, -0.11]
[0.00, -0.11]
[0.00, -0.11]
[0.00, -0.11]
[0.00, -0.11]
[0.00, -0.11]
[0.00, 0.00]
[0.00, 0.00]
[0.00, 0.00]
[0.00, 0.00]
[-0.08, 0.00]
[-0.08, -0.11]
[-0.08, -0.11]
[-0.08, -0.11]
[-0.08, -0.11]
[-0.08, -0.11]
[-0.08, -0.11]
[-0.08, -0.11]
[-0.08, -0.11]
[-0.08, -0.11]
[-0.08, -0.11]
[-0.08, -0.11]
[-0.08, -0.11]
[-0.08, -0.11]
[-0.08, -0.11]
[-0.08, -0.11]
[-0.08, -0.11]
[-0.08, -0.11]
[-0.08, -0.11]
[-0.16, -0.22]
[-0.25, -0.56]
[-0.49, -1.11]
[-0.66, -1.67]
[-1.07, -2.67]
[-1.39, -3.56]
[-2.05, -5.01]
[-2.46, -6.12]
[-3.20, -8.02]
[-3.69, -9.46]
[-4.59, -11.80]
[-5.33, -13.47]
[-6.39, -16.25]
[-7.13, -18.15]
[-8.36, -21.37]
[-9.26, -23.60]
[-10.65, -27.16]
[-11.64, -29.61]
[-13.19, -33.51]
[-14.18, -36.18]
[-15.73, -40.41]
[-16.88, -43.19]
[-18.60, -47.53]
[-19.83, -50.54]
[-21.72, -55.10]
[-23.03, -58.22]
[-25.08, -63.01]
[-26.47, -66.24]
[-28.60, -71.24]
[-30.07, -74.58]
[-32.37, -79.70]
[-33.84, -83.27]
[-36.22, -88.50]
[-37.78, -92.17]
[-40.24, -97.63]
[-41.88, -101.41]
[-44.42, -106.98]
[-46.05, -110.76]
[-48.59, -116.55]
[-50.32, -120.34]
[-52.86, -126.12]
[-54.58, -129.91]
[-57.20, -135.70]
[-58.92, -139.59]
[-61.54, -145.27]
[-63.26, -149.17]
[-65.80, -154.85]
[-67.52, -158.63]
[-69.98, -164.08]
[-72.44, -169.65]
[-74.08, -173.21]
[-76.46, -178.56]
[-78.01, -182.12]
[-80.39, -187.35]
[-81.95, -190.80]
[-84.24, -196.03]
[-85.80, -199.48]
[-88.01, -204.61]
[-89.49, -207.94]
[-91.70, -213.07]
[-93.09, -216.41]
[-95.30, -221.41]
[-96.70, -224.64]
[-98.83, -229.43]
[-100.22, -232.55]
[-102.27, -237.11]
[-103.66, -240.12]
[-105.55, -244.46]
[-106.86, -247.35]
[-108.66, -251.58]
[-109.89, -254.25]
[-111.69, -258.26]
[-113.42, -262.16]
[-114.56, -264.61]
[-116.20, -268.28]
[-117.35, -270.62]
[-118.91, -274.07]
[-119.89, -276.41]
[-121.45, -279.63]
[-122.43, -281.75]
[-123.82, -284.87]
[-124.72, -286.87]
[-126.03, -289.65]
[-126.77, -291.32]
[-128.00, -293.88]
[-128.66, -295.44]
[-129.72, -297.67]
[-130.38, -299.12]
[-131.20, -301.01]
[-131.77, -302.12]
[-132.51, -303.57]
[-132.84, -304.46]
[-133.25, -305.35]
[-133.49, -305.79]
[-133.74, -306.24]
[-133.82, -306.35]
[-133.82, -306.35]
[-133.82, -306.35]
[-133.82, -306.35]
[-133.82, -306.35]
[-133.82, -306.35]
[-133.82, -306.46]
[-133.82, -306.46]
[-133.82, -306.46]
[-133.82, -306.46]
[-133.82, -306.46]
[-133.82, -306.46]
[-133.82, -306.46]
[-133.82, -306.46]
[-133.82, -306.46]
[-133.82, -306.46]
[-133.82, -306.46]
[-133.82, -306.46]
[-133.82, -306.46]
[-133.82, -306.46]
[-133.82, -306.46]
[-133.82, -306.46]
[-133.82, -306.46]
[-133.82, -306.46]
[-133.82, -306.46]
[-133.82, -306.46]
[-133.82, -306.46]
[-133.82, -306.57]
[-133.82, -306.57]
[-133.82, -306.57]
[-133.82, -306.57]
[-133.82, -306.57]
[-133.82, -306.57]
[-133.82, -306.57]
[-133.82, -306.57]
[-133.82, -306.57]
[-133.82, -306.57]
[-133.82, -306.57]
[-133.82, -306.57]
[-133.82, -306.57]
[-133.82, -306.57]
[-133.82, -306.57]
[-133.82, -306.57]
[-133.82, -306.57]
[-133.82, -306.57]
[-133.82, -306.57]
[-133.82, -306.69]
[-133.82, -306.69]
[-133.82, -306.69]
[-133.82, -306.69]
[-133.82, -306.69]
[-133.82, -306.69]
[-133.82, -306.69]
[-133.82, -306.69]
[-133.82, -306.69]
[-133.82, -306.69]
[-133.82, -306.69]
[-133.82, -306.69]
[-133.82, -306.69]
[-133.82, -306.69]
[-133.82, -306.80]
[-133.90, -306.91]
[-133.98, -307.02]
[-134.07, -307.24]
[-134.15, -307.35]
[-134.23, -307.58]
[-134.23, -307.58]
[-134.23, -307.58]
[-134.23, -307.58]
[-134.23, -307.58]
[-134.23, -307.58]
[-134.23, -307.58]
[-134.23, -307.58]
[-134.23, -307.58]
[-134.23, -307.69]
[-134.23, -307.69]
[-134.23, -307.69]
[-134.23, -307.69]
[-134.23, -307.69]
[-134.23, -307.69]
[-134.23, -307.69]
[-134.23, -307.69]
[-134.23, -307.69]
[-134.23, -307.69]
[-134.23, -307.69]
[-134.23, -307.69]
[-134.23, -307.69]
[-134.23, -307.69]
[-134.23, -307.69]
[-134.23, -307.69]
[-134.23, -307.69]
[-134.23, -307.69]
[-134.23, -307.69]
[-134.23, -307.69]
[-134.23, -307.69]
[-134.23, -307.69]
[-134.23, -307.80]
[-134.23, -307.80]
[-134.31, -307.80]
[-134.31, -307.91]
[-134.48, -308.13]
[-134.56, -308.47]
[-134.89, -309.02]
[-135.05, -309.58]
[-135.54, -310.58]
[-135.87, -311.25]
[-136.44, -312.59]
[-136.93, -313.59]
[-137.67, -315.26]
[-138.25, -316.59]
[-139.15, -318.71]
[-139.80, -320.38]
[-140.95, -322.94]
[-141.69, -324.72]
[-143.00, -327.84]
[-143.98, -329.84]
[-145.54, -333.29]
[-147.10, -336.96]
[-148.24, -339.52]
[-149.39, -342.31]
[-151.19, -346.54]
[-152.50, -349.43]
[-154.55, -354.11]
[-156.68, -358.89]
[-158.16, -362.23]
[-160.37, -367.47]
[-161.85, -371.03]
[-164.22, -376.48]
[-165.86, -380.27]
[-168.40, -385.94]
[-170.12, -389.95]
[-172.66, -395.85]
[-174.47, -399.75]
[-177.09, -405.76]
[-178.89, -409.77]
[-181.60, -415.78]
[-183.40, -419.79]
[-186.02, -425.91]
[-187.82, -429.80]
[-190.45, -435.82]
[-192.25, -439.82]
[-194.95, -445.72]
[-196.76, -449.73]
[-199.46, -455.63]
[-201.18, -459.53]
[-203.88, -465.43]
[-205.69, -469.32]
[-208.39, -475.11]
[-211.01, -481.01]
[-212.74, -484.80]
[-215.36, -490.58]
[-217.08, -494.48]
[-219.54, -500.27]
[-221.26, -504.17]
[-223.72, -509.84]
[-225.44, -513.74]
[-228.06, -519.42]
[-229.70, -523.31]
[-232.32, -529.10]
[-234.04, -532.89]
[-236.66, -538.79]
[-238.38, -542.57]
[-241.09, -548.47]
[-242.81, -552.37]
[-245.43, -558.27]
[-247.23, -562.16]
[-249.94, -568.17]
[-251.74, -572.07]
[-254.36, -578.08]
[-256.17, -582.09]
[-258.87, -587.99]
[-260.67, -592.11]
[-263.30, -598.12]
[-265.10, -602.24]
[-267.64, -608.36]
[-269.36, -612.48]
[-271.90, -618.83]
[-273.54, -623.06]
[-276.00, -629.62]
[-277.64, -633.96]
[-279.93, -640.64]
[-282.06, -647.43]
[-283.46, -651.89]
[-285.50, -658.79]
[-286.73, -663.35]
[-288.54, -670.14]
[-289.68, -674.71]
[-291.40, -681.61]
[-292.47, -686.28]
[-294.11, -693.19]
[-295.09, -697.86]
[-296.57, -704.88]
[-297.55, -709.55]
[-298.86, -716.67]
[-299.76, -721.46]
[-301.07, -728.59]
[-301.89, -733.37]
[-303.04, -740.61]
[-303.70, -745.40]
[-304.52, -752.52]
[-305.09, -757.20]
[-305.75, -764.10]
[-306.24, -768.66]
[-306.89, -775.23]
[-307.22, -779.68]
[-307.79, -785.92]
[-308.12, -789.81]
[-308.61, -795.38]
[-308.86, -798.94]
[-309.19, -803.84]
[-309.35, -806.84]
[-309.60, -810.96]
[-309.76, -813.52]
[-310.01, -816.97]
[-310.25, -821.76]
[-310.33, -823.21]
[-310.42, -825.10]
[-310.50, -826.10]
[-310.58, -827.33]
[-310.58, -827.88]
[-310.58, -828.55]
[-310.66, -829.11]
[-310.66, -829.66]
[-310.74, -830.67]
[-310.74, -831.56]
[-310.83, -833.45]
[-310.99, -834.90]
[-311.15, -837.68]
[-311.24, -839.79]
[-311.56, -843.58]
[-311.73, -846.36]
[-312.06, -850.93]
[-312.30, -854.27]
[-312.63, -859.72]
[-312.87, -863.62]
[-313.20, -869.74]
[-313.45, -874.08]
[-313.69, -880.98]
[-313.94, -885.66]
[-314.19, -893.00]
[-314.43, -898.01]
[-314.84, -905.81]
[-315.25, -911.15]
[-315.74, -919.17]
[-316.07, -924.62]
[-316.40, -932.75]
[-316.56, -938.20]
[-316.64, -946.44]
[-316.64, -954.45]
[-316.56, -959.80]
[-316.32, -967.59]
[-316.23, -972.71]
[-316.07, -980.17]
[-315.91, -984.95]
[-315.74, -991.75]
[-315.58, -995.98]
[-315.42, -1001.99]
[-315.33, -1005.55]
[-315.01, -1010.56]
[-314.68, -1013.56]
[-313.78, -1017.68]
[-312.96, -1020.24]
[-311.07, -1023.81]
[-309.51, -1025.81]
[-306.81, -1028.37]
[-304.68, -1029.71]
[-301.16, -1031.26]
[-298.70, -1032.04]
[-294.68, -1032.82]
[-291.90, -1033.04]
[-287.55, -1033.16]
[-284.60, -1033.16]
[-280.01, -1033.04]
[-276.98, -1033.16]
[-272.39, -1033.71]
[-269.28, -1034.60]
[-264.94, -1036.50]
[-262.23, -1038.17]
[-258.54, -1041.39]
[-256.41, -1043.84]
[-253.63, -1048.18]
[-252.15, -1051.30]
[-250.35, -1056.64]
[-249.45, -1060.32]
[-248.22, -1066.33]
[-247.56, -1070.45]
[-246.66, -1077.02]
[-245.92, -1081.47]
[-244.86, -1088.48]
[-244.20, -1093.38]
[-243.14, -1100.73]
[-242.48, -1105.74]
[-241.42, -1113.42]
[-240.35, -1121.32]
[-239.61, -1126.55]
[-238.47, -1134.68]
[-237.73, -1140.13]
[-236.58, -1148.48]
[-235.76, -1154.16]
[-234.70, -1162.62]
[-233.88, -1168.30]
[-232.81, -1176.87]
[-232.07, -1182.66]
[-231.01, -1191.23]
[-230.19, -1196.91]
[-229.12, -1205.48]
[-228.47, -1211.16]
[-227.40, -1219.73]
[-226.67, -1225.40]
[-225.60, -1233.98]
[-224.86, -1239.77]
[-223.72, -1248.34]
[-222.98, -1254.01]
[-221.83, -1262.47]
[-221.18, -1267.93]
[-220.11, -1276.17]
[-219.45, -1281.51]
[-218.47, -1289.41]
[-217.82, -1294.53]
[-216.83, -1302.10]
[-215.93, -1309.34]
[-215.36, -1314.02]
[-214.78, -1318.36]
[-213.96, -1324.59]
[-213.23, -1330.27]
[-212.74, -1333.83]
[-212.08, -1338.73]
[-211.67, -1341.73]
[-211.10, -1345.74]
[-210.77, -1348.08]
[-210.28, -1351.20]
[-210.11, -1352.87]
[-209.79, -1354.98]
[-209.62, -1356.09]
[-209.46, -1357.32]
[-209.38, -1358.10]
[-209.21, -1359.21]
[-209.05, -1360.21]
[-208.88, -1361.99]
[-208.72, -1363.44]
[-208.39, -1366.11]
[-208.06, -1368.34]
[-207.57, -1372.12]
[-207.24, -1375.02]
[-206.59, -1379.92]
[-206.10, -1383.48]
[-205.36, -1389.38]
[-204.70, -1393.61]
[-203.80, -1400.29]
[-203.07, -1405.07]
[-202.00, -1412.53]
[-201.26, -1417.77]
[-200.20, -1425.78]
[-199.54, -1431.35]
[-198.48, -1439.69]
[-197.74, -1445.37]
[-196.67, -1454.17]
[-195.53, -1463.07]
[-194.79, -1469.19]
[-193.56, -1478.43]
[-192.66, -1484.78]
[-191.35, -1494.35]
[-190.53, -1500.92]
[-189.13, -1510.83]
[-188.15, -1517.62]
[-186.84, -1527.75]
[-185.94, -1534.65]
[-184.55, -1545.11]
[-183.64, -1552.13]
[-182.25, -1562.81]
[-181.27, -1569.94]
[-179.87, -1580.74]
[-178.97, -1588.08]
[-177.50, -1599.10]
[-176.51, -1606.45]
[-175.04, -1617.69]
[-174.06, -1625.15]
[-172.50, -1636.40]
[-171.52, -1643.85]
[-170.04, -1655.10]
[-169.06, -1662.56]
[-167.50, -1673.80]
[-166.52, -1681.15]
[-165.21, -1692.28]
[-163.98, -1703.41]
[-163.32, -1710.76]
[-162.67, -1721.78]
[-162.34, -1729.01]
[-162.42, -1739.92]
[-162.67, -1747.16]
[-163.48, -1757.96]
[-164.22, -1765.08]
[-165.94, -1775.66]
[-167.34, -1782.67]
[-169.79, -1793.02]
[-171.76, -1799.81]
[-175.04, -1809.94]
[-177.58, -1816.51]
[-181.92, -1826.20]
[-185.04, -1832.54]
[-190.20, -1841.78]
[-193.81, -1847.68]
[-199.54, -1856.59]
[-203.56, -1862.38]
[-209.70, -1870.95]
[-213.80, -1876.74]
[-219.95, -1885.31]
[-223.96, -1891.10]
[-229.86, -1900.00]
[-233.63, -1905.90]
[-238.88, -1915.14]
[-242.15, -1921.37]
[-246.66, -1931.06]
[-249.28, -1937.63]
[-252.89, -1947.76]
[-254.94, -1954.66]
[-257.40, -1965.12]
[-258.79, -1972.25]
[-260.43, -1983.05]
[-261.25, -1990.50]
[-261.99, -2001.52]
[-262.15, -2008.98]
[-262.07, -2020.23]
[-261.90, -2027.80]
[-261.58, -2039.15]
[-261.25, -2046.61]
[-260.51, -2057.96]
[-259.85, -2065.53]
[-258.54, -2076.89]
[-257.56, -2084.35]
[-255.76, -2095.48]
[-254.45, -2102.94]
[-252.15, -2113.96]
[-250.43, -2121.19]
[-247.64, -2132.10]
[-245.60, -2139.34]
[-242.48, -2150.25]
[-240.35, -2157.48]
[-236.99, -2168.17]
[-234.86, -2175.29]
[-231.58, -2185.87]
[-229.45, -2192.77]
[-226.34, -2202.90]
[-224.29, -2209.47]
[-221.34, -2219.04]
[-219.37, -2225.17]
[-216.59, -2233.96]
[-214.78, -2239.64]
[-212.24, -2247.76]
[-210.69, -2252.88]
[-208.56, -2260.12]
[-207.16, -2264.57]
[-205.36, -2270.69]
[-204.21, -2274.48]
[-202.66, -2279.93]
[-201.75, -2283.39]
[-200.85, -2288.51]
[-200.69, -2291.96]
[-201.18, -2297.19]
[-202.00, -2300.42]
[-203.72, -2305.09]
[-205.20, -2308.10]
[-207.65, -2312.44]
[-209.38, -2315.45]
[-211.83, -2320.01]
[-213.31, -2323.24]
[-215.11, -2328.36]
[-215.85, -2331.92]
[-216.26, -2337.49]
[-216.01, -2341.16]
[-214.87, -2346.61]
[-213.64, -2350.07]
[-210.93, -2354.85]
[-208.64, -2357.75]
[-204.62, -2361.75]
[-201.67, -2363.98]
[-196.76, -2366.76]
[-193.23, -2368.10]
[-187.74, -2369.55]
[-182.00, -2369.99]
[-178.15, -2369.88]
[-172.58, -2368.77]
[-169.06, -2367.65]
[-165.62, -2366.21]
[-160.86, -2363.76]
[-157.83, -2362.09]
[-153.24, -2359.75]
[-148.73, -2357.75]
[-145.70, -2356.74]
[-141.03, -2355.85]
[-137.92, -2355.74]
[-133.41, -2356.08]
[-130.38, -2356.52]
[-125.87, -2357.86]
[-122.92, -2358.86]
[-118.41, -2360.53]
[-115.46, -2361.75]
[-110.87, -2363.65]
[-107.84, -2364.98]
[-103.17, -2366.99]
[-100.06, -2368.32]
[-95.30, -2370.44]
[-92.19, -2371.77]
[-87.60, -2373.78]
[-84.57, -2375.11]
[-80.39, -2376.89]
[-77.77, -2378.01]
[-74.08, -2379.68]
[-71.79, -2380.57]
[-68.51, -2381.68]
[-66.30, -2382.13]
[-63.18, -2382.46]
[-61.13, -2382.46]
[-58.35, -2382.01]
[-56.63, -2381.57]
[-54.41, -2380.46]
[-53.27, -2379.45]
[-51.95, -2377.90]
[-51.46, -2376.67]
[-51.22, -2374.89]
[-51.54, -2373.67]
[-52.20, -2372.44]
[-52.94, -2371.77]
[-53.92, -2370.99]
[-54.74, -2370.55]
[-55.81, -2370.10]
[-56.63, -2369.88]
[-57.94, -2369.44]
[-58.76, -2369.10]
[-60.07, -2368.66]
[-60.97, -2368.21]
[-62.28, -2367.65]
[-63.26, -2367.21]
[-64.74, -2366.54]
[-65.72, -2366.10]
[-67.20, -2365.43]
[-68.18, -2364.98]
[-69.74, -2364.20]
[-70.64, -2363.76]
[-72.03, -2363.09]
[-72.93, -2362.64]
[-74.24, -2362.09]
[-75.06, -2361.64]
[-76.21, -2361.09]
[-76.95, -2360.75]
[-77.93, -2360.20]
[-78.67, -2359.86]
[-79.57, -2359.42]
[-80.14, -2359.08]
[-80.96, -2358.64]
[-81.46, -2358.30]
[-82.11, -2357.64]
[-82.44, -2357.19]
[-82.68, -2356.52]
[-82.85, -2356.08]
[-82.93, -2355.30]
[-82.85, -2354.85]
[-82.77, -2354.30]
[-82.60, -2353.96]
[-82.36, -2353.41]
[-82.19, -2353.18]
[-81.87, -2352.85]
[-81.62, -2352.63]
[-81.29, -2352.29]
[-81.13, -2351.96]
[-80.72, -2351.51]
[-80.64, -2351.18]
[-80.55, -2350.73]
[-80.47, -2350.40]
[-80.47, -2349.95]
[-80.55, -2349.62]
[-80.64, -2349.18]
[-80.64, -2349.06]
[-80.64, -2348.95]
[-80.64, -2348.95]
[-80.64, -2348.95]
[-80.64, -2348.95]
[-80.64, -2349.06]
[-80.64, -2349.06]
[-80.64, -2349.18]
[-80.72, -2349.29]
[-80.72, -2349.51]
[-80.72, -2349.73]
[-80.64, -2349.95]
[-80.64, -2350.18]
[-80.55, -2350.51]
[-80.55, -2350.96]
[-80.55, -2351.18]
[-80.55, -2351.62]
[-80.55, -2351.96]
[-80.55, -2352.29]
[-80.55, -2352.51]
[-80.55, -2352.85]
[-80.55, -2353.07]
[-80.55, -2353.29]
[-80.55, -2353.52]
[-80.64, -2353.63]
[-80.64, -2353.74]
[-80.64, -2353.96]
[-80.72, -2354.07]
[-80.72, -2354.30]
[-80.72, -2354.30]
[-80.72, -2354.52]
[-80.80, -2354.52]
[-80.80, -2354.74]
[-80.80, -2354.85]
[-80.80, -2355.08]
[-80.72, -2355.19]
[-80.64, -2355.52]
[-80.64, -2355.63]
[-80.55, -2355.85]
[-80.55, -2356.08]
[-80.55, -2356.19]
[-80.47, -2356.30]
[-80.47, -2356.41]
[-80.47, -2356.52]
[-80.47, -2356.52]
[-80.47, -2356.52]
[-80.47, -2356.52]
[-80.47, -2356.63]
[-80.47, -2356.74]
[-80.47, -2356.74]
[-80.39, -2356.97]
[-80.39, -2357.08]
[-80.39, -2357.19]
[-80.39, -2357.08]
[-80.39, -2357.08]
[-80.39, -2357.08]
[-80.39, -2357.08]
[-80.39, -2357.08]
[-80.39, -2357.08]
[-80.39, -2357.08]
[-80.39, -2357.08]
[-80.39, -2357.08]
[-80.39, -2357.08]
[-80.39, -2357.19]
[-80.47, -2357.19]
[-80.47, -2357.30]
[-80.47, -2357.30]
[-80.47, -2357.30]
[-80.55, -2357.30]
[-80.55, -2357.30]
[-80.47, -2357.30]
[-80.55, -2357.30]
[-80.47, -2357.30]
[-80.47, -2357.30]
[-80.47, -2357.30]
[-80.47, -2357.30]
[-80.47, -2357.30]
[-80.47, -2357.30]
[-80.47, -2357.30]
[-80.47, -2357.30]
[-80.47, -2357.30]
[-80.47, -2357.30]
[-80.47, -2357.41]
[-80.47, -2357.41]
[-80.47, -2357.41]
[-80.47, -2357.41]
[-80.47, -2357.41]
[-80.47, -2357.41]
[-80.47, -2357.41]
[-80.47, -2357.41]
[-80.47, -2357.41]
[-80.47, -2357.41]
[-80.47, -2357.41]
[-80.55, -2357.41]
[-80.55, -2357.41]
[-80.55, -2357.41]
[-80.55, -2357.41]
[-80.55, -2357.41]
[-80.55, -2357.41]
[-80.55, -2357.41]
[-80.55, -2357.41]
[-80.55, -2357.41]
[-80.55, -2357.41]
[-80.55, -2357.41]
[-80.47, -2357.41]
[-80.55, -2357.41]
[-80.55, -2357.41]
[-80.55, -2357.41]
[-80.55, -2357.41]
[-80.64, -2357.41]
[-80.64, -2357.41]
[-80.64, -2357.41]
[-80.64, -2357.30]
[-80.64, -2357.30]
[-80.64, -2357.30]
[-80.72, -2357.30]
[-80.72, -2357.30]
[-80.72, -2357.30]
[-80.72, -2357.30]
[-80.72, -2357.30]
[-80.72, -2357.30]
[-80.72, -2357.30]
[-80.72, -2357.30]
[-80.72, -2357.30]
[-80.72, -2357.30]
[-80.72, -2357.30]
[-80.72, -2357.30]
[-80.64, -2357.30]
[-80.64, -2357.30]
[-80.64, -2357.30]
[-80.64, -2357.30]
[-80.64, -2357.30]
[-80.64, -2357.30]
[-80.64, -2357.30]
[-80.64, -2357.30]
[-80.64, -2357.30]
[-80.64, -2357.30]
[-80.64, -2357.30]
[-80.64, -2357.30]
[-80.64, -2357.30]
[-80.64, -2357.30]
[-80.64, -2357.30]
[-80.64, -2357.30]
[-80.64, -2357.30]
[-80.64, -2357.30]
[-80.64, -2357.30]
[-80.64, -2357.30]
[-80.64, -2357.30]
[-80.64, -2357.30]
[-80.64, -2357.19]
[-80.64, -2357.19]
[-80.64, -2357.19]
[-80.64, -2357.19]
[-80.64, -2357.19]
[-80.64, -2357.19]
[-80.55, -2357.19]
[-80.55, -2357.19]
[-80.55, -2357.19]
[-80.55, -2357.19]
[-80.55, -2357.19]
[-80.55, -2357.19]
[-80.55, -2357.19]
[-80.55, -2357.08]
[-80.55, -2357.08]
[-80.55, -2357.08]
[-80.55, -2357.08]
[-80.55, -2357.08]
[-80.55, -2357.08]
[-80.55, -2357.08]
[-80.55, -2357.08]
[-80.55, -2357.08]
[-80.55, -2357.08]
[-80.55, -2357.08]
[-80.55, -2357.08]
[-80.55, -2357.08]
[-80.55, -2357.08]
[-80.55, -2357.08]
[-80.55, -2357.08]
[-80.55, -2357.08]
[-80.55, -2357.08]
[-80.55, -2357.08]
[-80.55, -2357.08]
[-80.55, -2357.08]
[-80.55, -2357.08]
[-80.47, -2357.08]
[-80.47, -2357.19]
[-80.55, -2357.19]
[-80.55, -2357.19]
[-80.55, -2357.19]
[-80.55, -2357.19]
[-80.55, -2357.19]
[-80.55, -2357.19]
[-80.55, -2357.19]
[-80.47, -2357.19]
[-80.47, -2357.19]
[-80.47, -2357.19]
[-80.47, -2357.19]
[-80.47, -2357.19]
[-80.47, -2357.19]
[-80.47, -2357.19]
[-80.47, -2357.19]
[-80.47, -2357.19]
[-80.47, -2357.19]
[-80.47, -2357.19]
[-80.47, -2357.19]
[-80.47, -2357.19]
[-80.47, -2357.19]
[-80.47, -2357.19]
[-80.47, -2357.19]
[-80.47, -2357.19]
[-80.47, -2357.19]
[-80.47, -2357.19]
[-80.47, -2357.19]
[-80.47, -2357.19]
[-80.47, -2357.19]
[-80.47, -2357.19]
[-80.47, -2357.19]
[-80.47, -2357.19]
[-80.47, -2357.19]
[-80.47, -2357.19]
[-80.47, -2357.19]
[-80.47, -2357.19]
[-80.47, -2357.19]
[-80.47, -2357.19]
[-80.47, -2357.19]
[-80.47, -2357.19]
[-80.47, -2357.19]
[-80.47, -2357.19]
[-80.47, -2357.19]
[-80.47, -2357.19]
[-80.47, -2357.19]
[-80.47, -2357.19]
[-80.47, -2357.19]
[-80.47, -2357.19]
[-80.47, -2357.19]
[-80.47, -2357.19]
[-80.47, -2357.19]
[-80.47, -2357.19]
[-80.47, -2357.19]
[-80.47, -2357.19]
[-80.47, -2357.19]
[-80.47, -2357.19]
[-80.47, -2357.19]
[-80.47, -2357.19]
[-80.47, -2357.19]
[-80.47, -2357.19]
[-80.39, -2357.19]
[-80.39, -2357.19]
[-80.39, -2357.19]
[-80.39, -2357.19]
[-80.39, -2357.19]
[-80.39, -2357.19]
[-80.39, -2357.19]
[-80.39, -2357.19]
[-80.39, -2357.19]
[-80.39, -2357.19]
[-80.39, -2357.19]
[-80.39, -2357.19]
[-80.39, -2357.08]
[-80.39, -2357.08]
[-80.39, -2357.08]
[-80.39, -2357.08]
[-80.39, -2357.08]
[-80.39, -2357.08]
[-80.39, -2357.08]
[-80.39, -2357.08]
[-80.39, -2357.08]
[-80.39, -2357.08]
[-80.31, -2357.08]
[-80.31, -2357.08]
[-80.31, -2357.08]
[-80.31, -2357.08]
[-80.31, -2357.08]
[-80.31, -2357.08]
[-80.31, -2357.08]
[-80.31, -2357.08]
[-80.31, -2356.97]
[-80.31, -2356.97]
[-80.31, -2356.97]
[-80.31, -2356.97]
[-80.31, -2356.97]
[-80.31, -2356.97]
[-80.31, -2356.97]
[-80.31, -2356.97]
[-80.23, -2357.08]
[-80.23, -2357.08]
[-80.23, -2357.08]
[-80.23, -2357.08]
[-80.23, -2357.08]
[-80.23, -2357.08]
[-80.23, -2356.97]
[-80.23, -2356.97]
[-80.23, -2356.97]
[-80.23, -2356.97]
[-80.23, -2356.97]
[-80.23, -2356.97]
[-80.14, -2357.08]
[-80.14, -2357.08]
[-80.14, -2357.08]
[-80.14, -2357.08]
[-80.14, -2357.08]
[-80.14, -2357.08]
[-80.14, -2357.08]
[-80.14, -2357.08]
[-80.14, -2357.08]
[-80.14, -2357.08]
[-80.14, -2357.08]
[-80.14, -2357.08]
[-80.14, -2357.08]
[-80.14, -2357.08]
[-80.14, -2357.08]
[-80.14, -2356.97]
[-80.14, -2356.97]
[-80.14, -2356.97]
[-80.14, -2356.97]
[-80.14, -2356.97]
[-80.06, -2356.97]
[-80.06, -2356.97]
[-80.06, -2356.97]
[-80.06, -2356.97]
[-80.06, -2356.97]
[-80.06, -2356.97]
[-80.06, -2356.86]
[-80.06, -2356.86]
[-80.06, -2356.86]
[-80.14, -2356.86]
[-80.14, -2356.86]
[-80.14, -2356.86]
[-80.14, -2356.86]
[-80.14, -2356.86]
[-80.14, -2356.74]
[-80.14, -2356.74]
[-80.14, -2356.74]
[-80.14, -2356.74]
[-80.14, -2356.74]
[-80.06, -2356.74]
[-80.14, -2356.74]
[-80.14, -2356.74]
[-80.06, -2356.74]
[-80.06, -2356.74]
[-80.06, -2356.74]
[-80.06, -2356.74]
[-80.14, -2356.74]
[-80.14, -2356.74]
[-80.14, -2356.74]
[-80.14, -2356.74]
[-80.14, -2356.74]
[-80.14, -2356.74]
[-80.14, -2356.74]
[-80.14, -2356.74]
[-80.14, -2356.74]
[-80.14, -2356.74]
[-80.14, -2356.74]
[-80.14, -2356.74]
[-80.14, -2356.74]
[-80.14, -2356.74]
[-80.14, -2356.74]
[-80.14, -2356.74]
[-80.14, -2356.74]
[-80.14, -2356.74]
[-80.14, -2356.74]
[-80.14, -2356.74]
[-80.14, -2356.63]
[-80.14, -2356.63]
[-80.14, -2356.63]
[-80.14, -2356.63]
[-80.14, -2356.63]
[-80.14, -2356.63]
[-80.14, -2356.63]
[-80.14, -2356.52]
[-80.14, -2356.52]
[-80.14, -2356.52]
[-80.14, -2356.63]
[-80.14, -2356.63]
[-80.14, -2356.63]
[-80.14, -2356.63]
[-80.14, -2356.63]
[-80.14, -2356.63]
[-80.14, -2356.63]
[-80.14, -2356.63]
[-80.14, -2356.63]
[-80.14, -2356.74]
[-80.14, -2356.74]
[-80.14, -2356.74]
[-80.14, -2356.74]
[-80.14, -2356.74]
[-80.14, -2356.74]
[-80.14, -2356.74]
[-80.14, -2356.74]
[-80.14, -2356.74]
[-80.14, -2356.74]
[-80.14, -2356.74]
[-80.14, -2356.74]
[-80.14, -2356.74]
[-80.14, -2356.74]
[-80.14, -2356.74]
[-80.14, -2356.74]
[-80.14, -2356.86]
[-80.14, -2356.86]
[-80.14, -2356.86]
[-80.14, -2356.86]
[-80.06, -2356.97]
[-80.06, -2356.97]
[-80.06, -2356.97]
[-80.06, -2357.08]
[-79.98, -2357.08]
[-79.98, -2357.08]
[-79.98, -2357.08]
[-79.98, -2357.08]
[-79.98, -2357.19]
[-79.90, -2357.19]
[-79.98, -2357.19]
[-79.98, -2357.30]
[-79.90, -2357.30]
[-79.90, -2357.30]
[-79.90, -2357.30]
[-79.90, -2357.30]
[-79.90, -2357.30]
[-79.90, -2357.30]
[-79.90, -2357.30]
[-79.90, -2357.30]
[-79.90, -2357.30]
[-79.90, -2357.30]
[-79.90, -2357.30]
[-79.90, -2357.30]
[-79.90, -2357.30]
[-79.90, -2357.30]
[-79.90, -2357.30]
[-79.90, -2357.30]
[-79.90, -2357.30]
[-79.90, -2357.30]
[-79.90, -2357.30]
[-79.90, -2357.30]
[-79.90, -2357.41]
[-79.90, -2357.41]
[-79.90, -2357.41]
[-79.90, -2357.41]
[-79.82, -2357.41]
[-79.82, -2357.41]
[-79.82, -2357.41]
[-79.82, -2357.52]
[-79.73, -2357.52]
[-79.73, -2357.52]
[-79.73, -2357.52]
[-79.73, -2357.52]
[-79.73, -2357.52]
[-79.73, -2357.52]
[-79.73, -2357.64]
[-79.73, -2357.64]
[-79.65, -2357.64]
[-79.65, -2357.64]
[-79.73, -2357.64]
[-79.73, -2357.64]
[-79.73, -2357.64]
[-79.73, -2357.64]
[-79.73, -2357.64]
[-79.73, -2357.64]
[-79.73, -2357.52]
[-79.73, -2357.52]
[-79.73, -2357.52]
[-79.65, -2357.52]
[-79.65, -2357.52]
[-79.65, -2357.52]
[-79.65, -2357.52]
[-79.65, -2357.52]
[-79.65, -2357.52]
[-79.65, -2357.41]
[-79.65, -2357.41]
[-79.65, -2357.41]
[-79.65, -2357.41]
[-79.65, -2357.41]
[-79.65, -2357.41]
[-79.65, -2357.41]
[-79.73, -2357.41]
[-79.73, -2357.41]
[-79.73, -2357.52]
[-79.73, -2357.41]
[-79.73, -2357.41]
[-79.73, -2357.41]
[-79.82, -2357.41]
[-79.82, -2357.52]
[-79.82, -2357.52]
[-79.82, -2357.52]
[-79.82, -2357.52]
[-79.82, -2357.52]
[-79.82, -2357.52]
[-79.82, -2357.52]
[-79.82, -2357.52]
[-79.82, -2357.52]
[-79.82, -2357.52]
[-79.82, -2357.52]
[-79.82, -2357.52]
[-79.82, -2357.52]
[-79.82, -2357.52]
[-79.82, -2357.52]
[-79.82, -2357.52]
[-79.82, -2357.52]
[-79.82, -2357.52]
[-79.82, -2357.52]
[-79.82, -2357.52]
[-79.82, -2357.52]
[-79.82, -2357.52]
[-79.82, -2357.52]
[-79.90, -2357.52]
[-79.90, -2357.41]
[-79.90, -2357.41]
[-79.90, -2357.41]
[-79.90, -2357.41]
[-79.90, -2357.41]
[-79.90, -2357.41]
[-79.90, -2357.41]
[-79.90, -2357.41]
[-79.90, -2357.41]
[-79.90, -2357.41]
[-79.90, -2357.41]
[-79.90, -2357.41]
[-79.90, -2357.41]
[-79.90, -2357.41]
[-79.90, -2357.41]
[-79.90, -2357.41]
[-79.90, -2357.41]
[-79.90, -2357.41]
[-79.90, -2357.41]
[-79.90, -2357.41]
[-79.90, -2357.41]
[-79.90, -2357.41]
[-79.90, -2357.41]
[-79.90, -2357.41]
[-79.90, -2357.41]
[-79.90, -2357.41]
[-79.90, -2357.41]
[-79.90, -2357.41]
[-79.90, -2357.41]
[-79.90, -2357.41]
[-79.98, -2357.30]
[-79.98, -2357.30]
[-79.98, -2357.30]
[-79.98, -2357.30]
[-79.98, -2357.30]
[-79.98, -2357.30]
[-79.98, -2357.30]
[-79.98, -2357.30]
[-79.98, -2357.30]
[-79.98, -2357.30]
[-79.98, -2357.30]
[-79.98, -2357.30]
[-79.98, -2357.30]
[-80.06, -2357.30]
[-80.06, -2357.30]
[-80.06, -2357.30]
[-80.06, -2357.30]
[-80.06, -2357.30]
[-80.06, -2357.30]
[-80.06, -2357.30]
[-80.06, -2357.30]
[-80.06, -2357.30]
[-80.06, -2357.30]
[-80.06, -2357.19]
[-80.06, -2357.19]
[-80.06, -2357.19]
[-80.06, -2357.19]
[-80.06, -2357.19]
[-80.06, -2357.19]
[-80.06, -2357.19]
[-80.06, -2357.19]
[-80.06, -2357.19]
[-80.06, -2357.19]
[-80.06, -2357.19]
[-80.06, -2357.19]
[-80.06, -2357.19]
[-80.06, -2357.19]
[-80.06, -2357.19]
[-80.06, -2357.19]
[-80.06, -2357.19]
[-80.06, -2357.19]
[-80.06, -2357.19]
[-80.06, -2357.19]
[-80.06, -2357.19]
[-80.06, -2357.19]
[-80.06, -2357.19]
[-80.06, -2357.19]
[-80.06, -2357.19]
[-80.06, -2357.19]
[-80.06, -2357.19]
[-80.06, -2357.19]
[-80.06, -2357.19]
[-80.06, -2357.19]
[-80.06, -2357.19]
[-80.06, -2357.19]
[-80.06, -2357.19]
[-80.06, -2357.19]
[-80.06, -2357.19]
[-80.06, -2357.19]
[-80.06, -2357.30]
[-80.06, -2357.30]
[-80.06, -2357.30]
[-79.98, -2357.30]
[-79.98, -2357.30]
[-79.98, -2357.30]
[-79.98, -2357.30]
[-79.98, -2357.30]
[-79.90, -2357.30]
[-79.90, -2357.41]
[-79.90, -2357.41]
[-79.90, -2357.41]
[-79.90, -2357.41]
[-79.90, -2357.41]
[-79.90, -2357.41]
[-79.82, -2357.41]
[-79.82, -2357.41]
[-79.82, -2357.41]
[-79.82, -2357.41]
[-79.73, -2357.41]
[-79.73, -2357.41]
[-79.73, -2357.52]
[-79.73, -2357.52]
[-79.73, -2357.52]
[-79.73, -2357.52]
[-79.73, -2357.52]
[-79.73, -2357.52]
[-79.73, -2357.64]
[-79.73, -2357.64]
[-79.65, -2357.64]
[-79.65, -2357.64]
[-79.65, -2357.64]
[-79.65, -2357.64]
[-79.65, -2357.64]
[-79.65, -2357.64]
[-79.65, -2357.64]
[-79.65, -2357.64]
[-79.65, -2357.64]
[-79.65, -2357.75]
[-79.65, -2357.75]
[-79.57, -2357.75]
[-79.57, -2357.75]
[-79.57, -2357.75]
[-79.57, -2357.75]
[-79.57, -2357.75]
[-79.57, -2357.75]
[-79.57, -2357.86]
[-79.57, -2357.86]
[-79.57, -2357.86]
[-79.57, -2357.86]
[-79.57, -2357.86]
[-79.57, -2357.86]
[-79.57, -2357.86]
[-79.57, -2357.86]
[-79.57, -2357.97]
[-79.57, -2357.97]
[-79.57, -2357.97]
[-79.65, -2357.97]
[-79.65, -2357.97]
[-79.65, -2357.97]
[-79.65, -2357.97]
[-79.65, -2357.97]
[-79.65, -2357.97]
[-79.65, -2357.97]
[-79.65, -2357.97]
[-79.65, -2358.08]
[-79.65, -2358.08]
[-79.65, -2358.08]
[-79.65, -2358.08]
[-79.65, -2358.08]
[-79.65, -2358.08]
[-79.65, -2358.08]
[-79.65, -2358.08]
[-79.65, -2358.08]
[-79.65, -2358.08]
[-79.65, -2358.08]
[-79.65, -2358.08]
[-79.65, -2358.08]
[-79.65, -2358.08]
[-79.65, -2358.08]
[-79.65, -2358.08]
[-79.65, -2358.08]
[-79.65, -2358.08]
[-79.65, -2358.19]
[-79.65, -2358.19]
[-79.65, -2358.19]
[-79.65, -2358.19]
[-79.65, -2358.19]
[-79.65, -2358.19]
[-79.65, -2358.19]
[-79.65, -2358.19]
[-79.65, -2358.19]
[-79.65, -2358.19]
[-79.65, -2358.19]
[-79.65, -2358.19]
[-79.65, -2358.19]
[-79.57, -2358.19]
[-79.57, -2358.19]
[-79.57, -2358.19]
[-79.57, -2358.19]
[-79.57, -2358.19]
[-79.57, -2358.19]
[-79.57, -2358.19]
[-79.57, -2358.19]
[-79.57, -2358.19]
[-79.57, -2358.19]
[-79.57, -2358.19]
[-79.57, -2358.08]
[-79.49, -2358.08]
[-79.49, -2358.08]
[-79.57, -2358.08]
[-79.57, -2358.19]
[-79.57, -2358.19]
[-79.57, -2358.19]
[-79.57, -2358.19]
[-79.57, -2358.19]
[-79.57, -2358.19]
[-79.57, -2358.19]
[-79.57, -2358.19]
[-79.57, -2358.19]
[-79.57, -2358.19]
[-79.57, -2358.19]
[-79.57, -2358.19]
[-79.57, -2358.19]
[-79.57, -2358.19]
[-79.57, -2358.19]
[-79.57, -2358.19]
[-79.57, -2358.19]
[-79.57, -2358.19]
[-79.57, -2358.19]
[-79.57, -2358.19]
[-79.57, -2358.19]
[-79.57, -2358.19]
[-79.57, -2358.19]
[-79.57, -2358.08]
[-79.57, -2358.08]
[-79.57, -2358.08]
[-79.57, -2358.08]
[-79.57, -2358.08]
[-79.65, -2358.08]
[-79.65, -2358.08]
[-79.65, -2358.08]
[-79.57, -2357.97]
[-79.57, -2357.97]
[-79.57, -2357.97]
[-79.57, -2357.97]
[-79.57, -2357.97]
[-79.57, -2357.97]
[-79.57, -2357.97]
[-79.57, -2357.97]
[-79.57, -2357.97]
[-79.57, -2357.97]
[-79.57, -2357.97]
[-79.57, -2357.97]
[-79.57, -2357.97]
[-79.57, -2357.97]
[-79.57, -2357.97]
[-79.57, -2357.97]
[-79.57, -2357.97]
[-79.57, -2357.97]
[-79.57, -2357.86]
[-79.57, -2357.86]
[-79.57, -2357.86]
[-79.57, -2357.86]
[-79.57, -2357.86]
[-79.57, -2357.86]
[-79.57, -2357.86]
[-79.57, -2357.86]
[-79.49, -2357.86]
[-79.49, -2357.86]
[-79.49, -2357.86]
[-79.49, -2357.86]
[-79.41, -2357.86]
[-79.41, -2357.86]
[-79.41, -2357.97]
[-79.41, -2357.97]
[-79.41, -2357.97]
[-79.41, -2357.97]
[-79.41, -2357.97]
[-79.41, -2357.97]
[-79.41, -2357.97]
[-79.41, -2357.97]
[-79.41, -2357.97]
[-79.41, -2357.97]
[-79.41, -2357.97]
[-79.41, -2357.97]
[-79.41, -2357.97]
[-79.41, -2357.97]
[-79.41, -2357.97]
[-79.41, -2357.97]
[-79.41, -2357.97]
[-79.41, -2357.97]
[-79.41, -2357.97]
[-79.41, -2357.97]
[-79.41, -2357.97]
[-79.32, -2357.97]
[-79.32, -2357.97]
[-79.32, -2357.97]
[-79.41, -2357.97]
[-79.41, -2357.97]
[-79.41, -2357.97]
[-79.41, -2357.97]
[-79.41, -2357.97]
[-79.41, -2357.97]
[-79.41, -2357.97]
[-79.41, -2357.97]
[-79.49, -2357.97]
[-79.49, -2357.97]
[-79.49, -2357.97]
[-79.49, -2357.97]
[-79.49, -2357.97]
[-79.49, -2357.97]
[-79.49, -2357.97]
[-79.49, -2357.97]
[-79.49, -2357.97]
[-79.49, -2357.97]
[-79.41, -2357.97]
[-79.41, -2357.97]
[-79.41, -2357.97]
[-79.41, -2357.97]
[-79.41, -2358.08]
[-79.41, -2358.08]
[-79.41, -2358.08]
[-79.41, -2358.08]
[-79.41, -2358.08]
[-79.49, -2358.08]
[-79.49, -2358.08]
[-79.57, -2358.08]
[-79.57, -2358.08]
[-79.65, -2357.97]
[-79.73, -2357.97]
[-79.73, -2357.97]
[-79.73, -2357.97]
[-79.82, -2357.97]
[-79.82, -2357.97]
[-79.90, -2357.97]
[-79.90, -2357.86]
[-79.90, -2357.86]
[-79.90, -2357.86]
[-79.98, -2357.86]
[-79.98, -2357.75]
[-79.98, -2357.75]
[-79.98, -2357.75]
[-80.06, -2357.75]
[-80.06, -2357.75]
[-80.06, -2357.75]
[-80.06, -2357.75]
[-80.06, -2357.75]
[-80.06, -2357.75]
[-80.14, -2357.75]
[-80.14, -2357.75]
[-80.14, -2357.75]
[-80.14, -2357.75]
[-80.14, -2357.75]
[-80.14, -2357.75]
[-80.14, -2357.75]
[-80.14, -2357.64]
[-80.14, -2357.64]
[-80.14, -2357.64]
[-80.23, -2357.64]
[-80.23, -2357.64]
[-80.23, -2357.64]
[-80.23, -2357.64]
[-80.23, -2357.64]
[-80.23, -2357.64]
[-80.23, -2357.64]
[-80.23, -2357.64]
[-80.23, -2357.64]
[-80.23, -2357.64]
[-80.23, -2357.64]
[-80.23, -2357.64]
[-80.31, -2357.64]
[-80.31, -2357.64]
[-80.31, -2357.64]
[-80.31, -2357.64]
[-80.31, -2357.64]
[-80.39, -2357.64]
[-80.39, -2357.52]
[-80.39, -2357.52]
[-80.39, -2357.52]
[-80.39, -2357.52]
[-80.39, -2357.52]
[-80.39, -2357.52]
[-80.39, -2357.52]
[-80.47, -2357.52]
[-80.47, -2357.52]
[-80.47, -2357.52]
[-80.47, -2357.41]
[-80.47, -2357.41]
[-80.47, -2357.41]
[-80.47, -2357.41]
[-80.55, -2357.41]
[-80.55, -2357.41]
[-80.55, -2357.41]
[-80.55, -2357.41]
[-80.55, -2357.41]
[-80.55, -2357.41]
[-80.55, -2357.41]
[-80.55, -2357.41]
[-80.55, -2357.41]
[-80.55, -2357.41]
[-80.55, -2357.41]
[-80.55, -2357.41]
[-80.55, -2357.41]
[-80.55, -2357.41]
[-80.55, -2357.41]
[-80.55, -2357.41]
[-80.55, -2357.41]
[-80.55, -2357.41]
[-80.55, -2357.41]
[-80.55, -2357.41]
[-80.55, -2357.41]
[-80.47, -2357.41]
[-80.47, -2357.41]
[-80.47, -2357.41]
[-80.47, -2357.41]
[-80.47, -2357.41]
[-80.47, -2357.41]
[-80.47, -2357.41]
[-80.47, -2357.41]
[-80.47, -2357.41]
[-80.47, -2357.41]
[-80.39, -2357.41]
[-80.39, -2357.52]
[-80.39, -2357.52]
[-80.39, -2357.52]
[-80.39, -2357.52]
[-80.39, -2357.52]
[-80.39, -2357.52]
[-80.31, -2357.52]
[-80.31, -2357.52]
[-80.31, -2357.52]
[-80.31, -2357.52]
[-80.31, -2357.52]
[-80.31, -2357.52]
[-80.31, -2357.52]
[-80.31, -2357.52]
[-80.23, -2357.64]
[-80.23, -2357.64]
[-80.23, -2357.64]
[-80.23, -2357.64]
[-80.23, -2357.64]
[-80.23, -2357.64]
[-80.23, -2357.64]
[-80.23, -2357.64]
[-80.23, -2357.64]
[-80.14, -2357.64]
[-80.14, -2357.64]
[-80.14, -2357.64]
[-80.14, -2357.64]
[-80.14, -2357.64]
[-80.14, -2357.64]
[-80.14, -2357.64]
[-80.14, -2357.64]
[-80.06, -2357.64]
[-80.06, -2357.64]
[-80.06, -2357.64]
[-80.06, -2357.64]
[-80.06, -2357.64]
[-80.06, -2357.64]
[-80.06, -2357.64]
[-80.06, -2357.64]
[-80.06, -2357.64]
[-79.98, -2357.64]
[-79.98, -2357.75]
[-79.98, -2357.75]
[-79.98, -2357.75]
[-79.90, -2357.75]
[-79.90, -2357.75]
[-79.90, -2357.75]
[-79.90, -2357.75]
[-79.90, -2357.75]
[-79.90, -2357.75]
[-79.90, -2357.75]
[-79.82, -2357.75]
[-79.82, -2357.75]
[-79.82, -2357.75]
[-79.82, -2357.75]
[-79.82, -2357.75]
[-79.82, -2357.75]
[-79.82, -2357.75]
[-79.73, -2357.75]
[-79.73, -2357.75]
[-79.73, -2357.75]
[-79.73, -2357.75]
[-79.73, -2357.75]
[-79.73, -2357.75]
[-79.73, -2357.75]
[-79.73, -2357.75]
[-79.73, -2357.75]
[-79.65, -2357.75]
[-79.65, -2357.75]
[-79.65, -2357.75]
[-79.65, -2357.75]
[-79.65, -2357.75]
[-79.65, -2357.75]
[-79.65, -2357.75]
[-79.65, -2357.75]
[-79.65, -2357.75]
[-79.57, -2357.75]
[-79.57, -2357.75]
[-79.57, -2357.75]
[-79.57, -2357.75]
[-79.57, -2357.75]
[-79.57, -2357.75]
[-79.57, -2357.75]
[-79.57, -2357.75]
[-79.49, -2357.75]
[-79.49, -2357.75]
[-79.49, -2357.75]
[-79.49, -2357.75]
[-79.49, -2357.75]
[-79.49, -2357.75]
[-79.41, -2357.75]
[-79.41, -2357.75]
[-79.41, -2357.75]
[-79.41, -2357.75]
[-79.41, -2357.75]
[-79.41, -2357.75]
[-79.41, -2357.75]
[-79.32, -2357.75]
[-79.32, -2357.64]
[-79.32, -2357.64]
[-79.32, -2357.64]
[-79.32, -2357.64]
[-79.32, -2357.64]
[-79.32, -2357.64]
[-79.24, -2357.64]
[-79.24, -2357.64]
[-79.24, -2357.64]
[-79.24, -2357.64]
[-79.24, -2357.64]
[-79.24, -2357.64]
[-79.24, -2357.64]
[-79.24, -2357.64]
[-79.24, -2357.75]
[-79.24, -2357.75]
[-79.24, -2357.75]
[-79.24, -2357.64]
[-79.24, -2357.64]
[-79.24, -2357.64]
[-79.24, -2357.64]
[-79.16, -2357.41]
[-79.08, -2357.30]
[-78.83, -2356.97]
[-78.59, -2356.63]
[-78.10, -2356.30]
[-77.77, -2356.08]
[-77.03, -2355.74]
[-76.62, -2355.63]
[-75.88, -2355.52]
[-75.23, -2355.63]
[-74.24, -2355.85]
[-73.59, -2356.19]
[-72.44, -2356.97]
[-71.70, -2357.64]
[-70.47, -2358.97]
[-69.57, -2359.97]
[-68.18, -2361.64]
[-67.11, -2362.76]
[-65.23, -2364.54]
[-63.84, -2365.65]
[-61.79, -2367.10]
[-59.82, -2368.43]
[-58.59, -2369.21]
[-57.36, -2369.99]
[-55.56, -2371.11]
[-53.76, -2372.11]
[-52.53, -2372.77]
[-50.56, -2373.55]
[-49.17, -2374.00]
[-46.96, -2374.33]
[-45.40, -2374.33]
[-43.10, -2373.78]
[-41.63, -2373.11]
[-39.58, -2371.66]
[-38.19, -2370.55]
[-36.38, -2368.43]
[-35.16, -2366.99]
[-33.43, -2364.54]
[-32.45, -2362.76]
[-31.14, -2360.08]
[-30.57, -2358.30]
[-29.99, -2355.63]
[-29.75, -2353.96]
[-29.58, -2351.74]
[-29.66, -2350.40]
[-29.66, -2348.73]
[-29.75, -2347.73]
[-29.75, -2346.61]
[-29.83, -2346.06]
[-29.83, -2345.39]
[-29.83, -2345.17]
[-29.83, -2344.83]
[-29.83, -2344.72]
[-29.83, -2344.61]
[-29.83, -2344.61]
[-29.83, -2344.61]
[-29.83, -2344.61]
[-29.83, -2344.72]
[-29.83, -2344.72]
[-29.83, -2344.72]
[-29.83, -2344.72]
[-29.83, -2344.72]
[-29.83, -2344.72]
[-29.83, -2344.72]
[-29.83, -2344.72]
[-29.83, -2344.72]
[-29.83, -2344.72]
[-29.83, -2344.72]
[-29.83, -2344.72]
[-29.83, -2344.72]
[-29.83, -2344.50]
[-29.83, -2344.39]
[-29.83, -2343.94]
[-29.91, -2343.61]
[-29.99, -2342.94]
[-30.07, -2342.50]
[-30.24, -2341.72]
[-30.40, -2341.27]
[-30.81, -2340.49]
[-30.98, -2340.05]
[-31.39, -2339.38]
[-31.55, -2339.16]
[-31.80, -2338.71]
[-31.96, -2338.49]
[-32.04, -2338.49]
[-31.96, -2338.49]
[-31.88, -2338.60]
[-31.80, -2338.71]
[-31.71, -2339.05]
[-31.47, -2339.38]
[-31.14, -2340.05]
[-30.81, -2340.49]
[-30.32, -2341.05]
[-29.91, -2341.49]
[-29.75, -2341.72]
[-29.66, -2341.72]
[-29.66, -2341.72]
[-29.66, -2341.83]
[-29.66, -2341.83]
[-29.66, -2341.83]
[-29.66, -2341.83]
[-29.66, -2341.83]
[-29.66, -2341.83]
[-29.66, -2341.83]
[-29.66, -2341.83]
[-29.66, -2341.83]
[-29.66, -2341.83]
[-29.66, -2341.83]
[-29.66, -2341.83]
[-29.66, -2341.72]
[-29.58, -2341.83]
[-29.58, -2341.83]
[-29.58, -2341.83]
[-29.58, -2341.83]
[-29.58, -2341.83]
[-29.58, -2341.83]
[-29.58, -2341.83]
[-29.58, -2341.83]
[-29.58, -2341.83]
[-29.58, -2341.94]
[-29.58, -2341.94]
[-29.58, -2341.94]
[-29.58, -2341.94]
[-29.58, -2341.94]
[-29.58, -2341.94]
[-29.58, -2341.94]
[-29.58, -2341.94]
[-29.58, -2341.94]
[-29.58, -2341.94]
[-29.58, -2341.94]
[-29.50, -2341.94]
[-29.50, -2342.05]
[-29.50, -2342.05]
[-29.50, -2342.05]
[-29.50, -2342.05]
[-29.50, -2342.05]
[-29.50, -2342.05]
[-29.50, -2342.05]
[-29.50, -2342.05]
[-29.50, -2342.05]
[-29.42, -2342.05]
[-29.42, -2342.05]
[-29.42, -2342.05]
[-29.42, -2342.05]
[-29.42, -2342.05]
[-29.42, -2342.16]
[-29.42, -2342.16]
[-29.42, -2342.05]
[-29.42, -2342.16]
[-29.42, -2342.16]
[-29.42, -2342.16]
[-29.42, -2342.16]
[-29.42, -2342.05]
[-29.42, -2342.05]
[-29.42, -2342.05]
[-29.42, -2342.05]
[-29.42, -2342.05]
[-29.42, -2342.05]
[-29.42, -2342.05]
[-29.42, -2342.05]
[-29.34, -2342.05]
[-29.34, -2342.05]
[-29.34, -2342.05]
[-29.34, -2342.05]
[-29.34, -2342.05]
[-29.34, -2342.05]
[-29.34, -2341.94]
[-29.34, -2341.94]
[-29.34, -2341.94]
[-29.34, -2341.94]
[-29.34, -2341.94]
[-29.34, -2341.94]
[-29.34, -2341.94]
[-29.34, -2341.83]
[-29.34, -2341.83]
[-29.34, -2341.83]
[-29.34, -2341.83]
[-29.26, -2341.83]
[-29.26, -2341.83]
[-29.26, -2341.83]
[-29.26, -2341.83]
[-29.26, -2341.83]
[-29.26, -2341.83]
[-29.17, -2341.72]
[-29.17, -2341.72]
[-29.17, -2341.72]
[-29.17, -2341.72]
[-29.17, -2341.72]
[-29.17, -2341.72]
[-29.17, -2341.72]
[-29.17, -2341.72]
[-29.17, -2341.72]
[-29.17, -2341.72]
[-29.17, -2341.72]
[-29.17, -2341.72]
[-29.17, -2341.61]
[-29.17, -2341.61]
[-29.17, -2341.61]
[-29.17, -2341.61]
[-29.17, -2341.61]
[-29.17, -2341.49]
[-29.17, -2341.49]
[-29.17, -2341.49]
[-29.17, -2341.49]
[-29.17, -2341.49]
[-29.17, -2341.49]
[-29.17, -2341.49]
[-29.17, -2341.38]
[-29.26, -2341.38]
[-29.26, -2341.38]
[-29.26, -2341.38]
[-29.26, -2341.38]
[-29.26, -2341.38]
[-29.26, -2341.38]
[-29.26, -2341.38]
[-29.34, -2341.38]
[-29.34, -2341.38]
[-29.34, -2341.38]
[-29.34, -2341.38]
[-29.34, -2341.38]
[-29.34, -2341.38]
[-29.34, -2341.38]
[-29.26, -2341.27]
[-29.26, -2341.27]
[-29.17, -2341.27]
[-29.17, -2341.27]
[-29.17, -2341.16]
[-29.17, -2341.16]
[-29.17, -2341.16]
[-29.09, -2341.16]
[-29.09, -2341.16]
[-29.09, -2341.16]
[-29.09, -2341.05]
[-29.09, -2341.05]
[-29.09, -2341.05]
[-29.09, -2341.05]
[-29.01, -2341.05]
[-29.01, -2341.05]
[-29.01, -2341.05]
[-29.01, -2341.05]
[-29.01, -2341.05]
[-29.01, -2341.05]
[-29.01, -2341.05]
[-29.01, -2341.05]
[-29.01, -2340.94]
[-29.01, -2340.94]
[-29.01, -2340.94]
[-29.01, -2340.94]
[-29.01, -2340.94]
[-28.93, -2340.94]
[-28.93, -2340.94]
[-28.93, -2340.94]
[-28.93, -2340.83]
[-28.93, -2340.83]
[-28.93, -2340.83]
[-28.93, -2340.83]
[-28.93, -2340.83]
[-28.93, -2340.83]
[-28.93, -2340.83]
[-28.93, -2340.83]
[-28.93, -2340.83]
[-28.93, -2340.83]
[-28.93, -2340.83]
[-28.93, -2340.83]
[-28.93, -2340.83]
[-28.93, -2340.83]
[-28.93, -2340.83]
[-28.93, -2340.83]
[-28.93, -2340.83]
[-28.93, -2340.83]
[-28.93, -2340.83]
[-28.93, -2340.83]
[-28.93, -2340.83]
[-28.93, -2340.83]
[-28.93, -2340.83]
[-28.93, -2340.94]
[-28.93, -2340.94]
[-28.93, -2340.94]
[-28.93, -2340.94]
[-29.01, -2341.05]
[-29.01, -2341.05]
[-29.01, -2341.05]
[-29.09, -2341.16]
[-29.09, -2341.16]
[-29.09, -2341.16]
[-29.09, -2341.27]
[-29.17, -2341.27]
[-29.17, -2341.38]
[-29.26, -2341.38]
[-29.26, -2341.38]
[-29.26, -2341.38]
[-29.26, -2341.38]
[-29.42, -2341.38]
[-29.66, -2341.16]
[-29.91, -2341.05]
[-30.40, -2340.60]
[-30.81, -2340.27]
[-31.63, -2339.49]
[-32.12, -2338.93]
[-32.86, -2337.93]
[-33.27, -2337.26]
[-33.76, -2335.82]
[-34.01, -2334.81]
[-34.25, -2333.15]
[-34.34, -2331.81]
[-34.50, -2329.69]
[-34.50, -2328.14]
[-34.50, -2325.58]
[-34.42, -2323.79]
[-34.17, -2320.79]
[-34.01, -2318.67]
[-33.68, -2315.22]
[-33.52, -2312.89]
[-33.19, -2309.10]
[-33.02, -2306.43]
[-32.70, -2302.53]
[-32.62, -2299.86]
[-32.37, -2295.85]
[-32.21, -2293.18]
[-31.96, -2289.06]
[-31.80, -2286.50]
[-31.63, -2282.61]
[-31.47, -2280.05]
[-31.30, -2276.48]
[-31.14, -2274.37]
[-31.06, -2271.36]
[-30.98, -2269.58]
[-30.89, -2267.13]
[-30.89, -2265.80]
[-30.89, -2264.02]
[-30.89, -2263.01]
[-30.89, -2261.79]
[-30.98, -2261.12]
[-31.30, -2260.01]
[-31.63, -2259.23]
[-32.45, -2257.89]
[-33.35, -2257.00]
[-35.24, -2255.78]
[-36.79, -2255.22]
[-39.58, -2254.66]
[-41.63, -2254.55]
[-45.07, -2254.78]
[-47.53, -2255.22]
[-51.46, -2256.33]
[-54.17, -2257.34]
[-58.35, -2259.56]
[-61.13, -2261.46]
[-65.48, -2264.46]
[-68.59, -2266.69]
[-73.51, -2270.03]
[-76.95, -2272.48]
[-82.44, -2276.15]
[-86.21, -2278.60]
[-91.86, -2282.27]
[-95.63, -2284.61]
[-101.12, -2288.06]
[-104.73, -2290.29]
[-109.97, -2293.40]
[-113.25, -2295.30]
[-117.92, -2298.08]
[-120.79, -2299.86]
[-124.89, -2302.31]
[-127.43, -2303.76]
[-131.03, -2305.87]
[-133.25, -2307.21]
[-136.44, -2308.88]
[-138.49, -2309.99]
[-141.60, -2311.22]
[-143.82, -2311.88]
[-147.34, -2312.44]
[-149.80, -2312.44]
[-153.73, -2311.99]
[-156.44, -2311.22]
[-160.62, -2309.66]
[-163.40, -2308.43]
[-167.83, -2306.43]
[-170.78, -2305.09]
[-175.12, -2302.64]
[-177.99, -2300.97]
[-181.92, -2298.08]
[-184.46, -2295.96]
[-187.99, -2292.51]
[-190.20, -2290.06]
[-193.31, -2286.17]
[-196.10, -2281.83]
[-197.74, -2278.60]
[-199.21, -2275.26]
[-201.02, -2270.03]
[-202.25, -2266.46]
[-204.05, -2260.90]
[-205.28, -2257.11]
[-207.08, -2251.21]
[-208.31, -2247.10]
[-210.19, -2240.86]
[-212.08, -2234.40]
[-213.55, -2229.95]
[-215.69, -2223.16]
[-217.16, -2218.49]
[-219.37, -2211.36]
[-220.77, -2206.57]
[-222.98, -2199.23]
[-224.54, -2194.33]
[-226.75, -2186.98]
[-228.22, -2182.20]
[-230.52, -2174.85]
[-232.07, -2169.95]
[-234.45, -2162.60]
[-235.93, -2157.82]
[-237.40, -2153.25]
[-239.37, -2146.69]
[-241.17, -2140.56]
[-242.24, -2136.78]
[-243.63, -2131.55]
[-244.37, -2128.43]
[-245.43, -2124.20]
[-246.09, -2121.53]
[-246.74, -2118.86]
[-247.73, -2114.29]
[-248.87, -2109.28]
[-249.61, -2105.61]
[-250.76, -2099.60]
[-251.50, -2095.48]
[-252.56, -2088.80]
[-253.22, -2084.23]
[-254.20, -2077.11]
[-254.77, -2072.32]
[-255.68, -2064.75]
[-256.25, -2059.52]
[-256.90, -2051.73]
[-257.23, -2046.39]
[-257.56, -2038.15]
[-257.72, -2032.58]
[-257.89, -2024.23]
[-257.97, -2018.56]
[-257.97, -2010.21]
[-257.89, -2004.64]
[-257.64, -1996.40]
[-257.31, -1991.06]
[-256.58, -1982.93]
[-255.84, -1977.70]
[-254.53, -1969.91]
[-253.38, -1964.79]
[-251.41, -1957.33]
[-249.94, -1952.43]
[-247.48, -1944.97]
[-245.68, -1940.08]
[-242.56, -1932.73]
[-240.35, -1927.94]
[-236.66, -1920.71]
[-234.04, -1915.92]
[-229.78, -1908.68]
[-226.75, -1903.90]
[-221.91, -1896.66]
[-218.64, -1891.87]
[-213.47, -1884.42]
[-208.23, -1876.96]
[-204.54, -1871.84]
[-199.13, -1864.16]
[-195.44, -1858.92]
[-189.95, -1850.91]
[-186.51, -1845.45]
[-181.51, -1836.99]
[-178.32, -1831.09]
[-173.89, -1822.19]
[-171.19, -1815.95]
[-167.42, -1806.49]
[-165.21, -1799.92]
[-162.34, -1789.91]
[-160.70, -1783.12]
[-158.65, -1772.65]
[-157.67, -1765.64]
[-156.60, -1754.84]
[-156.27, -1747.60]
[-156.27, -1736.58]
[-156.60, -1729.24]
[-157.50, -1718.11]
[-158.40, -1710.65]
[-159.80, -1699.40]
[-160.86, -1691.94]
[-162.42, -1680.70]
[-163.48, -1673.13]
[-165.12, -1661.78]
[-166.11, -1654.32]
[-167.75, -1642.85]
[-168.81, -1635.28]
[-170.37, -1623.93]
[-171.35, -1616.47]
[-172.91, -1605.12]
[-173.89, -1597.55]
[-175.37, -1586.19]
[-176.43, -1578.62]
[-177.91, -1567.27]
[-178.89, -1559.70]
[-180.28, -1548.34]
[-181.27, -1540.88]
[-182.66, -1529.53]
[-183.56, -1522.07]
[-184.96, -1511.27]
[-185.86, -1504.15]
[-187.17, -1493.80]
[-188.07, -1487.12]
[-189.38, -1477.43]
[-190.20, -1471.20]
[-191.51, -1462.29]
[-192.25, -1456.62]
[-193.40, -1448.49]
[-194.13, -1443.26]
[-195.12, -1435.91]
[-195.77, -1431.12]
[-196.67, -1424.11]
[-197.25, -1419.55]
[-198.07, -1413.20]
[-198.56, -1409.42]
[-199.30, -1404.41]
[-199.62, -1401.29]
[-200.20, -1397.50]
[-200.44, -1395.39]
[-200.69, -1393.05]
[-200.85, -1391.83]
[-201.02, -1390.60]
[-201.10, -1390.05]
[-201.10, -1389.82]
[-201.10, -1389.82]
[-201.10, -1389.82]
[-201.10, -1389.82]
[-201.10, -1389.94]
[-201.10, -1389.94]
[-201.10, -1389.94]
[-201.18, -1389.71]
[-201.34, -1388.93]
[-201.51, -1388.15]
[-202.00, -1386.71]
[-202.66, -1385.48]
[-204.21, -1383.37]
[-205.69, -1381.81]
[-208.64, -1379.69]
[-211.01, -1378.47]
[-215.19, -1377.02]
[-218.23, -1376.24]
[-223.31, -1375.57]
[-226.91, -1375.35]
[-232.65, -1375.35]
[-236.58, -1375.69]
[-242.81, -1376.47]
[-247.15, -1377.02]
[-253.95, -1377.58]
[-258.63, -1377.69]
[-266.00, -1377.47]
[-271.00, -1377.02]
[-278.78, -1376.13]
[-284.03, -1375.24]
[-291.98, -1374.02]
[-297.30, -1373.13]
[-304.93, -1371.79]
[-309.92, -1371.01]
[-317.22, -1369.90]
[-321.81, -1369.12]
[-328.28, -1368.12]
[-332.13, -1367.34]
[-337.54, -1366.11]
[-340.74, -1365.22]
[-344.75, -1363.33]
[-347.05, -1361.99]
[-349.91, -1359.77]
[-351.47, -1358.21]
[-353.52, -1355.76]
[-354.59, -1354.20]
[-355.82, -1351.75]
[-356.47, -1350.19]
[-357.21, -1347.75]
[-357.54, -1346.08]
[-357.86, -1343.85]
[-358.03, -1342.40]
[-358.19, -1340.51]
[-358.19, -1339.40]
[-358.19, -1338.06]
[-358.19, -1337.28]
[-358.19, -1336.50]
[-358.19, -1336.17]
[-358.11, -1335.83]
[-358.11, -1335.83]
[-358.11, -1335.83]
[-358.11, -1335.83]
[-358.11, -1335.72]
[-358.11, -1335.61]
[-358.19, -1334.39]
[-358.19, -1332.83]
[-358.44, -1329.93]
[-358.93, -1325.59]
[-360.24, -1320.14]
[-362.86, -1313.90]
[-367.37, -1307.45]
[-373.84, -1301.88]
[-382.20, -1297.32]
[-388.02, -1295.31]
[-392.12, -1294.09]
[-398.67, -1292.20]
[-410.56, -1289.41]
[-415.55, -1288.19]
[-431.53, -1284.63]
[-445.63, -1281.18]
[-460.13, -1277.17]
[-474.72, -1272.72]
[-492.18, -1266.48]
[-506.76, -1260.92]
[-521.27, -1254.79]
[-535.61, -1248.23]
[-549.70, -1240.99]
[-584.94, -1221.17]
[-598.62, -1214.38]
[-615.59, -1207.93]
[-630.34, -1204.03]
[-639.43, -1202.47]
[-645.58, -1201.69]
[-654.92, -1201.03]
[-661.23, -1200.80]
[-670.82, -1201.03]
[-677.21, -1201.25]
[-686.96, -1201.81]
[-693.44, -1202.25]
[-703.03, -1202.81]
[-709.42, -1203.25]
[-718.76, -1203.92]
[-724.91, -1204.25]
[-733.76, -1204.81]
[-739.41, -1205.26]
[-747.44, -1205.70]
[-752.52, -1206.04]
[-759.57, -1206.48]
[-763.99, -1206.81]
[-770.06, -1207.26]
[-773.66, -1207.82]
[-778.58, -1208.93]
[-782.92, -1210.71]
[-785.38, -1212.05]
[-788.66, -1214.61]
[-790.55, -1216.61]
[-792.68, -1219.84]
[-793.66, -1222.07]
[-794.48, -1225.74]
[-794.64, -1228.19]
[-794.64, -1231.75]
[-794.64, -1233.98]
[-794.72, -1237.32]
[-795.13, -1239.32]
[-796.28, -1242.21]
[-797.43, -1243.77]
[-799.72, -1245.89]
[-801.61, -1247.00]
[-804.97, -1248.11]
[-807.43, -1248.56]
[-811.44, -1249.00]
[-814.31, -1249.12]
[-818.90, -1249.45]
[-822.18, -1249.67]
[-827.18, -1250.01]
[-830.54, -1250.12]
[-835.53, -1250.34]
[-838.73, -1250.45]
[-844.96, -1250.56]
[-846.43, -1250.67]
[-852.33, -1250.67]
[-853.73, -1250.67]
[-859.22, -1250.34]
[-860.53, -1250.12]
[-865.45, -1248.78]
[-866.59, -1248.34]
[-870.53, -1246.00]
[-871.43, -1245.33]
[-874.87, -1242.88]
[-875.69, -1242.33]
[-879.05, -1240.32]
[-879.95, -1239.88]
[-883.64, -1238.32]
[-884.62, -1237.98]
[-888.47, -1237.09]
[-889.54, -1236.98]
[-894.45, -1236.76]
[-894.45, -1236.76]
[-899.04, -1237.09]
[-899.04, -1237.09]
[-903.06, -1237.65]
[-903.06, -1237.65]
[-906.09, -1238.99]
[-906.09, -1238.99]
[-908.06, -1240.88]
[-908.06, -1240.88]
[-908.96, -1242.66]
[-908.96, -1242.66]
[-909.21, -1243.66]
[-909.21, -1243.66]
[-909.37, -1244.11]
[-909.37, -1244.11]
[-909.37, -1244.22]
[-909.37, -1244.22]
[-909.37, -1244.22]
[-909.37, -1244.22]
[-909.37, -1244.22]
[-909.37, -1244.22]
[-909.37, -1244.22]
[-909.37, -1244.22]
[-909.37, -1244.22]
[-909.37, -1244.22]
[-909.37, -1244.33]
[-909.37, -1244.33]
[-909.37, -1244.33]
[-909.37, -1244.33]
[-909.37, -1244.33]
[-909.37, -1244.33]
[-909.37, -1244.33]
[-909.37, -1244.44]
[-909.37, -1244.44]
[-909.37, -1244.44]
[-909.37, -1244.44]
[-909.37, -1244.44]
[-909.37, -1244.55]
[-909.37, -1244.55]
[-909.37, -1244.55]
[-909.37, -1244.55]
[-909.37, -1244.55]
[-909.37, -1244.55]
[-909.37, -1244.66]
[-909.37, -1244.66]
[-909.37, -1244.66]
[-909.37, -1244.66]
[-909.37, -1244.66]
[-909.37, -1244.66]
[-909.37, -1244.66]
[-909.37, -1244.77]
[-909.37, -1244.77]
[-909.37, -1244.77]
[-909.37, -1244.77]
[-909.37, -1244.77]
[-909.37, -1244.89]
[-909.37, -1244.89]
[-909.37, -1244.89]
[-909.37, -1244.89]
[-909.37, -1244.89]
[-909.37, -1244.89]
[-909.37, -1244.89]
[-909.37, -1244.89]
[-909.37, -1245.00]
[-909.37, -1245.00]
[-909.37, -1245.00]
[-909.37, -1245.00]
[-909.37, -1245.00]
[-909.37, -1245.00]
[-909.37, -1245.11]
[-909.37, -1245.11]
[-909.37, -1245.11]
[-909.37, -1245.11]
[-909.37, -1245.11]
[-909.37, -1245.11]
[-909.37, -1245.11]
[-909.37, -1245.11]
[-909.37, -1245.22]
[-909.37, -1245.22]
[-909.37, -1245.22]
[-909.37, -1245.22]
[-909.37, -1245.22]
[-909.37, -1245.22]
[-909.37, -1245.22]
[-909.37, -1245.22]
[-909.37, -1245.22]
[-909.37, -1245.22]
[-909.37, -1245.33]
[-909.37, -1245.33]
[-909.37, -1245.33]
[-909.29, -1245.33]
[-909.29, -1245.33]
[-909.29, -1245.33]
[-909.29, -1245.33]
[-909.29, -1245.44]
[-909.29, -1245.44]
[-909.29, -1245.44]
[-909.29, -1245.44]
[-909.29, -1245.44]
[-909.29, -1245.44]
[-909.29, -1245.44]
[-909.29, -1245.44]
[-909.29, -1245.44]
[-909.29, -1245.55]
[-909.29, -1245.55]
[-909.29, -1245.55]
[-909.29, -1245.55]
[-909.29, -1245.55]
[-909.29, -1245.55]
[-909.29, -1245.55]
[-909.29, -1245.55]
[-909.29, -1245.55]
[-909.29, -1245.55]
[-909.29, -1245.67]
[-909.29, -1245.67]
[-909.29, -1245.67]
[-909.29, -1245.67]
[-909.29, -1245.67]
[-909.29, -1245.67]
[-909.29, -1245.67]
[-909.29, -1245.67]
[-909.29, -1245.67]
[-909.29, -1245.67]
[-909.29, -1245.67]
[-909.29, -1245.67]
[-909.29, -1245.78]
[-909.21, -1245.78]
[-909.21, -1245.78]
[-909.21, -1245.78]
[-909.21, -1245.78]
[-909.21, -1245.78]
[-909.29, -1245.78]
[-909.29, -1245.78]
[-909.29, -1245.78]
[-909.29, -1245.67]
[-909.29, -1245.67]
[-909.29, -1245.67]
[-909.29, -1245.67]
[-909.29, -1245.67]
[-909.29, -1245.67]
[-909.29, -1245.67]
[-909.29, -1245.67]
[-909.29, -1245.67]
[-909.29, -1245.67]
[-909.29, -1245.67]
[-909.29, -1245.67]
[-909.29, -1245.67]
[-909.29, -1245.67]
[-909.29, -1245.67]
[-909.29, -1245.67]
[-909.29, -1245.67]
[-909.29, -1245.67]
[-909.29, -1245.55]
[-909.29, -1245.55]
[-909.29, -1245.55]
[-909.29, -1245.55]
[-909.29, -1245.55]
[-909.29, -1245.55]
[-909.29, -1245.55]
[-909.29, -1245.55]
[-909.29, -1245.55]
[-909.29, -1245.55]
[-909.29, -1245.55]
[-909.29, -1245.55]
[-909.29, -1245.55]
[-909.29, -1245.55]
[-909.29, -1245.55]
[-909.29, -1245.55]
[-909.29, -1245.55]
[-909.29, -1245.55]
[-909.29, -1245.55]
[-909.29, -1245.55]
[-909.29, -1245.55]
[-909.29, -1245.55]
[-909.29, -1245.55]
[-909.29, -1245.55]
[-909.29, -1245.55]
[-909.29, -1245.55]
[-909.29, -1245.44]
[-909.29, -1245.44]
[-909.29, -1245.44]
[-909.29, -1245.44]
[-909.29, -1245.44]
[-909.29, -1245.44]
[-909.29, -1245.44]
[-909.29, -1245.44]
[-909.29, -1245.44]
[-909.29, -1245.44]
[-909.29, -1245.44]
[-909.29, -1245.44]
[-909.29, -1245.44]
[-909.29, -1245.44]
[-909.29, -1245.44]
[-909.29, -1245.33]
[-909.29, -1245.33]
[-909.29, -1245.33]
[-909.29, -1245.33]
[-909.29, -1245.33]
[-909.21, -1245.33]
[-909.21, -1245.33]
[-909.21, -1245.33]
[-909.21, -1245.33]
[-909.21, -1245.33]
[-909.21, -1245.33]
[-909.21, -1245.33]
[-909.29, -1245.33]
[-909.29, -1245.22]
[-909.29, -1245.22]
[-909.29, -1245.22]
[-909.29, -1245.22]
[-909.29, -1245.22]
[-909.29, -1245.22]
[-909.29, -1245.22]
[-909.29, -1245.22]
[-909.29, -1245.22]
[-909.29, -1245.22]
[-909.29, -1245.22]
[-909.29, -1245.22]
[-909.29, -1245.22]
[-909.29, -1245.22]
[-909.29, -1245.22]
[-909.29, -1245.22]
[-909.29, -1245.22]
[-909.29, -1245.22]
[-909.29, -1245.22]
[-909.29, -1245.22]
[-909.29, -1245.22]
[-909.29, -1245.22]
[-909.29, -1245.22]
[-909.29, -1245.22]
[-909.29, -1245.22]
[-909.37, -1245.22]
[-909.37, -1245.22]
[-909.37, -1245.11]
[-909.37, -1245.11]
[-909.37, -1245.11]
[-909.37, -1245.11]
[-909.37, -1245.11]
[-909.37, -1245.11]
[-909.37, -1245.11]
[-909.37, -1245.11]
[-909.37, -1245.11]
[-909.37, -1245.11]
[-909.37, -1245.11]
[-909.37, -1245.11]
[-909.37, -1245.11]
[-909.37, -1245.11]
[-909.37, -1245.11]
[-909.37, -1245.11]
[-909.37, -1245.11]
[-909.37, -1245.11]
[-909.37, -1245.11]
[-909.37, -1245.11]
[-909.37, -1245.11]
[-909.37, -1245.11]
[-909.37, -1245.11]
[-909.37, -1245.11]
[-909.37, -1245.11]
[-909.37, -1245.11]
[-909.37, -1245.11]
[-909.37, -1245.11]
[-909.37, -1245.11]
[-909.37, -1245.11]
[-909.37, -1245.11]
[-909.37, -1245.11]
[-909.37, -1245.11]
[-909.37, -1245.11]
[-909.37, -1245.11]
[-909.37, -1245.11]
[-909.37, -1245.00]
[-909.37, -1245.00]
[-909.37, -1245.00]
[-909.37, -1245.00]
[-909.37, -1245.00]
[-909.37, -1245.00]
[-909.37, -1245.00]
[-909.37, -1245.00]
[-909.37, -1245.00]
[-909.37, -1245.00]
[-909.37, -1245.00]
[-909.37, -1245.00]
[-909.37, -1245.00]
[-909.37, -1245.00]
[-909.37, -1245.00]
[-909.37, -1245.00]
[-909.37, -1245.00]
[-909.37, -1245.00]
[-909.37, -1245.00]
[-909.29, -1244.89]
[-909.29, -1244.89]
[-909.29, -1244.89]
[-909.29, -1244.89]
[-909.29, -1244.89]
[-909.29, -1244.89]
[-909.29, -1244.89]
[-909.29, -1244.89]
[-909.29, -1244.89]
[-909.29, -1244.89]
[-909.29, -1244.89]
[-909.29, -1244.89]
[-909.29, -1244.89]
[-909.29, -1244.89]
[-909.29, -1244.89]
[-909.29, -1244.89]
[-909.29, -1244.89]
[-909.29, -1244.89]
[-909.21, -1244.89]
[-909.21, -1244.89]
[-909.21, -1244.89]
[-909.21, -1244.89]
[-909.21, -1244.89]
[-909.21, -1244.89]
[-909.21, -1244.77]
[-909.21, -1244.77]
[-909.21, -1244.77]
[-909.21, -1244.77]
[-909.21, -1244.77]
[-909.21, -1244.77]
[-909.21, -1244.77]
[-909.21, -1244.77]
[-909.21, -1244.77]
[-909.21, -1244.77]
[-909.21, -1244.77]
[-909.21, -1244.77]
[-909.21, -1244.77]
[-909.21, -1244.77]
[-909.21, -1244.77]
[-909.21, -1244.77]
[-909.21, -1244.66]
[-909.21, -1244.66]
[-909.12, -1244.66]
[-909.12, -1244.66]
[-909.12, -1244.66]
[-909.12, -1244.66]
[-909.12, -1244.66]
[-909.12, -1244.66]
[-909.12, -1244.66]
[-909.12, -1244.66]
[-909.12, -1244.66]
[-909.12, -1244.66]
[-909.12, -1244.66]
[-909.12, -1244.66]
[-909.12, -1244.66]
[-909.12, -1244.66]
[-909.12, -1244.66]
[-909.12, -1244.66]
[-909.12, -1244.55]
[-909.12, -1244.55]
[-909.12, -1244.55]
[-909.12, -1244.55]
[-909.12, -1244.55]
[-909.12, -1244.55]
[-909.12, -1244.55]
[-909.12, -1244.55]
[-909.12, -1244.55]
[-909.12, -1244.55]
[-909.12, -1244.55]
[-909.04, -1244.55]
[-909.04, -1244.55]
[-909.04, -1244.55]
[-909.04, -1244.55]
[-909.04, -1244.55]
[-909.04, -1244.55]
[-909.04, -1244.55]
[-909.04, -1244.55]
[-909.04, -1244.55]
[-909.04, -1244.55]
[-909.04, -1244.44]
[-909.04, -1244.44]
[-909.04, -1244.44]
[-909.04, -1244.44]
[-909.04, -1244.44]
[-909.04, -1244.44]
[-909.04, -1244.44]
[-909.04, -1244.44]
[-909.04, -1244.44]
[-909.04, -1244.44]
[-909.04, -1244.44]
[-909.04, -1244.44]
[-909.04, -1244.44]
[-909.04, -1244.44]
[-909.04, -1244.44]
[-909.04, -1244.44]
[-909.04, -1244.44]
[-909.04, -1244.44]
[-909.04, -1244.33]
[-909.04, -1244.33]
[-909.04, -1244.33]
[-909.04, -1244.33]
[-909.04, -1244.33]
[-909.04, -1244.33]
[-909.04, -1244.33]
[-909.04, -1244.33]
[-909.04, -1244.33]
[-909.04, -1244.33]
[-909.04, -1244.33]
[-909.04, -1244.33]
[-909.04, -1244.33]
[-909.04, -1244.33]
[-909.04, -1244.33]
[-909.04, -1244.33]
[-909.04, -1244.33]
[-909.04, -1244.33]
[-909.04, -1244.33]
[-909.04, -1244.33]
[-909.04, -1244.33]
[-908.96, -1244.33]
[-908.96, -1244.33]
[-908.96, -1244.33]
[-908.96, -1244.44]
[-908.96, -1244.44]
[-908.96, -1244.44]
[-908.96, -1244.44]
[-908.96, -1244.44]
[-908.96, -1244.44]
[-908.96, -1244.44]
[-908.96, -1244.44]
[-908.96, -1244.44]
[-908.96, -1244.44]
[-908.96, -1244.44]
[-908.96, -1244.44]
[-908.96, -1244.33]
[-908.96, -1244.33]
[-908.96, -1244.33]
[-908.96, -1244.33]
[-908.96, -1244.33]
[-908.96, -1244.33]
[-909.04, -1244.33]
[-909.04, -1244.33]
[-909.04, -1244.33]
[-909.04, -1244.33]
[-909.04, -1244.33]
[-909.04, -1244.33]
[-909.04, -1244.22]
[-909.04, -1244.22]
[-909.04, -1244.22]
[-909.04, -1244.22]
[-909.04, -1244.22]
[-909.04, -1244.22]
[-909.12, -1244.33]
[-909.12, -1244.33]
[-909.12, -1244.33]
[-909.37, -1244.66]
[-909.37, -1244.66]
[-909.45, -1244.77]
[-909.78, -1245.22]
[-909.78, -1245.22]
[-909.78, -1245.22]
[-910.35, -1245.89]
[-910.35, -1245.89]
[-910.35, -1245.89]
[-911.34, -1247.22]
[-911.58, -1247.56]
[-911.58, -1247.56]
[-912.56, -1249.45]
[-912.56, -1249.45]
[-912.81, -1250.01]
[-913.79, -1252.68]
[-913.79, -1252.68]
[-913.96, -1253.46]
[-914.70, -1257.13]
[-914.70, -1257.13]
[-914.86, -1258.13]
[-915.52, -1262.59]
[-915.52, -1262.59]
[-915.68, -1263.70]
[-916.33, -1268.15]
[-916.33, -1268.15]
[-916.58, -1269.26]
[-917.73, -1273.38]
[-918.14, -1274.27]
[-918.14, -1274.27]
[-920.10, -1277.73]
[-920.10, -1277.73]
[-920.68, -1278.50]
[-923.55, -1281.18]
[-923.55, -1281.18]
[-924.28, -1281.73]
[-927.81, -1283.63]
[-927.81, -1283.63]
[-928.71, -1283.96]
[-932.31, -1285.29]
[-933.22, -1285.52]
[-933.22, -1285.52]
[-936.66, -1286.85]
[-936.66, -1286.85]
[-937.48, -1287.30]
[-940.43, -1289.41]
[-940.43, -1289.41]
[-941.08, -1289.97]
[-943.13, -1292.86]
[-943.46, -1293.76]
[-943.79, -1294.65]
[-944.52, -1297.65]
[-944.52, -1297.65]
[-944.77, -1299.77]
[-944.77, -1303.33]
[-944.69, -1304.55]
[-944.61, -1305.78]
[-944.28, -1309.45]
[-944.28, -1309.45]
[-944.11, -1311.79]
[-943.87, -1315.13]
[-943.87, -1315.13]
[-943.79, -1317.13]
[-943.62, -1319.92]
[-943.62, -1320.69]
[-943.62, -1321.47]
[-943.54, -1324.15]
[-943.54, -1324.15]
[-943.46, -1324.70]
[-943.46, -1326.04]
[-943.46, -1326.04]
[-943.46, -1326.82]
[-943.46, -1327.93]
[-943.38, -1328.26]
[-943.38, -1328.71]
[-943.30, -1330.38]
[-943.30, -1331.05]
[-943.13, -1332.49]
[-942.72, -1334.16]
[-942.56, -1335.05]
[-941.82, -1336.95]
[-940.92, -1338.95]
[-940.35, -1340.06]
[-938.95, -1342.18]
[-936.25, -1345.41]
[-936.25, -1345.41]
[-934.04, -1347.52]
[-931.49, -1349.53]
[-930.18, -1350.53]
[-927.15, -1352.31]
[-922.15, -1354.98]
[-922.15, -1354.98]
[-918.47, -1356.65]
[-914.53, -1358.21]
[-912.48, -1358.99]
[-908.22, -1360.44]
[-903.71, -1361.88]
[-901.42, -1362.66]
[-896.67, -1364.00]
[-891.67, -1365.44]
[-889.13, -1366.11]
[-883.97, -1367.45]
[-875.85, -1369.56]
[-875.85, -1369.56]
[-870.36, -1371.01]
[-864.71, -1372.68]
[-861.84, -1373.57]
[-856.02, -1375.35]
[-850.20, -1377.24]
[-847.25, -1378.36]
[-838.32, -1381.59]
[-835.37, -1382.81]
[-832.34, -1384.04]
[-823.41, -1387.82]
[-820.46, -1389.04]
[-817.59, -1390.49]
[-808.90, -1394.50]
[-803.17, -1397.39]
[-803.17, -1397.39]
[-794.81, -1401.74]
[-792.02, -1403.29]
[-789.23, -1404.74]
[-781.12, -1409.53]
[-778.50, -1411.20]
[-775.79, -1412.87]
[-768.09, -1417.99]
[-765.63, -1419.77]
[-763.09, -1421.55]
[-755.80, -1426.89]
[-753.34, -1428.67]
[-753.34, -1428.67]
[-743.84, -1435.80]
[-741.54, -1437.58]
[-739.16, -1439.36]
[-732.12, -1444.37]
[-729.74, -1445.93]
[-727.36, -1447.60]
[-720.07, -1451.94]
[-717.69, -1453.28]
[-712.70, -1455.84]
[-707.70, -1458.17]
[-705.16, -1459.29]
[-699.99, -1461.29]
[-694.83, -1462.96]
[-689.50, -1464.52]
[-689.50, -1464.52]
[-681.39, -1466.41]
[-678.61, -1466.97]
[-675.82, -1467.30]
[-664.67, -1468.64]
[-664.67, -1468.64]
[-659.02, -1468.86]
[-650.42, -1468.86]
[-650.42, -1468.86]
[-644.68, -1468.53]
[-635.99, -1467.52]
[-633.12, -1467.08]
[-630.17, -1466.52]
[-621.49, -1464.74]
[-621.49, -1464.74]
[-615.67, -1463.18]
[-607.07, -1460.29]
[-607.07, -1460.29]
[-601.41, -1458.06]
[-593.05, -1454.17]
[-593.05, -1454.17]
[-587.64, -1451.27]
[-579.78, -1446.26]
[-579.78, -1446.26]
[-574.78, -1442.70]
[-567.57, -1436.69]
[-567.57, -1436.69]
[-563.06, -1432.46]
[-556.59, -1425.78]
[-554.54, -1423.44]
[-552.57, -1420.99]
[-546.67, -1413.65]
[-544.79, -1411.20]
[-542.90, -1408.75]
[-535.20, -1398.84]
[-535.20, -1398.84]
[-533.23, -1396.28]
[-525.45, -1386.71]
[-525.45, -1386.71]
[-523.48, -1384.37]
[-517.25, -1377.47]
[-515.12, -1375.35]
[-512.99, -1373.13]
[-506.43, -1366.89]
[-504.22, -1364.89]
[-501.93, -1363.00]
[-492.50, -1355.76]
[-492.50, -1355.76]
[-490.13, -1354.09]
[-482.83, -1349.53]
[-480.29, -1348.08]
[-475.29, -1345.41]
[-470.21, -1343.07]
[-467.67, -1342.07]
[-462.51, -1340.06]
[-457.43, -1338.39]
[-454.81, -1337.62]
[-449.73, -1336.17]
[-444.73, -1334.94]
[-442.19, -1334.39]
[-437.27, -1333.27]
[-429.98, -1331.94]
[-427.60, -1331.49]
[-425.22, -1331.16]
[-418.34, -1329.93]
[-416.13, -1329.60]
[-414.00, -1329.15]
[-409.82, -1328.49]
[-405.72, -1327.82]
[-403.84, -1327.60]
[-400.07, -1327.04]
[-396.54, -1326.48]
[-394.82, -1326.26]
[-389.91, -1325.70]
[-388.35, -1325.59]
[-386.87, -1325.48]
[-384.09, -1325.37]
[-381.46, -1325.37]
[-380.24, -1325.48]
[-377.94, -1325.70]
[-375.81, -1326.15]
[-374.91, -1326.37]
[-373.19, -1327.04]
[-371.71, -1327.71]
[-371.06, -1328.15]
[-369.91, -1328.82]
[-368.93, -1329.49]
[-368.52, -1329.82]
[-367.53, -1330.82]
[-367.04, -1331.27]
[-367.04, -1331.27]
[-366.71, -1331.72]
[-366.30, -1332.16]
[-366.30, -1332.16]
[-366.22, -1332.38]
[-365.98, -1332.61]
[-365.98, -1332.61]
[-365.65, -1333.16]
[-365.32, -1333.72]
[-365.32, -1333.72]
[-364.83, -1335.05]
[-364.42, -1336.28]
[-364.42, -1336.28]
[-364.01, -1337.73]
[-363.35, -1340.40]
[-363.35, -1340.40]
[-362.86, -1342.51]
[-361.88, -1345.96]
[-361.88, -1345.96]
[-361.06, -1348.52]
[-359.34, -1352.53]
[-359.34, -1352.53]
[-357.86, -1355.20]
[-355.00, -1359.10]
[-355.00, -1359.10]
[-351.47, -1362.66]
[-348.77, -1364.67]
[-348.77, -1364.67]
[-345.90, -1366.45]
[-341.15, -1368.56]
[-341.15, -1368.56]
[-337.70, -1369.68]
[-332.21, -1371.01]
[-332.21, -1371.01]
[-326.40, -1372.01]
[-322.38, -1372.68]
[-320.33, -1373.01]
[-316.07, -1373.68]
[-311.73, -1374.35]
[-309.51, -1374.68]
[-307.30, -1375.02]
[-300.34, -1376.02]
[-297.96, -1376.35]
[-295.58, -1376.69]
[-288.37, -1377.80]
[-286.00, -1378.14]
[-281.33, -1378.91]
[-274.44, -1379.92]
[-274.44, -1379.92]
[-272.23, -1380.14]
[-265.76, -1380.92]
[-263.71, -1381.14]
[-261.58, -1381.25]
[-253.71, -1381.36]
[-253.71, -1381.36]
[-249.94, -1381.14]
[-244.69, -1380.58]
[-244.69, -1380.58]
[-243.06, -1380.47]
[-236.75, -1379.69]
[-236.75, -1379.69]
[-233.88, -1379.36]
[-230.03, -1378.91]
[-230.03, -1378.91]
[-227.73, -1378.58]
[-224.70, -1378.25]
[-224.70, -1378.25]
[-223.80, -1378.14]
[-220.68, -1377.91]
[-220.68, -1377.91]
[-220.11, -1377.91]
[-218.06, -1377.91]
[-218.06, -1377.91]
[-217.24, -1378.02]
[-215.77, -1378.36]
[-215.77, -1378.36]
[-215.28, -1378.47]
[-212.65, -1379.81]
[-212.65, -1379.81]
[-212.00, -1380.36]
[-209.21, -1383.26]
[-209.21, -1383.26]
[-208.56, -1384.26]
[-206.34, -1389.04]
[-206.34, -1389.04]
[-205.93, -1390.38]
[-204.54, -1397.06]
[-204.54, -1397.06]
[-203.80, -1400.96]
[-202.90, -1407.41]
[-202.49, -1409.75]
[-202.49, -1409.75]
[-201.02, -1419.99]
[-200.69, -1422.66]
[-200.69, -1422.66]
[-199.05, -1434.46]
[-198.56, -1437.58]
[-198.56, -1437.58]
[-196.84, -1450.60]
[-196.43, -1454.06]
[-196.02, -1457.51]
[-194.62, -1468.19]
[-194.13, -1471.75]
[-194.13, -1471.75]
[-192.25, -1486.78]
[-191.76, -1490.57]
[-191.76, -1490.57]
[-189.71, -1506.15]
[-189.13, -1510.16]
[-189.13, -1510.16]
[-186.92, -1526.30]
[-186.43, -1530.42]
[-186.43, -1530.42]
[-184.14, -1547.12]
[-183.56, -1551.35]
[-182.99, -1555.58]
[-181.27, -1568.27]
[-180.69, -1572.50]
[-180.69, -1572.50]
[-178.48, -1589.42]
[-177.99, -1593.65]
[-177.99, -1593.65]
[-175.78, -1610.46]
[-174.63, -1618.92]
[-174.63, -1618.92]
[-172.42, -1635.62]
[-171.84, -1639.85]
[-171.84, -1639.85]
[-169.63, -1656.55]
[-169.63, -1656.55]
[-169.06, -1660.66]
[-166.84, -1677.25]
[-166.84, -1677.25]
[-165.78, -1685.49]
[-164.22, -1697.84]
[-163.73, -1701.85]
[-163.32, -1705.97]
[-162.26, -1718.11]
[-162.26, -1718.11]
[-161.85, -1726.12]
[-161.60, -1738.14]
[-161.68, -1742.04]
[-161.85, -1746.05]
[-162.83, -1757.85]
[-162.83, -1757.85]
[-163.89, -1765.64]
