[
  [
    0.0,
    0.0,
    20.824493408203125,
    "f"
  ],
  [
    0.028286834076225162,
    0.07583930130579442,
    20.09035865099014,
    "f"
  ],
  [
    0.05589126841260837,
    0.15279534788820553,
    19.38111787731816,
    "f"
  ],
  [
    0.08282340338257876,
    0.23085257722885627,
    18.695963789235407,
    "f"
  ],
  [
    0.10909333935956549,
    0.30999542680936953,
    18.03410609438572,
    "f"
  ],
  [
    0.13471117671699767,
    0.39020833411136846,
    17.39477325373008,
    "f"
  ],
  [
    0.1596870158283045,
    0.4714757366164757,
    16.7772138451179,
    "f"
  ],
  [
    0.18403095706691502,
    0.5537820718063142,
    16.18069759237835,
    "f"
  ],
  [
    0.20775310080625847,
    0.6371117771625074,
    15.60451610497637,
    "f"
  ],
  [
    0.23086354741976384,
    0.7214492901666776,
    15.047983368804864,
    "f"
  ],
  [
    0.25337239728086053,
    0.8067790483004481,
    14.510436024413877,
    "f"
  ],
  [
    0.2752897507629775,
    0.8930854890454418,
    13.991233464977654,
    "f"
  ],
  [
    0.2966257082395439,
    0.9803530498832814,
    13.489757782581421,
    "f"
  ],
  [
    0.3173903700839889,
    1.0685661682955905,
    13.005413587998703,
    "f"
  ],
  [
    0.33759383666974163,
    1.1577092817639911,
    12.53762772601766,
    "f"
  ],
  [
    0.3572462083702312,
    1.2477668277701066,
    12.085848905562955,
    "f"
  ],
  [
    0.3763575855588869,
    1.3387232437955607,
    11.649547261329815,
    "f"
  ],
  [
    0.3949380686091376,
    1.4305629673219749,
    11.228213861386678,
    "f"
  ],
  [
    0.4129977578944125,
    1.5232704358309723,
    10.821360173192488,
    "f"
  ],
  [
    0.43054675378814106,
    1.6168300868041776,
    10.428517498693793,
    "f"
  ],
  [
    0.44759515666375216,
    1.7112263577232119,
    10.049236387598626,
    "f"
  ],
  [
    0.4641530668946749,
    1.8064436860696986,
    9.683086036543841,
    "f"
  ],
  [
    0.4802305848543386,
    1.9024665093252613,
    9.329653680667548,
    "f"
  ],
  [
    0.49583781091617235,
    1.9992792649715223,
    8.988543983045247,
    "f"
  ],
  [
    0.510984845453605,
    2.096866390490104,
    8.65937842653392,
    "f"
  ],
  [
    0.5256817888400662,
    2.1952123233626306,
    8.341794711775776,
    "f"
  ],
  [
    0.5399387414489848,
    2.2943015010707244,
    8.035446164429061,
    "f"
  ],
  [
    0.5537658036537897,
    2.3941183610960084,
    7.740001154104505,
    "f"
  ],
  [
    0.5671730758279105,
    2.494647340920106,
    7.455142526980467,
    "f"
  ],
  [
    0.580170658344776,
    2.5958728780246383,
    7.180567053637503,
    "f"
  ],
  [
    0.5927686515778157,
    2.6977794098912313,
    6.915984893287373,
    "f"
  ],
  [
    0.6049771559004582,
    2.8003513740015054,
    6.6611190752564085,
    "f"
  ],
  [
    0.6168062716861331,
    2.903573207837084,
    6.415704998323065,
    "f"
  ],
  [
    0.6282660993082695,
    3.0074293488795902,
    6.179489948287028,
    "f"
  ],
  [
    0.6393667391402966,
    3.111904234610649,
    5.952232633961842,
    "f"
  ],
  [
    0.6501182915556432,
    3.21698230251188,
    5.733702741632442,
    "f"
  ],
  [
    0.6605308569277385,
    3.3226479900649077,
    5.523680507889765,
    "f"
  ],
  [
    0.670614535630012,
    3.4288857347513564,
    5.321956310655082,
    "f"
  ],
  [
    0.6803794280358926,
    3.5356799740528464,
    5.128330278121894,
    "f"
  ],
  [
    0.6898356345188095,
    3.643015145451003,
    4.942611915278235,
    "f"
  ],
  [
    0.6989932554521914,
    3.7508756864274457,
    4.76461974762168,
    "f"
  ],
  [
    0.7078623912094684,
    3.859246034463802,
    4.594180981640136,
    "f"
  ],
  [
    0.7164531421640684,
    3.968110627041691,
    4.431131181603007,
    "f"
  ],
  [
    0.7247756086894217,
    4.0774539016427385,
    4.275313962188591,
    "f"
  ],
  [
    0.7328398911589569,
    4.187260295748566,
    4.126580696461758,
    "f"
  ],
  [
    0.7406560899461032,
    4.297514246840797,
    3.984790238708513,
    "f"
  ],
  [
    0.7482343054242896,
    4.408200192401053,
    3.8498086616363594,
    "f"
  ],
  [
    0.7555846379669453,
    4.519302569910958,
    3.7215090074503223,
    "f"
  ],
  [
    0.7627171879474997,
    4.630805816852135,
    3.599771052323149,
    "f"
  ],
  [
    0.7696420557393818,
    4.742694370706207,
    3.484481083788296,
    "f"
  ],
  [
    0.7763693417160207,
    4.854952668954798,
    3.375531690595949,
    "f"
  ],
  [
    0.7829091462508451,
    4.967565149079529,
    3.272821564587389,
    "f"
  ],
  [
    0.7892715697172852,
    5.080516248562024,
    3.1762553141579133,
    "f"
  ],
  [
    0.7954667124887692,
    5.193790404883903,
    3.085743288896083,
    "f"
  ],
  [
    0.8015046749387267,
    5.307372055526795,
    3.0012014150033792,
    "f"
  ],
  [
    0.8073955574405864,
    5.421245637972318,
    2.9225510411181403,
    "f"
  ],
  [
    0.813149460367778,
    5.535395589702097,
    2.849718794185094,
    "f"
  ],
  [
    0.8187764840937304,
    5.649806348197755,
    2.782636445030107,
    "f"
  ],
  [
    0.8242867289918726,
    5.764462350940913,
    2.7212407833205248,
    "f"
  ],
  [
    0.829690295435634,
    5.879348035413196,
    2.665473501608062,
    "f"
  ],
  [
    0.8349972837984435,
    5.994447839096225,
    2.6152810881712867,
    "f"
  ],
  [
    0.8402177944537302,
    6.1097461994716245,
    2.570614728393309,
    "f"
  ],
  [
    0.8453619277749236,
    6.225227554021018,
    2.531430214427928,
    "f"
  ],
  [
    0.8504397841354528,
    6.340876340226029,
    2.497687862925943,
    "f"
  ],
  [
    0.8554614639087463,
    6.456676995568277,
    2.469352440611715,
    "f"
  ],
  [
    0.8604370674682342,
    6.572613957529388,
    2.446393097516193,
    "f"
  ],
  [
    0.8653766951873447,
    6.6886716635909815,
    2.4287833076911056,
    "f"
  ],
  [
    0.8702904474395077,
    6.804834551234685,
    2.4165008172459466,
    "f"
  ],
  [
    0.8751884245981519,
    6.921087057942119,
    2.409527599564001,
    "f"
  ],
  [
    0.8800807270367066,
    7.037413621194905,
    2.407849817572469,
    "f"
  ],
  [
    0.8849774551286008,
    7.15379867847467,
    2.4114577929562415,
    "f"
  ],
  [
    0.889888709247264,
    7.2702266672630325,
    2.4203459822201694,
    "f"
  ],
  [
    0.8948245897661248,
    7.386682025041619,
    2.4345129595211574,
    "f"
  ],
  [
    0.8997951970586127,
    7.50314918929205,
    2.4539614062052806,
    "f"
  ],
  [
    0.9048106314981572,
    7.619612597495951,
    2.4786981070011507,
    "f"
  ],
  [
    0.9098809934581865,
    7.7360566871349405,
    2.5087339528336656,
    "f"
  ],
  [
    0.9150163833121305,
    7.852465895690648,
    2.5440839502377344,
    "f"
  ],
  [
    0.9202269014334181,
    7.968824660644691,
    2.584767237365895,
    "f"
  ],
  [
    0.9255226481954782,
    8.085117419478694,
    2.6308071065952845,
    "f"
  ],
  [
    0.9309137239717404,
    8.20132860967428,
    2.6822310337562953,
    "f"
  ],
  [
    0.9364102291356335,
    8.317442668713072,
    2.7390707140151562,
    "f"
  ],
  [
    0.9420222640605869,
    8.433444034076691,
    2.801362104457951,
    "f"
  ],
  [
    0.9477599291200295,
    8.549317143246764,
    2.869145473436049,
    "f"
  ],
  [
    0.9536333246873907,
    8.665046433704912,
    2.942465456743548,
    "f"
  ],
  [
    0.9596525511360992,
    8.780616342932758,
    3.021371120712672,
    "f"
  ],
  [
    0.9658277088395846,
    8.896011308411925,
    3.105916032321545,
    "f"
  ],
  [
    0.9721688981712757,
    9.011215767624034,
    3.1961583364225703,
    "f"
  ],
  [
    0.978686219504602,
    9.126214158050711,
    3.292160840209988,
    "f"
  ],
  [
    0.9853897732129925,
    9.240990917173576,
    3.3939911050546243,
    "f"
  ],
  [
    0.9922896596698761,
    9.355530482474256,
    3.501721545845271,
    "f"
  ],
  [
    0.9993959792486822,
    9.46981729143437,
    3.6154295379845394,
    "f"
  ],
  [
    1.0067188323228398,
    9.583835781535543,
    3.7351975321953432,
    "f"
  ],
  [
    1.0142683192657782,
    9.697570390259397,
    3.8611131773017746,
    "f"
  ],
  [
    1.0220545404509265,
    9.811005555087554,
    3.9932694511550153,
    "f"
  ],
  [
    1.0300875962517135,
    9.924125713501638,
    4.131764799878908,
    "f"
  ],
  [
    1.0383775870415688,
    10.036915302983273,
    4.276703285614531,
    "f"
  ],
  [
    1.0469346131939214,
    10.149358761014081,
    4.428194742944299,
    "f"
  ],
  [
    1.0557687750822005,
    10.261440525075688,
    4.586354944176094,
    "f"
  ],
  [
    1.064890173079835,
    10.37314503264971,
    4.751305773665251,
    "f"
  ],
  [
    1.0743089075602543,
    10.484456721217775,
    4.923175411347415,
    "f"
  ],
  [
    1.0840350788968873,
    10.595360028261506,
    5.102098525646056,
    "f"
  ],
  [
    1.0940787874631637,
    10.705839391262522,
    5.2882164759062675,
    "f"
  ],
  [
    1.1044501336325117,
    10.815879247702451,
    5.481677524491431,
    "f"
  ],
  [
    1.115159217778361,
    10.925464035062914,
    5.682637058655189,
    "f"
  ],
  [
    1.1262161402741409,
    11.034578190825531,
    5.891257822277055,
    "f"
  ],
  [
    1.1376310014932802,
    11.14320615247193,
    6.1077101575143615,
    "f"
  ],
  [
    1.1494139018092082,
    11.251332357483733,
    6.332172256383046,
    "f"
  ],
  [
    1.161574941595354,
    11.358941243342557,
    6.564830422229647,
    "f"
  ],
  [
    1.1741242212251468,
    11.466017247530033,
    6.805879340998331,
    "f"
  ],
  [
    1.1870718410720156,
    11.572544807527777,
    7.055522362124975,
    "f"
  ],
  [
    1.2004279015093897,
    11.678508360817418,
    7.313971788807976,
    "f"
  ],
  [
    1.2142025029106986,
    11.783892344880577,
    7.58144917730624,
    "f"
  ],
  [
    1.2284057456493707,
    11.888681197198874,
    7.858185644802745,
    "f"
  ],
  [
    1.2430477300988352,
    11.992859355253934,
    8.14442218523601,
    "f"
  ],
  [
    1.2581385566325216,
    12.09641125652738,
    8.440409992349714,
    "f"
  ],
  [
    1.2736883256238591,
    12.199321338500836,
    8.74641078903204,
    "f"
  ],
  [
    1.2897071374462765,
    12.301574038655922,
    9.062697161811002,
    "f"
  ],
  [
    1.3062050924732034,
    12.403153794474264,
    9.389552899136163,
    "f"
  ],
  [
    1.3231922910780685,
    12.504045043437484,
    9.727273331808988,
    "f"
  ],
  [
    1.340678833634301,
    12.604232223027203,
    10.07616567361498,
    "f"
  ],
  [
    1.3586748205153303,
    12.703699770725049,
    10.436549359861885,
    "f"
  ],
  [
    1.3771903520945854,
    12.80243212401264,
    10.808756381130479,
    "f"
  ],
  [
    1.3962355287454953,
    12.9004137203716,
    11.193131609092916,
    "f"
  ],
  [
    1.4158204508414896,
    12.997628997283552,
    11.590033110748664,
    "f"
  ],
  [
    1.435955218755997,
    13.094062392230121,
    11.999832446851997,
    "f"
  ],
  [
    1.4566499328624465,
    13.189698342692928,
    12.42291494966554,
    "f"
  ],
  [
    1.4779146935342675,
    13.284521286153595,
    12.859679974453798,
    "f"
  ],
  [
    1.499759601144889,
    13.378515660093747,
    13.310541118328956,
    "f"
  ],
  [
    1.5221947560677407,
    13.471665901995005,
    13.775926399169691,
    "f"
  ],
  [
    1.545230258676251,
    13.563956449338995,
    14.25627838634648,
    "f"
  ],
  [
    1.5688762093438495,
    13.655371739607338,
    14.752054273898693,
    "f"
  ],
  [
    1.593142708443965,
    13.745896210281655,
    15.263725885614804,
    "f"
  ],
  [
    1.6180398563500271,
    13.835514298843574,
    15.791779600163125,
    "f"
  ],
  [
    1.6435777534354645,
    13.924210442774712,
    16.336716183007354,
    "f"
  ],
  [
    1.669766500073707,
    14.011969079556696,
    16.899050510317295,
    "f"
  ],
  [
    1.6966161966381827,
    14.098774646671147,
    17.479311168456263,
    "f"
  ],
  [
    1.7241369435023215,
    14.184611581599691,
    18.078039910903783,
    "f"
  ],
  [
    1.7523388410395522,
    14.269464321823948,
    18.695790952664197,
    "f"
  ],
  [
    1.7812319896233042,
    14.353317304825538,
    19.333130080348326,
    "f"
  ],
  [
    1.8108264896270063,
    14.43615496808609,
    19.990633554217823,
    "f"
  ],
  [
    1.841132441424088,
    14.517961749087226,
    20.668886776597276,
    "f"
  ],
  [
    1.8721599453879785,
    14.598722085310564,
    21.368482699238484,
    "f"
  ],
  [
    1.9039191018921064,
    14.678420414237731,
    22.09001994052835,
    "f"
  ],
  [
    1.9364200113099013,
    14.757041173350352,
    22.834100581957443,
    "f"
  ],
  [
    1.9696727740147921,
    14.834568800130045,
    23.601327612105592,
    "f"
  ],
  [
    2.003687490380208,
    14.910987732058436,
    24.392301985685208,
    "f"
  ],
  [
    2.038474260779579,
    14.986282406617148,
    25.20761926505304,
    "f"
  ],
  [
    2.0740431855863335,
    15.060437261287802,
    26.047865812231464,
    "f"
  ],
  [
    2.1104043651738995,
    15.133436733552022,
    26.913614501062796,
    "f"
  ],
  [
    2.1475678999157077,
    15.20526526089143,
    27.805419921875,
    "f"
  ],
  [
    2.1475678999157077,
    15.20526526089143,
    27.805419921875,
    "r"
  ],
  [
    2.1098868349389885,
    15.134392514146327,
    28.192547676025924,
    "r"
  ],
  [
    2.0719797982289756,
    15.064250008652778,
    28.584906242993497,
    "r"
  ],
  [
    2.0338467897856685,
    14.994837744410772,
    28.982564807857045,
    "r"
  ],
  [
    1.995487809609067,
    14.926155721420319,
    29.38559239467503,
    "r"
  ],
  [
    1.9569028576991718,
    14.858203939681417,
    29.794057778349043,
    "r"
  ],
  [
    1.9180919340559828,
    14.790982399194064,
    30.208029390861043,
    "r"
  ],
  [
    1.8790550386794997,
    14.72449109995826,
    30.62757522168681,
    "r"
  ],
  [
    1.839792171569723,
    14.658730041974009,
    31.052762712197932,
    "r"
  ],
  [
    1.8003033327266516,
    14.593699225241307,
    31.48365864386841,
    "r"
  ],
  [
    1.7605885221502866,
    14.529398649760154,
    31.920329020112263,
    "r"
  ],
  [
    1.7206477398406277,
    14.465828315530551,
    32.36283894158902,
    "r"
  ],
  [
    1.6804809857976746,
    14.402988222552501,
    32.81125247482612,
    "r"
  ],
  [
    1.6400882600214277,
    14.340878370825997,
    33.265632514023366,
    "r"
  ],
  [
    1.5994695625118867,
    14.279498760351045,
    33.72604063592178,
    "r"
  ],
  [
    1.5586248932690516,
    14.218849391127643,
    34.192536947639496,
    "r"
  ],
  [
    1.5175542522929222,
    14.158930263155789,
    34.6651799274008,
    "r"
  ],
  [
    1.4762576395834992,
    14.099741376435487,
    35.14402625811124,
    "r"
  ],
  [
    1.434735055140782,
    14.041282730966735,
    35.629130653760285,
    "r"
  ],
  [
    1.392986498964771,
    13.983554326749532,
    36.12054567866687,
    "r"
  ],
  [
    1.351011971055466,
    13.926556163783879,
    36.6183215596194,
    "r"
  ],
  [
    1.3088114714128671,
    13.870288242069776,
    37.12250599100122,
    "r"
  ],
  [
    1.266385000036974,
    13.814750561607223,
    37.63314393303813,
    "r"
  ],
  [
    1.223732556927787,
    13.759943122396221,
    38.150277403350174,
    "r"
  ],
  [
    1.180854142085306,
    13.705865924436768,
    38.673945262043674,
    "r"
  ],
  [
    1.1377497555095313,
    13.652518967728867,
    39.204182990632944,
    "r"
  ],
  [
    1.0944193972004623,
    13.599902252272514,
    39.74102246514241,
    "r"
  ],
  [
    1.0508630671580987,
    13.54801577806771,
    40.2844917238026,
    "r"
  ],
  [
    1.0070807653824416,
    13.49685954511446,
    40.834614729818725,
    "r"
  ],
  [
    0.9630724918734908,
    13.446433553412756,
    41.391411129763924,
    "r"
  ],
  [
    0.9188382466312457,
    13.396737802962603,
    41.9548960082202,
    "r"
  ],
  [
    0.8743780296557069,
    13.347772293764,
    42.52507963936824,
    "r"
  ],
  [
    0.8296918409468739,
    13.299537025816946,
    43.10196723630503,
    "r"
  ],
  [
    0.7847796805047471,
    13.252031999121446,
    43.685558698950274,
    "r"
  ],
  [
    0.7396415483293259,
    13.205257213677493,
    44.275848361483554,
    "r"
  ],
  [
    0.6942774444206111,
    13.15921266948509,
    44.872824740339354,
    "r"
  ],
  [
    0.6486873687786022,
    13.113898366544237,
    45.476470283867,
    "r"
  ],
  [
    0.6028713214032994,
    13.069314304854935,
    46.08676112484761,
    "r"
  ],
  [
    0.5568293022947024,
    13.025460484417183,
    46.70366683713877,
    "r"
  ],
  [
    0.5105613114528107,
    12.98233690523098,
    47.32715019779516,
    "r"
  ],
  [
    0.4640673488776259,
    12.939943567296325,
    47.957166956086894,
    "r"
  ],
  [
    0.4173474145691471,
    12.898280470613226,
    48.593665610905305,
    "r"
  ],
  [
    0.3704015085273742,
    12.857347615181672,
    49.23658719810817,
    "r"
  ],
  [
    0.3232296307523072,
    12.81714500100167,
    49.8858650894083,
    "r"
  ],
  [
    0.27583178124394636,
    12.777672628073216,
    50.541424804456426,
    "r"
  ],
  [
    0.2282079600022915,
    12.738930496396312,
    51.20318383780102,
    "r"
  ],
  [
    0.18035816702734253,
    12.700918605970962,
    51.87105150243224,
    "r"
  ],
  [
    0.13228240231909982,
    12.66363695679716,
    52.54492879162308,
    "r"
  ],
  [
    0.08398066587756303,
    12.627085548874906,
    53.224708260777845,
    "r"
  ],
  [
    0.03545295770273227,
    12.591264382204203,
    53.910273930974256,
    "r"
  ],
  [
    -0.013300722205392801,
    12.55617345678505,
    54.60150121584843,
    "r"
  ],
  [
    -0.0622803738468124,
    12.521812772617448,
    55.29825687341463,
    "r"
  ],
  [
    -0.11148599722152519,
    12.488182329701397,
    56.00039898433715,
    "r"
  ],
  [
    -0.16091759232953184,
    12.455282128036893,
    56.707776958076806,
    "r"
  ],
  [
    -0.21057515917083292,
    12.423112167623941,
    57.420231568221425,
    "r"
  ],
  [
    -0.2604586977454275,
    12.391672448462536,
    58.13759501817492,
    "r"
  ],
  [
    -0.3105682080533164,
    12.360962970552686,
    58.859691038227766,
    "r"
  ],
  [
    -0.3609036900944993,
    12.330983733894382,
    59.58633501485838,
    "r"
  ],
  [
    -0.41146514386897626,
    12.301734738487628,
    60.31733415292649,
    "r"
  ],
  [
    -0.462252569376747,
    12.273215984332428,
    61.05248767121083,
    "r"
  ],
  [
    -0.5132659666178117,
    12.245427471428773,
    61.791587031523534,
    "r"
  ],
  [
    -0.5645053355921705,
    12.21836919977667,
    62.53441620139586,
    "r"
  ],
  [
    -0.6159706762998243,
    12.19204116937612,
    63.280751950085005,
    "r"
  ],
  [
    -0.6676619887407709,
    12.166443380227115,
    64.03036417739531,
    "r"
  ],
  [
    -0.7195792729150117,
    12.141575832329663,
    64.78301627454749,
    "r"
  ],
  [
    -0.7717225288225464,
    12.11743852568376,
    65.5384655160633,
    "r"
  ],
  [
    -0.8240917564633752,
    12.094031460289406,
    66.29646348137237,
    "r"
  ],
  [
    -0.876686955837498,
    12.071354636146605,
    67.05675650458721,
    "r"
  ],
  [
    -0.929508126944915,
    12.049408053255354,
    67.81908615063946,
    "r"
  ],
  [
    -0.9825552697856252,
    12.02819171161565,
    68.58318971573226,
    "r"
  ],
  [
    -1.0358283843596303,
    12.007705611227497,
    69.348800749833,
    "r"
  ],
  [
    -1.089327470666929,
    11.987949752090893,
    70.11564959872453,
    "r"
  ],
  [
    -1.1430525287075217,
    11.968924134205842,
    70.88346396294355,
    "r"
  ],
  [
    -1.1970035584814087,
    11.950628757572339,
    71.65196947076959,
    "r"
  ],
  [
    -1.2511805599885903,
    11.933063622190387,
    72.42089026229047,
    "r"
  ],
  [
    -1.3055835332290648,
    11.916228728059984,
    73.18994958145947,
    "r"
  ],
  [
    -1.3602124782028326,
    11.900124075181129,
    73.9588703729803,
    "r"
  ],
  [
    -1.4150673949098964,
    11.884749663553828,
    74.72737588080639,
    "r"
  ],
  [
    -1.4701482833502528,
    11.870105493178075,
    75.49519024502547,
    "r"
  ],
  [
    -1.5254551435239037,
    11.856191564053873,
    76.262039093917,
    "r"
  ],
  [
    -1.5809879754308487,
    11.84300787618122,
    77.02765012801768,
    "r"
  ],
  [
    -1.636746779071087,
    11.830554429560118,
    77.79175369311048,
    "r"
  ],
  [
    -1.6927315544446198,
    11.818831224190564,
    78.55408333916273,
    "r"
  ],
  [
    -1.7489423015514465,
    11.807838260072561,
    79.31437636237752,
    "r"
  ],
  [
    -1.8053790203915678,
    11.79757553720611,
    80.0723743276867,
    "r"
  ],
  [
    -1.8620417109649823,
    11.788043055591203,
    80.82782356920245,
    "r"
  ],
  [
    -1.9189303732716918,
    11.779240815227856,
    81.58047566635463,
    "r"
  ],
  [
    -1.976045007311693,
    11.771168816116049,
    82.330087893665,
    "r"
  ],
  [
    -2.0333856130849908,
    11.763827058255798,
    83.07642364235403,
    "r"
  ],
  [
    -2.0909521905915818,
    11.757215541647096,
    83.81925281222641,
    "r"
  ],
  [
    -2.1487447398314665,
    11.751334266289943,
    84.55835217253912,
    "r"
  ],
  [
    -2.206763260804645,
    11.74618323218434,
    85.29350569082351,
    "r"
  ],
  [
    -2.2650077535111177,
    11.741762439330287,
    86.02450482889157,
    "r"
  ],
  [
    -2.323478217950884,
    11.738071887727784,
    86.75114880552218,
    "r"
  ],
  [
    -2.382174654123945,
    11.735111577376829,
    87.47324482557502,
    "r"
  ],
  [
    -2.4410970620303005,
    11.732881508277432,
    88.19060827552858,
    "r"
  ],
  [
    -2.500245441669948,
    11.731381680429575,
    88.9030628856732,
    "r"
  ],
  [
    -2.559619793042892,
    11.730612093833273,
    89.61044085941285,
    "r"
  ],
  [
    -2.619220116149127,
    11.730572748488518,
    90.31258297033526,
    "r"
  ],
  [
    -2.6790464109886596,
    11.73126364439532,
    91.00933862790151,
    "r"
  ],
  [
    -2.7390986775614836,
    11.732684781553665,
    91.70056591277569,
    "r"
  ],
  [
    -2.7993769158676023,
    11.73483615996356,
    92.3861315829721,
    "r"
  ],
  [
    -2.8598811259070147,
    11.73771777962501,
    93.06591105212686,
    "r"
  ],
  [
    -2.9206113076797213,
    11.741329640538005,
    93.7397883413177,
    "r"
  ],
  [
    -2.981567461185722,
    11.745671742702553,
    94.40765600594892,
    "r"
  ],
  [
    -3.0427495864250167,
    11.750744086118651,
    95.06941503929352,
    "r"
  ],
  [
    -3.1041576833976063,
    11.756546670786298,
    95.72497475434159,
    "r"
  ],
  [
    -3.165791752103488,
    11.763079496705494,
    96.37425264564177,
    "r"
  ],
  [
    -3.227651792542666,
    11.770342563876243,
    97.01717423284464,
    "r"
  ],
  [
    -3.2897378047151347,
    11.77833587229854,
    97.6536728876631,
    "r"
  ],
  [
    -3.352049788620901,
    11.787059421972387,
    98.28368964595478,
    "r"
  ],
  [
    -3.4145877442599586,
    11.796513212897784,
    98.90717300661117,
    "r"
  ],
  [
    -3.4773516716323116,
    11.80669724507473,
    99.52407871890239,
    "r"
  ],
  [
    -3.540341570737958,
    11.817611518503229,
    100.134369559883,
    "r"
  ],
  [
    -3.603557441576899,
    11.829256033183276,
    100.73801510341059,
    "r"
  ],
  [
    -3.6669992841491332,
    11.841630789114872,
    101.33499148226639,
    "r"
  ],
  [
    -3.730667098454662,
    11.854735786298018,
    101.92528114479973,
    "r"
  ],
  [
    -3.7945608844934844,
    11.868571024732717,
    102.50887260744491,
    "r"
  ],
  [
    -3.858680642265601,
    11.883136504418964,
    103.0857602043817,
    "r"
  ],
  [
    -3.9230263717710123,
    11.898432225356762,
    103.6559438355298,
    "r"
  ],
  [
    -3.9875980730097154,
    11.914458187546105,
    104.21942871398608,
    "r"
  ],
  [
    -4.052395745981716,
    11.931214390987009,
    104.77622511393122,
    "r"
  ],
  [
    -4.117419390687008,
    11.948700835679453,
    105.3263481199474,
    "r"
  ],
  [
    -4.182669007125595,
    11.966917521623452,
    105.86981737860754,
    "r"
  ],
  [
    -4.248144595297476,
    11.985864448819001,
    106.40665685311706,
    "r"
  ],
  [
    -4.31384615520265,
    12.005541617266093,
    106.93689458170627,
    "r"
  ],
  [
    -4.379773686841118,
    12.025949026964744,
    107.46056244039977,
    "r"
  ],
  [
    -4.445927190212881,
    12.047086677914939,
    107.97769591071187,
    "r"
  ],
  [
    -4.512306665317937,
    12.068954570116686,
    108.48833385274878,
    "r"
  ],
  [
    -4.578912112156288,
    12.091552703569981,
    108.9925182841306,
    "r"
  ],
  [
    -4.645743530727931,
    12.11488107827483,
    109.49029416508313,
    "r"
  ],
  [
    -4.71280092103287,
    12.138939694231224,
    109.98170918998972,
    "r"
  ],
  [
    -4.780084283071105,
    12.163728551439174,
    110.46681358563876,
    "r"
  ],
  [
    -4.847593616842632,
    12.189247649898673,
    110.9456599163492,
    "r"
  ],
  [
    -4.9153289223474514,
    12.21549698960972,
    111.4183028961105,
    "r"
  ],
  [
    -4.983290199585566,
    12.242476570572315,
    111.88479920782822,
    "r"
  ],
  [
    -5.051477448556975,
    12.270186392786464,
    112.34520732972663,
    "r"
  ],
  [
    -5.119890669261677,
    12.29862645625216,
    112.79958736892388,
    "r"
  ],
  [
    -5.1885298616996725,
    12.327796760969408,
    113.24800090216098,
    "r"
  ],
  [
    -5.257395025870964,
    12.357697306938201,
    113.69051082363774,
    "r"
  ],
  [
    -5.326486161775548,
    12.388328094158549,
    114.12718119988165,
    "r"
  ],
  [
    -5.395803269413426,
    12.419689122630448,
    114.55807713155207,
    "r"
  ],
  [
    -5.465346348784598,
    12.451780392353893,
    114.98326462206319,
    "r"
  ],
  [
    -5.535115399889066,
    12.484601903328896,
    115.40281045288896,
    "r"
  ],
  [
    -5.605110422726827,
    12.518153655555443,
    115.81678206540096,
    "r"
  ],
  [
    -5.6753314172978815,
    12.552435649033539,
    116.22524744907497,
    "r"
  ],
  [
    -5.74577838360223,
    12.587447883763184,
    116.62827503589295,
    "r"
  ],
  [
    -5.816451321639873,
    12.623190359744383,
    117.0259336007565,
    "r"
  ],
  [
    -5.887350231410809,
    12.659663076977129,
    117.41829216772408,
    "r"
  ],
  [
    -5.958475112915039,
    12.696866035461426,
    117.805419921875,
    "r"
  ]
]