[
  [
    0.0,
    0.0,
    3.351,
    "r"
  ],
  [
    -0.11979482188210862,
    -0.00701431751732649,
    3.351,
    "r"
  ],
  [
    -0.23958964376421724,
    -0.01402863503465298,
    3.351,
    "r"
  ],
  [
    -0.3593844656463258,
    -0.021042952551979466,
    3.351,
    "r"
  ],
  [
    -0.47917928752843447,
    -0.02805727006930596,
    3.351,
    "r"
  ],
  [
    -0.5989741094105431,
    -0.035071587586632445,
    3.351,
    "r"
  ],
  [
    -0.7187689312926516,
    -0.04208590510395893,
    3.351,
    "r"
  ],
  [
    -0.8385637531747604,
    -0.04910022262128543,
    3.351,
    "r"
  ],
  [
    -0.9583585750568689,
    -0.05611454013861192,
    3.351,
    "r"
  ],
  [
    -1.0781533969389774,
    -0.0631288576559384,
    3.351,
    "r"
  ],
  [
    -1.1979482188210862,
    -0.07014317517326489,
    3.351,
    "r"
  ],
  [
    -1.3177430407031947,
    -0.07715749269059138,
    3.351,
    "r"
  ],
  [
    -1.4375378625853032,
    -0.08417181020791786,
    3.351,
    "r"
  ],
  [
    -1.557332684467412,
    -0.09118612772524437,
    3.351,
    "r"
  ],
  [
    -1.6771275063495208,
    -0.09820044524257086,
    3.351,
    "r"
  ],
  [
    -1.7969223282316291,
    -0.10521476275989734,
    3.351,
    "r"
  ],
  [
    -1.9167171501137379,
    -0.11222908027722384,
    3.351,
    "r"
  ],
  [
    -2.0365119719958464,
    -0.11924339779455033,
    3.351,
    "r"
  ],
  [
    -2.1563067938779548,
    -0.1262577153118768,
    3.351,
    "r"
  ],
  [
    -2.2761016157600635,
    -0.1332720328292033,
    3.351,
    "r"
  ],
  [
    -2.3958964376421723,
    -0.14028635034652978,
    3.351,
    "r"
  ],
  [
    -2.5156912595242806,
    -0.14730066786385626,
    3.351,
    "r"
  ],
  [
    -2.6354860814063894,
    -0.15431498538118277,
    3.351,
    "r"
  ],
  [
    -2.755280903288498,
    -0.16132930289850927,
    3.351,
    "r"
  ],
  [
    -2.8750757251706065,
    -0.16834362041583573,
    3.351,
    "r"
  ],
  [
    -2.9948705470527153,
    -0.17535793793316223,
    3.351,
    "r"
  ],
  [
    -3.180872649538695,
    -0.18570160575474084,
    5.083928135530505,
    "r"
  ],
  [
    -3.3687456232296555,
    -0.19508130214248764,
    6.793595842318004,
    "r"
  ],
  [
    -3.5584471166340874,
    -0.20352607936355976,
    8.480160285421569,
    "r"
  ],
  [
    -3.7499347782604824,
    -0.21106498968511442,
    10.14377862990028,
    "r"
  ],
  [
    -3.9431662566173307,
    -0.21772708537430882,
    11.784608040813206,
    "r"
  ],
  [
    -4.138099200213123,
    -0.22354141869830016,
    13.402805683219421,
    "r"
  ],
  [
    -4.33469125755635,
    -0.2285370419242455,
    14.998528722178001,
    "r"
  ],
  [
    -4.532900077155503,
    -0.2327430073193022,
    16.571934322748024,
    "r"
  ],
  [
    -4.732683307519075,
    -0.23618836715062735,
    18.123179649988554,
    "r"
  ],
  [
    -4.933998597155553,
    -0.23890217368537817,
    19.65242186895868,
    "r"
  ],
  [
    -5.136803594573432,
    -0.24091347919071182,
    21.159818144717462,
    "r"
  ],
  [
    -5.3410559482812,
    -0.24225133593378553,
    22.645525642323985,
    "r"
  ],
  [
    -5.54671330678735,
    -0.2429447961817565,
    24.109701526837327,
    "r"
  ],
  [
    -5.75373331860037,
    -0.24302291220178174,
    25.552502963316545,
    "r"
  ],
  [
    -5.962073632228752,
    -0.2425147362610186,
    26.974087116820723,
    "r"
  ],
  [
    -6.171691896180989,
    -0.24144932062662428,
    28.374611152408942,
    "r"
  ],
  [
    -6.38254575896557,
    -0.23985571756575585,
    29.754232235140268,
    "r"
  ],
  [
    -6.594592869090984,
    -0.2377629793455705,
    31.113107530073762,
    "r"
  ],
  [
    -6.807790875065727,
    -0.23520015823322563,
    32.45139420226854,
    "r"
  ],
  [
    -7.022097425398287,
    -0.23219630649587814,
    33.76924941678363,
    "r"
  ],
  [
    -7.237470168597155,
    -0.22878047640068544,
    35.06683033867813,
    "r"
  ],
  [
    -7.453866753170822,
    -0.22498172021480464,
    36.344294133011125,
    "r"
  ],
  [
    -7.6712448276277785,
    -0.22082909020539282,
    37.601797964841666,
    "r"
  ],
  [
    -7.889562040476514,
    -0.2163516386396073,
    38.83949899922882,
    "r"
  ],
  [
    -8.108776040225525,
    -0.21157841778460532,
    40.0575544012317,
    "r"
  ],
  [
    -8.328844475383296,
    -0.20653847990754387,
    41.256121335909356,
    "r"
  ],
  [
    -8.549724994458321,
    -0.20126087727558023,
    42.43535696832085,
    "r"
  ],
  [
    -8.771375245959092,
    -0.19577466215587153,
    43.59541846352529,
    "r"
  ],
  [
    -8.993752878394094,
    -0.19010888681557503,
    44.7364629865817,
    "r"
  ],
  [
    -9.216815540271826,
    -0.18429260352184804,
    45.85864770254923,
    "r"
  ],
  [
    -9.440520880100772,
    -0.1783548645418474,
    46.962129776486876,
    "r"
  ],
  [
    -9.66482654638943,
    -0.1723247221427306,
    48.04706637345375,
    "r"
  ],
  [
    -9.889690187646284,
    -0.1662312285916548,
    49.113614658508936,
    "r"
  ],
  [
    -10.115069452379831,
    -0.16010343615577705,
    50.1619317967115,
    "r"
  ],
  [
    -10.340921989098558,
    -0.15397039710225469,
    51.19217495312049,
    "r"
  ],
  [
    -10.567205446310954,
    -0.14786116369824465,
    52.20450129279501,
    "r"
  ],
  [
    -10.793877472525516,
    -0.14180478821090428,
    53.19906798079415,
    "r"
  ],
  [
    -11.02089571625073,
    -0.13583032290739086,
    54.17603218217693,
    "r"
  ],
  [
    -11.248217825995088,
    -0.12996682005486165,
    55.135551062002484,
    "r"
  ],
  [
    -11.475801450267081,
    -0.12424333192047343,
    56.07778178532982,
    "r"
  ],
  [
    -11.703604237575203,
    -0.11868891077138377,
    57.00288151721808,
    "r"
  ],
  [
    -11.931583836427937,
    -0.1133326088747495,
    57.91100742272627,
    "r"
  ],
  [
    -12.159697895333782,
    -0.10820347849772827,
    58.80231666691354,
    "r"
  ],
  [
    -12.387904062801228,
    -0.1033305719074768,
    59.67696641483892,
    "r"
  ],
  [
    -12.616159987338763,
    -0.0987429413711525,
    60.535113831561496,
    "r"
  ],
  [
    -12.84442331745488,
    -0.09446963915591267,
    61.376916082140326,
    "r"
  ],
  [
    -13.072651701658064,
    -0.09053971752891438,
    62.2025303316345,
    "r"
  ],
  [
    -13.300802788456812,
    -0.08698222875731468,
    63.01211374510307,
    "r"
  ],
  [
    -13.528834226359617,
    -0.08382622510827092,
    63.80582348760516,
    "r"
  ],
  [
    -13.756703663874967,
    -0.08110075884894036,
    64.5838167241998,
    "r"
  ],
  [
    -13.984368749511347,
    -0.07883488224647983,
    65.34625061994608,
    "r"
  ],
  [
    -14.211787131777259,
    -0.07705764756804706,
    66.09328233990307,
    "r"
  ],
  [
    -14.438916459181181,
    -0.07579810708079882,
    66.82506904912984,
    "r"
  ],
  [
    -14.66571438023162,
    -0.07508531305189226,
    67.54176791268547,
    "r"
  ],
  [
    -14.892138543437051,
    -0.07494831774848482,
    68.24353609562904,
    "r"
  ],
  [
    -15.118146597305975,
    -0.07541617343773366,
    68.93053076301962,
    "r"
  ],
  [
    -15.343696190346881,
    -0.07651793238679583,
    69.60290907991629,
    "r"
  ],
  [
    -15.568744971068257,
    -0.07828264686282854,
    70.2608282113781,
    "r"
  ],
  [
    -15.793250587978596,
    -0.08073936913298907,
    70.90444532246416,
    "r"
  ],
  [
    -16.017170689586386,
    -0.08391715146443451,
    71.53391757823353,
    "r"
  ],
  [
    -16.240462924400124,
    -0.08784504612432209,
    72.14940214374526,
    "r"
  ],
  [
    -16.463084940928297,
    -0.09255210537980901,
    72.75105618405846,
    "r"
  ],
  [
    -16.6849943876794,
    -0.09806738149805216,
    73.3390368642322,
    "r"
  ],
  [
    -16.90614891316191,
    -0.10441992674620937,
    73.91350134932551,
    "r"
  ],
  [
    -17.12650616588434,
    -0.11163879339143734,
    74.47460680439755,
    "r"
  ],
  [
    -17.34602379435516,
    -0.11975303370089324,
    75.0225103945073,
    "r"
  ],
  [
    -17.564659447082875,
    -0.1287916999417345,
    75.55736928471389,
    "r"
  ],
  [
    -17.782370772575966,
    -0.13878384438111835,
    76.07934064007638,
    "r"
  ],
  [
    -17.99911541934293,
    -0.14975851928620165,
    76.58858162565384,
    "r"
  ],
  [
    -18.214851035892263,
    -0.1617447769241417,
    77.08524940650535,
    "r"
  ],
  [
    -18.429535270732444,
    -0.17477166956209567,
    77.56950114768999,
    "r"
  ],
  [
    -18.643125772371974,
    -0.1888682494672208,
    78.04149401426685,
    "r"
  ],
  [
    -18.855580189319333,
    -0.20406356890667487,
    78.50138517129496,
    "r"
  ],
  [
    -19.066856170083025,
    -0.22038668014761376,
    78.94933178383343,
    "r"
  ],
  [
    -19.27691136317153,
    -0.23786663545719555,
    79.38549101694132,
    "r"
  ],
  [
    -19.485703417093344,
    -0.2565324871025778,
    79.81002003567772,
    "r"
  ],
  [
    -19.69318998035696,
    -0.27641328735091675,
    80.22307600510165,
    "r"
  ],
  [
    -19.89932870147086,
    -0.2975380884693697,
    80.62481609027225,
    "r"
  ],
  [
    -20.104077228943545,
    -0.3199359427250945,
    81.01539745624858,
    "r"
  ],
  [
    -20.3073932112835,
    -0.34363590238524777,
    81.39497726808969,
    "r"
  ],
  [
    -20.509234296999217,
    -0.3686670197169868,
    81.76371269085466,
    "r"
  ],
  [
    -20.70955813459919,
    -0.39505834698746933,
    82.12176088960258,
    "r"
  ],
  [
    -20.908322372591908,
    -0.4228389364638516,
    82.46927902939254,
    "r"
  ],
  [
    -21.10548465948586,
    -0.4520378404132912,
    82.80642427528358,
    "r"
  ],
  [
    -21.301002643789538,
    -0.48268411110294585,
    83.13335379233477,
    "r"
  ],
  [
    -21.494833974011435,
    -0.5148068007999721,
    83.4502247456052,
    "r"
  ],
  [
    -21.68693629866004,
    -0.548434961771527,
    83.75719430015397,
    "r"
  ],
  [
    -21.877267266243848,
    -0.583597646284769,
    84.05441962104011,
    "r"
  ],
  [
    -22.06578452527134,
    -0.6203239066068533,
    84.34205787332272,
    "r"
  ],
  [
    -22.252445724251015,
    -0.6586427950049387,
    84.62026622206085,
    "r"
  ],
  [
    -22.43720851169136,
    -0.6985833637461816,
    84.8892018323136,
    "r"
  ],
  [
    -22.62003053610087,
    -0.7401746650977392,
    85.14902186914006,
    "r"
  ],
  [
    -22.800869445988035,
    -0.7834457513267687,
    85.39988349759928,
    "r"
  ],
  [
    -22.97968288986134,
    -0.8284256747004278,
    85.64194388275031,
    "r"
  ],
  [
    -23.15642851622928,
    -0.8751434874858736,
    85.87536018965226,
    "r"
  ],
  [
    -23.33106397360035,
    -0.9236282419502626,
    86.1002895833642,
    "r"
  ],
  [
    -23.50354691048304,
    -0.9739089903607525,
    86.3168892289452,
    "r"
  ],
  [
    -23.67383497538583,
    -1.026014784984501,
    86.52531629145432,
    "r"
  ],
  [
    -23.841885816817225,
    -1.0799746780886645,
    86.72572793595064,
    "r"
  ],
  [
    -24.007657083285714,
    -1.1358177219404002,
    86.91828132749326,
    "r"
  ],
  [
    -24.171106423299776,
    -1.1935729688068655,
    87.10313363114123,
    "r"
  ],
  [
    -24.332191485367915,
    -1.253269470955217,
    87.28044201195362,
    "r"
  ],
  [
    -24.490869917998616,
    -1.3149362806526126,
    87.45036363498953,
    "r"
  ],
  [
    -24.647099369700364,
    -1.3786024501662097,
    87.61305566530801,
    "r"
  ],
  [
    -24.800837488981664,
    -1.4442970317631645,
    87.76867526796816,
    "r"
  ],
  [
    -24.952041924351,
    -1.5120490777106352,
    87.91737960802902,
    "r"
  ],
  [
    -25.10067032431686,
    -1.581887640275779,
    88.0593258505497,
    "r"
  ],
  [
    -25.246680337387737,
    -1.6538417717257519,
    88.19467116058922,
    "r"
  ],
  [
    -25.39002961207212,
    -1.7279405243277122,
    88.32357270320674,
    "r"
  ],
  [
    -25.53067579687851,
    -1.8042129503488167,
    88.44618764346126,
    "r"
  ],
  [
    -25.668576540315385,
    -1.8826881020562243,
    88.56267314641187,
    "r"
  ],
  [
    -25.803689490891237,
    -1.963395031717088,
    88.67318637711766,
    "r"
  ],
  [
    -25.935972297114567,
    -2.0463627915985687,
    88.7778845006377,
    "r"
  ],
  [
    -26.06538260749386,
    -2.131620433967822,
    88.87692468203107,
    "r"
  ],
  [
    -26.1918780705376,
    -2.219197011092005,
    88.97046408635683,
    "r"
  ],
  [
    -26.31541633475429,
    -2.3091215752382763,
    89.05865987867406,
    "r"
  ],
  [
    -26.435955048652414,
    -2.4014231786737916,
    89.14166922404183,
    "r"
  ],
  [
    -26.553451860740466,
    -2.4961308736657086,
    89.21964928751925,
    "r"
  ],
  [
    -26.667864419526936,
    -2.5932737124811838,
    89.29275723416534,
    "r"
  ],
  [
    -26.77915037352031,
    -2.6928807473873766,
    89.3611502290392,
    "r"
  ],
  [
    -26.88726737122909,
    -2.7949810306514418,
    89.42498543719992,
    "r"
  ],
  [
    -26.99217306116175,
    -2.8996036145405375,
    89.48442002370653,
    "r"
  ],
  [
    -27.0938250918268,
    -3.006777551321823,
    89.53961115361815,
    "r"
  ],
  [
    -27.192181111732722,
    -3.116531893262451,
    89.59071599199383,
    "r"
  ],
  [
    -27.287198769388002,
    -3.228895692629581,
    89.63789170389265,
    "r"
  ],
  [
    -27.37883571330114,
    -3.3438980016903708,
    89.6812954543737,
    "r"
  ],
  [
    -27.46704959198062,
    -3.461567872711976,
    89.72108440849601,
    "r"
  ],
  [
    -27.551798053934938,
    -3.581934357961556,
    89.7574157313187,
    "r"
  ],
  [
    -27.63303874767258,
    -3.705026509706266,
    89.79044658790085,
    "r"
  ],
  [
    -27.71072932170204,
    -3.8308733802132644,
    89.8203341433015,
    "r"
  ],
  [
    -27.784827424531805,
    -3.9595040217497073,
    89.84723556257971,
    "r"
  ],
  [
    -27.855290704670377,
    -4.090947486582753,
    89.8713080107946,
    "r"
  ],
  [
    -27.92207681062623,
    -4.225232826979559,
    89.89270865300524,
    "r"
  ],
  [
    -27.985143390907872,
    -4.362389095207282,
    89.91159465427066,
    "r"
  ],
  [
    -28.044448094023785,
    -4.502445343533077,
    89.92812317964999,
    "r"
  ],
  [
    -28.099948568482457,
    -4.645430624224105,
    89.94245139420228,
    "r"
  ],
  [
    -28.151602462792383,
    -4.79137398954752,
    89.95473646298659,
    "r"
  ],
  [
    -28.199367425462054,
    -4.940304491770479,
    89.965135551062,
    "r"
  ],
  [
    -28.24320110499996,
    -5.092251183160142,
    89.97380582348761,
    "r"
  ],
  [
    -28.283061149914598,
    -5.247243115983665,
    89.98090444532247,
    "r"
  ],
  [
    -28.318905208714447,
    -5.405309342508206,
    89.98658858162567,
    "r"
  ],
  [
    -28.35069092990801,
    -5.566478915000919,
    89.99101539745625,
    "r"
  ],
  [
    -28.37837596200377,
    -5.730780885728964,
    89.99434205787333,
    "r"
  ],
  [
    -28.401917953510218,
    -5.898244306959499,
    89.99672572793595,
    "r"
  ],
  [
    -28.42127455293585,
    -6.068898230959678,
    89.9983235727032,
    "r"
  ],
  [
    -28.43640340878915,
    -6.2427717099966635,
    89.99929275723416,
    "r"
  ],
  [
    -28.447262169578615,
    -6.419893796337607,
    89.99979044658791,
    "r"
  ],
  [
    -28.453808483812736,
    -6.600293542249666,
    89.99997380582349,
    "r"
  ],
  [
    -28.456,
    -6.784000000000001,
    90.0,
    "r"
  ],
  [
    -28.456,
    -6.784000000000001,
    90,
    "r"
  ],
  [
    -28.456,
    -6.904,
    90,
    "r"
  ],
  [
    -28.456,
    -7.024000000000001,
    90,
    "r"
  ],
  [
    -28.456,
    -7.144000000000001,
    90,
    "r"
  ],
  [
    -28.455999999999996,
    -7.264000000000001,
    90,
    "r"
  ],
  [
    -28.456000000000003,
    -7.384000000000001,
    90,
    "r"
  ],
  [
    -28.456000000000003,
    -7.5040000000000004,
    90,
    "r"
  ],
  [
    -28.456,
    -7.6240000000000006,
    90,
    "r"
  ],
  [
    -28.456000000000003,
    -7.7440000000000015,
    90,
    "r"
  ],
  [
    -28.455999999999996,
    -7.864000000000001,
    90,
    "r"
  ],
  [
    -28.456,
    -7.984000000000001,
    90,
    "r"
  ],
  [
    -28.456000000000003,
    -8.104000000000001,
    90,
    "r"
  ],
  [
    -28.456,
    -8.224,
    90,
    "r"
  ],
  [
    -28.456,
    -8.344000000000001,
    90,
    "r"
  ],
  [
    -28.456000000000003,
    -8.464000000000002,
    90,
    "r"
  ],
  [
    -28.456,
    -8.584,
    90,
    "r"
  ],
  [
    -28.455999999999996,
    -8.704,
    90,
    "r"
  ],
  [
    -28.456000000000003,
    -8.824000000000002,
    90,
    "r"
  ],
  [
    -28.456,
    -8.944,
    90,
    "r"
  ],
  [
    -28.456000000000003,
    -9.064,
    90,
    "r"
  ],
  [
    -28.456000000000003,
    -9.184000000000001,
    90,
    "r"
  ],
  [
    -28.455999999999996,
    -9.304,
    90,
    "r"
  ],
  [
    -28.456,
    -9.424000000000001,
    90,
    "r"
  ],
  [
    -28.456,
    -9.544,
    90,
    "r"
  ],
  [
    -28.456,
    -9.664,
    90,
    "r"
  ]
]