[
  [
    0.0,
    0.0,
    222.64649340820313,
    "f"
  ],
  [
    -0.05445120182247136,
    -0.05988999269239774,
    221.91235865099014,
    "f"
  ],
  [
    -0.10868402389156118,
    -0.1210703728076632,
    221.20311787731816,
    "f"
  ],
  [
    -0.1627020578533117,
    -0.1835229384337991,
    220.5179637892354,
    "f"
  ],
  [
    -0.21650889535376508,
    -0.24722948765880842,
    219.85610609438572,
    "f"
  ],
  [
    -0.27010812803896367,
    -0.3121718185706941,
    219.21677325373008,
    "f"
  ],
  [
    -0.3235033475549496,
    -0.3783317292574587,
    218.5992138451179,
    "f"
  ],
  [
    -0.37669814554776493,
    -0.4456910178071052,
    218.00269759237835,
    "f"
  ],
  [
    -0.4296961136634523,
    -0.5142314823076368,
    217.42651610497637,
    "f"
  ],
  [
    -0.48250084354805345,
    -0.5839349208470558,
    216.86998336880487,
    "f"
  ],
  [
    -0.535115926847611,
    -0.6547831315133654,
    216.33243602441388,
    "f"
  ],
  [
    -0.5875449552081671,
    -0.7267579123945684,
    215.81323346497766,
    "f"
  ],
  [
    -0.6397915202757636,
    -0.7998410615786675,
    215.31175778258142,
    "f"
  ],
  [
    -0.6918592136964432,
    -0.874014377153666,
    214.8274135879987,
    "f"
  ],
  [
    -0.743751627116248,
    -0.9492596572075662,
    214.35962772601766,
    "f"
  ],
  [
    -0.7954723521812199,
    -1.025558699828371,
    213.90784890556296,
    "f"
  ],
  [
    -0.8470249805374017,
    -1.1028933031040842,
    213.47154726132982,
    "f"
  ],
  [
    -0.8984131038308351,
    -1.1812452651227072,
    213.05021386138668,
    "f"
  ],
  [
    -0.949640313707562,
    -1.2605963839722432,
    212.6433601731925,
    "f"
  ],
  [
    -1.0007102018136258,
    -1.3409284577406964,
    212.2505174986938,
    "f"
  ],
  [
    -1.051626359795068,
    -1.422223284516068,
    211.87123638759863,
    "f"
  ],
  [
    -1.1023923792979307,
    -1.504462662386362,
    211.50508603654384,
    "f"
  ],
  [
    -1.1530118519682564,
    -1.5876283894395804,
    211.15165368066755,
    "f"
  ],
  [
    -1.2034883694520873,
    -1.6717022637637267,
    210.81054398304525,
    "f"
  ],
  [
    -1.2538255233954652,
    -1.7566660834468029,
    210.48137842653392,
    "f"
  ],
  [
    -1.304026905444433,
    -1.842501646576813,
    210.16379471177578,
    "f"
  ],
  [
    -1.3540961072450324,
    -1.929190751241759,
    209.85744616442906,
    "f"
  ],
  [
    -1.4040367204433057,
    -2.016715195529644,
    209.5620011541045,
    "f"
  ],
  [
    -1.4538523366852958,
    -2.1050567775284716,
    209.27714252698047,
    "f"
  ],
  [
    -1.5035465476170433,
    -2.194197295326243,
    209.0025670536375,
    "f"
  ],
  [
    -1.5531229448845925,
    -2.284118547010963,
    208.73798489328738,
    "f"
  ],
  [
    -1.602585120133984,
    -2.374802330670633,
    208.4831190752564,
    "f"
  ],
  [
    -1.6519366650112606,
    -2.4662304443932563,
    208.23770499832307,
    "f"
  ],
  [
    -1.7011811711624645,
    -2.5583846862668347,
    208.00148994828703,
    "f"
  ],
  [
    -1.750322230233639,
    -2.6512468543793744,
    207.77423263396184,
    "f"
  ],
  [
    -1.7993634338708242,
    -2.744798746818874,
    207.55570274163244,
    "f"
  ],
  [
    -1.8483083737200634,
    -2.8390221616733387,
    207.34568050788977,
    "f"
  ],
  [
    -1.8971606414273996,
    -2.9338988970307724,
    207.14395631065508,
    "f"
  ],
  [
    -1.9459238286388736,
    -3.0294107509791752,
    206.9503302781219,
    "f"
  ],
  [
    -1.9946015270005288,
    -3.125539521606553,
    206.76461191527824,
    "f"
  ],
  [
    -2.043197328158406,
    -3.2222670070009043,
    206.58661974762168,
    "f"
  ],
  [
    -2.091714823758549,
    -3.319575005250237,
    206.41618098164014,
    "f"
  ],
  [
    -2.1401576054469986,
    -3.4174453144425496,
    206.253131181603,
    "f"
  ],
  [
    -2.1885292648697985,
    -3.5158597326658483,
    206.0973139621886,
    "f"
  ],
  [
    -2.23683339367299,
    -3.614800058008135,
    205.94858069646176,
    "f"
  ],
  [
    -2.285073583502616,
    -3.714248088557412,
    205.80679023870852,
    "f"
  ],
  [
    -2.3332534260047177,
    -3.814185622401681,
    205.67180866163636,
    "f"
  ],
  [
    -2.3813765128253372,
    -3.9145944576289464,
    205.54350900745033,
    "f"
  ],
  [
    -2.429446435610518,
    -4.015456392327211,
    205.42177105232315,
    "f"
  ],
  [
    -2.4774667860063015,
    -4.116753224584477,
    205.3064810837883,
    "f"
  ],
  [
    -2.525441155658731,
    -4.21846675248875,
    205.19753169059595,
    "f"
  ],
  [
    -2.5733731362138466,
    -4.320578774128029,
    205.0948215645874,
    "f"
  ],
  [
    -2.6212663193176926,
    -4.423071087590318,
    204.99825531415792,
    "f"
  ],
  [
    -2.6691242966163093,
    -4.52592549096362,
    204.90774328889609,
    "f"
  ],
  [
    -2.716950659755741,
    -4.629123782335939,
    204.82320141500338,
    "f"
  ],
  [
    -2.7647490003820288,
    -4.732647759795277,
    204.74455104111814,
    "f"
  ],
  [
    -2.812522910141215,
    -4.836479221429637,
    204.6717187941851,
    "f"
  ],
  [
    -2.860275980679342,
    -4.9405999653270225,
    204.6046364450301,
    "f"
  ],
  [
    -2.908011803642451,
    -5.044991789575434,
    204.54324078332053,
    "f"
  ],
  [
    -2.9557339706765857,
    -5.149636492262877,
    204.48747350160806,
    "f"
  ],
  [
    -3.0034460734277877,
    -5.25451587147735,
    204.4372810881713,
    "f"
  ],
  [
    -3.0511517035420983,
    -5.359611725306862,
    204.3926147283933,
    "f"
  ],
  [
    -3.098854452665562,
    -5.464905851839412,
    204.35343021442793,
    "f"
  ],
  [
    -3.1465579124442202,
    -5.570380049163007,
    204.31968786292595,
    "f"
  ],
  [
    -3.1942656745241127,
    -5.676016115365644,
    204.29135244061172,
    "f"
  ],
  [
    -3.2419813305512855,
    -5.781795848535329,
    204.2683930975162,
    "f"
  ],
  [
    -3.2897084721717773,
    -5.887701046760063,
    204.2507833076911,
    "f"
  ],
  [
    -3.3374506910316333,
    -5.993713508127853,
    204.23850081724595,
    "f"
  ],
  [
    -3.385211578776894,
    -6.099815030726697,
    204.231527599564,
    "f"
  ],
  [
    -3.432994727053601,
    -6.2059874126446,
    204.22984981757247,
    "f"
  ],
  [
    -3.480803727507799,
    -6.312212451969566,
    204.23345779295624,
    "f"
  ],
  [
    -3.528642171785528,
    -6.418471946789595,
    204.24234598222017,
    "f"
  ],
  [
    -3.5765136515328306,
    -6.524747695192693,
    204.25651295952116,
    "f"
  ],
  [
    -3.6244217583957496,
    -6.63102149526686,
    204.27596140620528,
    "f"
  ],
  [
    -3.6723700840203284,
    -6.737275145100103,
    204.30069810700115,
    "f"
  ],
  [
    -3.720362220052606,
    -6.843490442780419,
    204.33073395283367,
    "f"
  ],
  [
    -3.7684017581386287,
    -6.949649186395817,
    204.36608395023774,
    "f"
  ],
  [
    -3.8164922899244345,
    -7.055733174034295,
    204.4067672373659,
    "f"
  ],
  [
    -3.864637407056068,
    -7.161724203783859,
    204.4528071065953,
    "f"
  ],
  [
    -3.9128407011795714,
    -7.267604073732508,
    204.5042310337563,
    "f"
  ],
  [
    -3.9611057639409863,
    -7.3733545819682496,
    204.56107071401516,
    "f"
  ],
  [
    -4.009436186986354,
    -7.478957526579081,
    204.62336210445795,
    "f"
  ],
  [
    -4.05783556196172,
    -7.584394705653011,
    204.69114547343605,
    "f"
  ],
  [
    -4.106307480513124,
    -7.689647917278041,
    204.76446545674355,
    "f"
  ],
  [
    -4.154855534286607,
    -7.794698959542171,
    204.84337112071267,
    "f"
  ],
  [
    -4.203483314928215,
    -7.899529630533408,
    204.92791603232155,
    "f"
  ],
  [
    -4.252194414083987,
    -8.004121728339749,
    205.01815833642257,
    "f"
  ],
  [
    -4.300992423399967,
    -8.108457051049204,
    205.11416084021,
    "f"
  ],
  [
    -4.349880934522195,
    -8.212517396749767,
    205.21599110505463,
    "f"
  ],
  [
    -4.398863539096716,
    -8.316284563529454,
    205.32372154584527,
    "f"
  ],
  [
    -4.447943828769572,
    -8.419740349476253,
    205.43742953798454,
    "f"
  ],
  [
    -4.497125395186802,
    -8.522866552678176,
    205.55719753219535,
    "f"
  ],
  [
    -4.546411829994452,
    -8.625644971223226,
    205.68311317730178,
    "f"
  ],
  [
    -4.595806724838561,
    -8.7280574031994,
    205.81526945115502,
    "f"
  ],
  [
    -4.645313671365174,
    -8.830085646694704,
    205.9537647998789,
    "f"
  ],
  [
    -4.694936261220331,
    -8.931711499797144,
    206.09870328561453,
    "f"
  ],
  [
    -4.744678086050077,
    -9.032916760594718,
    206.2501947429443,
    "f"
  ],
  [
    -4.794542737500452,
    -9.133683227175434,
    206.4083549441761,
    "f"
  ],
  [
    -4.8445338072174975,
    -9.233992697627288,
    206.57330577366525,
    "f"
  ],
  [
    -4.894654886847258,
    -9.33382697003829,
    206.74517541134742,
    "f"
  ],
  [
    -4.944909568035776,
    -9.433167842496438,
    206.92409852564606,
    "f"
  ],
  [
    -4.99530144242909,
    -9.531997113089732,
    207.11021647590627,
    "f"
  ],
  [
    -5.045834101673246,
    -9.630296579906187,
    207.30367752449143,
    "f"
  ],
  [
    -5.096511137414285,
    -9.728048041033793,
    207.5046370586552,
    "f"
  ],
  [
    -5.147336141298247,
    -9.825233294560558,
    207.71325782227706,
    "f"
  ],
  [
    -5.198312704971179,
    -9.921834138574486,
    207.92971015751436,
    "f"
  ],
  [
    -5.2494444200791195,
    -10.01783237116358,
    208.15417225638305,
    "f"
  ],
  [
    -5.300734878268111,
    -10.113209790415837,
    208.38683042222965,
    "f"
  ],
  [
    -5.352187671184197,
    -10.207948194419268,
    208.62787934099833,
    "f"
  ],
  [
    -5.403806390473419,
    -10.302029381261871,
    208.87752236212498,
    "f"
  ],
  [
    -5.455594627781819,
    -10.395435149031652,
    209.13597178880798,
    "f"
  ],
  [
    -5.507555974755442,
    -10.488147295816612,
    209.40344917730624,
    "f"
  ],
  [
    -5.5596940230403264,
    -10.58014761970475,
    209.68018564480275,
    "f"
  ],
  [
    -5.612012364282514,
    -10.671417918784076,
    209.966422185236,
    "f"
  ],
  [
    -5.664514590128052,
    -10.761939991142588,
    210.26240999234972,
    "f"
  ],
  [
    -5.717204292222977,
    -10.85169563486829,
    210.56841078903204,
    "f"
  ],
  [
    -5.770085062213334,
    -10.940666648049183,
    210.884697161811,
    "f"
  ],
  [
    -5.823160491745166,
    -11.028834828773276,
    211.21155289913617,
    "f"
  ],
  [
    -5.876434172464514,
    -11.116181975128566,
    211.549273331809,
    "f"
  ],
  [
    -5.92990969601742,
    -11.202689885203057,
    211.89816567361498,
    "f"
  ],
  [
    -5.983590654049927,
    -11.288340357084756,
    212.2585493598619,
    "f"
  ],
  [
    -6.037480638208077,
    -11.37311518886166,
    212.63075638113048,
    "f"
  ],
  [
    -6.091583240137912,
    -11.456996178621774,
    213.01513160909292,
    "f"
  ],
  [
    -6.145902051485474,
    -11.5399651244531,
    213.41203311074867,
    "f"
  ],
  [
    -6.200440663896806,
    -11.622003824443645,
    213.821832446852,
    "f"
  ],
  [
    -6.255202669017949,
    -11.703094076681408,
    214.24491494966554,
    "f"
  ],
  [
    -6.310191658494946,
    -11.783217679254392,
    214.6816799744538,
    "f"
  ],
  [
    -6.365411223973839,
    -11.8623564302506,
    215.13254111832896,
    "f"
  ],
  [
    -6.4208649571006715,
    -11.940492127758036,
    215.5979263991697,
    "f"
  ],
  [
    -6.476556449521484,
    -12.017606569864704,
    216.07827838634648,
    "f"
  ],
  [
    -6.532489292882318,
    -12.093681554658602,
    216.5740542738987,
    "f"
  ],
  [
    -6.588667078829219,
    -12.168698880227737,
    217.0857258856148,
    "f"
  ],
  [
    -6.645093399008227,
    -12.242640344660112,
    217.61377960016313,
    "f"
  ],
  [
    -6.701771845065384,
    -12.315487746043727,
    218.15871618300736,
    "f"
  ],
  [
    -6.758706008646733,
    -12.387222882466588,
    218.7210505103173,
    "f"
  ],
  [
    -6.815899481398316,
    -12.457827552016697,
    219.30131116845627,
    "f"
  ],
  [
    -6.873355854966176,
    -12.527283552782055,
    219.90003991090379,
    "f"
  ],
  [
    -6.931078720996354,
    -12.595572682850667,
    220.5177909526642,
    "f"
  ],
  [
    -6.98907167113489,
    -12.662676740310534,
    221.15513008034833,
    "f"
  ],
  [
    -7.047338297027831,
    -12.72857752324966,
    221.81263355421783,
    "f"
  ],
  [
    -7.105882190321217,
    -12.793256829756048,
    222.49088677659728,
    "f"
  ],
  [
    -7.164706942661089,
    -12.8566964579177,
    223.1904826992385,
    "f"
  ],
  [
    -7.223816145693492,
    -12.918878205822617,
    223.91201994052835,
    "f"
  ],
  [
    -7.283213391064467,
    -12.979783871558809,
    224.65610058195745,
    "f"
  ],
  [
    -7.342902270420055,
    -13.039395253214273,
    225.4233276121056,
    "f"
  ],
  [
    -7.4028863754062995,
    -13.097694148877011,
    226.2143019856852,
    "f"
  ],
  [
    -7.463169297669243,
    -13.154662356635031,
    227.02961926505304,
    "f"
  ],
  [
    -7.523754628854927,
    -13.210281674576331,
    227.86986581223147,
    "f"
  ],
  [
    -7.584645960609393,
    -13.264533900788914,
    228.7356145010628,
    "f"
  ],
  [
    -7.645846884578684,
    -13.317400833360784,
    229.627419921875,
    "f"
  ],
  [
    -7.645846884578684,
    -13.317400833360784,
    229.627419921875,
    "r"
  ],
  [
    -7.584520801846514,
    -13.265613571744609,
    230.01454767602593,
    "r"
  ],
  [
    -7.523256388234106,
    -13.214588223791118,
    230.4069062429935,
    "r"
  ],
  [
    -7.462053643741459,
    -13.164324789500302,
    230.80456480785705,
    "r"
  ],
  [
    -7.4009125683685735,
    -13.114823268872172,
    231.20759239467503,
    "r"
  ],
  [
    -7.339833162115451,
    -13.066083661906724,
    231.61605777834905,
    "r"
  ],
  [
    -7.278815424982091,
    -13.018105968603958,
    232.03002939086105,
    "r"
  ],
  [
    -7.217859356968493,
    -12.970890188963871,
    232.4495752216868,
    "r"
  ],
  [
    -7.156964958074656,
    -12.924436322986468,
    232.87476271219793,
    "r"
  ],
  [
    -7.096132228300583,
    -12.878744370671747,
    233.3056586438684,
    "r"
  ],
  [
    -7.035361167646269,
    -12.833814332019706,
    233.74232902011227,
    "r"
  ],
  [
    -6.9746517761117195,
    -12.789646207030348,
    234.18483894158902,
    "r"
  ],
  [
    -6.9140040536969325,
    -12.746239995703673,
    234.63325247482612,
    "r"
  ],
  [
    -6.853418000401906,
    -12.703595698039676,
    235.08763251402337,
    "r"
  ],
  [
    -6.792893616226641,
    -12.661713314038364,
    235.54804063592178,
    "r"
  ],
  [
    -6.7324309011711385,
    -12.62059284369973,
    236.0145369476395,
    "r"
  ],
  [
    -6.6720298552353965,
    -12.580234287023778,
    236.4871799274008,
    "r"
  ],
  [
    -6.611690478419418,
    -12.540637644010513,
    236.96602625811124,
    "r"
  ],
  [
    -6.551412770723203,
    -12.501802914659926,
    237.4511306537603,
    "r"
  ],
  [
    -6.491196732146747,
    -12.46373009897202,
    237.94254567866687,
    "r"
  ],
  [
    -6.431042362690055,
    -12.426419196946796,
    238.4403215596194,
    "r"
  ],
  [
    -6.370949662353124,
    -12.389870208584254,
    238.94450599100122,
    "r"
  ],
  [
    -6.310918631135955,
    -12.354083133884393,
    239.45514393303813,
    "r"
  ],
  [
    -6.250949269038549,
    -12.319057972847213,
    239.97227740335018,
    "r"
  ],
  [
    -6.191041576060903,
    -12.284794725472718,
    240.49594526204368,
    "r"
  ],
  [
    -6.131195552203021,
    -12.251293391760901,
    241.02618299063295,
    "r"
  ],
  [
    -6.071411197464901,
    -12.218553971711769,
    241.5630224651424,
    "r"
  ],
  [
    -6.0116885118465415,
    -12.186576465325315,
    242.1064917238026,
    "r"
  ],
  [
    -5.952027495347945,
    -12.155360872601548,
    242.65661472981873,
    "r"
  ],
  [
    -5.8924281479691105,
    -12.124907193540459,
    243.21341112976393,
    "r"
  ],
  [
    -5.832890469710037,
    -12.095215428142051,
    243.7768960082202,
    "r"
  ],
  [
    -5.773414460570727,
    -12.066285576406324,
    244.34707963936825,
    "r"
  ],
  [
    -5.7140001205511775,
    -12.038117638333278,
    244.92396723630503,
    "r"
  ],
  [
    -5.654647449651391,
    -12.010711613922918,
    245.50755869895028,
    "r"
  ],
  [
    -5.595356447871366,
    -11.98406750317524,
    246.09784836148356,
    "r"
  ],
  [
    -5.5361271152111025,
    -11.958185306090238,
    246.69482474033936,
    "r"
  ],
  [
    -5.476959451670602,
    -11.933065022667922,
    247.298470283867,
    "r"
  ],
  [
    -5.417853457249863,
    -11.908706652908286,
    247.90876112484762,
    "r"
  ],
  [
    -5.358809131948886,
    -11.885110196811333,
    248.52566683713877,
    "r"
  ],
  [
    -5.299826475767671,
    -11.862275654377061,
    249.14915019779517,
    "r"
  ],
  [
    -5.240905488706217,
    -11.840203025605469,
    249.7791669560869,
    "r"
  ],
  [
    -5.182046170764528,
    -11.818892310496564,
    250.4156656109053,
    "r"
  ],
  [
    -5.123248521942598,
    -11.798343509050335,
    251.05858719810817,
    "r"
  ],
  [
    -5.064512542240432,
    -11.77855662126679,
    251.7078650894083,
    "r"
  ],
  [
    -5.005838231658026,
    -11.759531647145923,
    252.36342480445643,
    "r"
  ],
  [
    -4.947225590195382,
    -11.741268586687742,
    253.02518383780102,
    "r"
  ],
  [
    -4.8886746178525025,
    -11.723767439892242,
    253.69305150243224,
    "r"
  ],
  [
    -4.830185314629382,
    -11.707028206759423,
    254.36692879162308,
    "r"
  ],
  [
    -4.771757680526026,
    -11.691050887289284,
    255.04670826077785,
    "r"
  ],
  [
    -4.71339171554243,
    -11.675835481481831,
    255.73227393097426,
    "r"
  ],
  [
    -4.655087419678598,
    -11.661381989337055,
    256.42350121584843,
    "r"
  ],
  [
    -4.596844792934526,
    -11.647690410854965,
    257.12025687341463,
    "r"
  ],
  [
    -4.538663835310217,
    -11.634760746035557,
    257.82239898433716,
    "r"
  ],
  [
    -4.480544546805669,
    -11.622592994878826,
    258.5297769580768,
    "r"
  ],
  [
    -4.422486927420885,
    -11.611187157384778,
    259.2422315682214,
    "r"
  ],
  [
    -4.36449097715586,
    -11.600543233553411,
    259.9595950181749,
    "r"
  ],
  [
    -4.306556696010601,
    -11.59066122338473,
    260.68169103822777,
    "r"
  ],
  [
    -4.248684083985101,
    -11.581541126878726,
    261.4083350148584,
    "r"
  ],
  [
    -4.190873141079362,
    -11.573182944035404,
    262.1393341529265,
    "r"
  ],
  [
    -4.1331238672933885,
    -11.565586674854767,
    262.87448767121083,
    "r"
  ],
  [
    -4.075436262627174,
    -11.558752319336808,
    263.61358703152354,
    "r"
  ],
  [
    -4.017810327080723,
    -11.552679877481532,
    264.35641620139586,
    "r"
  ],
  [
    -3.9602460606540335,
    -11.54736934928894,
    265.102751950085,
    "r"
  ],
  [
    -3.9027434633471048,
    -11.542820734759026,
    265.8523641773953,
    "r"
  ],
  [
    -3.8453025351599406,
    -11.539034033891795,
    266.6050162745475,
    "r"
  ],
  [
    -3.7879232760925365,
    -11.536009246687247,
    267.3604655160633,
    "r"
  ],
  [
    -3.7306056861448953,
    -11.533746373145378,
    268.1184634813724,
    "r"
  ],
  [
    -3.673349765317016,
    -11.532245413266194,
    268.8787565045872,
    "r"
  ],
  [
    -3.6161555136088985,
    -11.53150636704969,
    269.64108615063947,
    "r"
  ],
  [
    -3.559022931020543,
    -11.531529234495867,
    270.40518971573226,
    "r"
  ],
  [
    -3.5019520175519494,
    -11.532314015604728,
    271.170800749833,
    "r"
  ],
  [
    -3.4449427732031177,
    -11.533860710376267,
    271.93764959872453,
    "r"
  ],
  [
    -3.3879951979740492,
    -11.536169318810492,
    272.70546396294355,
    "r"
  ],
  [
    -3.331109291864741,
    -11.539239840907396,
    273.4739694707696,
    "r"
  ],
  [
    -3.274285054875195,
    -11.543072276666981,
    274.2428902622905,
    "r"
  ],
  [
    -3.2175224870054113,
    -11.54766662608925,
    275.0119495814595,
    "r"
  ],
  [
    -3.1608215882553896,
    -11.553022889174196,
    275.7808703729803,
    "r"
  ],
  [
    -3.1041823586251303,
    -11.559141065921828,
    276.5493758808064,
    "r"
  ],
  [
    -3.047604798114632,
    -11.566021156332141,
    277.3171902450255,
    "r"
  ],
  [
    -2.991088906723897,
    -11.573663160405134,
    278.084039093917,
    "r"
  ],
  [
    -2.934634684452923,
    -11.582067078140811,
    278.8496501280177,
    "r"
  ],
  [
    -2.878242131301712,
    -11.59123290953917,
    279.6137536931105,
    "r"
  ],
  [
    -2.821911247270261,
    -11.601160654600209,
    280.37608333916273,
    "r"
  ],
  [
    -2.7656420323585733,
    -11.611850313323927,
    281.1363763623775,
    "r"
  ],
  [
    -2.709434486566648,
    -11.623301885710335,
    281.8943743276867,
    "r"
  ],
  [
    -2.6532886098944832,
    -11.635515371759412,
    282.64982356920245,
    "r"
  ],
  [
    -2.597204402342083,
    -11.648490771471185,
    283.40247566635463,
    "r"
  ],
  [
    -2.5411818639094426,
    -11.662228084845626,
    284.152087893665,
    "r"
  ],
  [
    -2.485220994596564,
    -11.676727311882757,
    284.89842364235403,
    "r"
  ],
  [
    -2.4293217944034478,
    -11.69198845258257,
    285.6412528122264,
    "r"
  ],
  [
    -2.3734842633300945,
    -11.708011506945063,
    286.3803521725391,
    "r"
  ],
  [
    -2.317708401376502,
    -11.724796474970235,
    287.1155056908235,
    "r"
  ],
  [
    -2.2619942085426725,
    -11.742343356658093,
    287.84650482889157,
    "r"
  ],
  [
    -2.206341684828605,
    -11.760652152008628,
    288.5731488055222,
    "r"
  ],
  [
    -2.1507508302342977,
    -11.779722861021845,
    289.295244825575,
    "r"
  ],
  [
    -2.095221644759755,
    -11.799555483697752,
    290.0126082755286,
    "r"
  ],
  [
    -2.0397541284049727,
    -11.820150020036332,
    290.7250628856732,
    "r"
  ],
  [
    -1.984348281169952,
    -11.841506470037595,
    291.43244085941285,
    "r"
  ],
  [
    -1.929004103054694,
    -11.86362483370154,
    292.13458297033526,
    "r"
  ],
  [
    -1.8737215940591985,
    -11.886505111028171,
    292.8313386279015,
    "r"
  ],
  [
    -1.818500754183464,
    -11.910147302017478,
    293.5225659127757,
    "r"
  ],
  [
    -1.7633415834274908,
    -11.934551406669467,
    294.2081315829721,
    "r"
  ],
  [
    -1.7082440817912818,
    -11.959717424984142,
    294.88791105212687,
    "r"
  ],
  [
    -1.653208249274833,
    -11.985645356961493,
    295.5617883413177,
    "r"
  ],
  [
    -1.5982340858781474,
    -12.01233520260153,
    296.2296560059489,
    "r"
  ],
  [
    -1.5433215916012237,
    -12.039786961904248,
    296.8914150392935,
    "r"
  ],
  [
    -1.4884707664440606,
    -12.068000634869648,
    297.5469747543416,
    "r"
  ],
  [
    -1.4336816104066608,
    -12.096976221497727,
    298.1962526456418,
    "r"
  ],
  [
    -1.3789541234890215,
    -12.12671372178849,
    298.83917423284464,
    "r"
  ],
  [
    -1.3242883056911472,
    -12.157213135741934,
    299.4756728876631,
    "r"
  ],
  [
    -1.2696841570130313,
    -12.18847446335806,
    300.1056896459548,
    "r"
  ],
  [
    -1.21514167745468,
    -12.220497704636868,
    300.7291730066112,
    "r"
  ],
  [
    -1.1606608670160892,
    -12.253282859578356,
    301.3460787189024,
    "r"
  ],
  [
    -1.1062417256972616,
    -12.286829928182527,
    301.956369559883,
    "r"
  ],
  [
    -1.0518842534981951,
    -12.321138910449378,
    302.5600151034106,
    "r"
  ],
  [
    -0.9975884504188897,
    -12.356209806378912,
    303.1569914822664,
    "r"
  ],
  [
    -0.943354316459347,
    -12.392042615971128,
    303.74728114479973,
    "r"
  ],
  [
    -0.8891818516195675,
    -12.428637339226025,
    304.3308726074449,
    "r"
  ],
  [
    -0.8350710558995496,
    -12.465993976143604,
    304.9077602043817,
    "r"
  ],
  [
    -0.7810219292992922,
    -12.504112526723866,
    305.4779438355298,
    "r"
  ],
  [
    -0.7270344718187975,
    -12.542992990966804,
    306.0414287139861,
    "r"
  ],
  [
    -0.6731086834580653,
    -12.582635368872435,
    306.5982251139312,
    "r"
  ],
  [
    -0.619244564217095,
    -12.623039660440739,
    307.1483481199474,
    "r"
  ],
  [
    -0.5654421140958865,
    -12.664205865671727,
    307.69181737860754,
    "r"
  ],
  [
    -0.51170133309444,
    -12.706133984565398,
    308.22865685311706,
    "r"
  ],
  [
    -0.4580222212127545,
    -12.748824017121743,
    308.7588945817063,
    "r"
  ],
  [
    -0.404404778450834,
    -12.792275963340778,
    309.2825624403998,
    "r"
  ],
  [
    -0.35084900480867187,
    -12.83648982322249,
    309.7996959107119,
    "r"
  ],
  [
    -0.2973549002862734,
    -12.881465596766887,
    310.3103338527488,
    "r"
  ],
  [
    -0.243922464883636,
    -12.92720328397396,
    310.8145182841306,
    "r"
  ],
  [
    -0.19055169860076315,
    -12.973702884843721,
    311.31229416508313,
    "r"
  ],
  [
    -0.13724260143764955,
    -13.020964399376158,
    311.8037091899897,
    "r"
  ],
  [
    -0.08399517339429696,
    -13.068987827571284,
    312.28881358563876,
    "r"
  ],
  [
    -0.03080941447070895,
    -13.11777316942909,
    312.7676599163492,
    "r"
  ],
  [
    0.02231467533311715,
    -13.167320424949576,
    313.2403028961105,
    "r"
  ],
  [
    0.07537709601718312,
    -13.21762959413274,
    313.7067992078282,
    "r"
  ],
  [
    0.1283778475814854,
    -13.268700676978591,
    314.16720732972664,
    "r"
  ],
  [
    0.18131693002602578,
    -13.320533673487121,
    314.6215873689239,
    "r"
  ],
  [
    0.23419434335080247,
    -13.373128583658332,
    315.070000902161,
    "r"
  ],
  [
    0.2870100875558226,
    -13.426485407492224,
    315.51251082363774,
    "r"
  ],
  [
    0.33976416264107634,
    -13.4806041449888,
    315.94918119988165,
    "r"
  ],
  [
    0.3924565686065682,
    -13.535484796148058,
    316.38007713155207,
    "r"
  ],
  [
    0.4450873054522999,
    -13.591127360969995,
    316.8052646220632,
    "r"
  ],
  [
    0.49765637317826705,
    -13.64753183945462,
    317.22481045288896,
    "r"
  ],
  [
    0.5501637717844741,
    -13.704698231601924,
    317.63878206540096,
    "r"
  ],
  [
    0.6026095012709201,
    -13.762626537411906,
    318.047247449075,
    "r"
  ],
  [
    0.6549935616376032,
    -13.82131675688457,
    318.45027503589296,
    "r"
  ],
  [
    0.7073159528845245,
    -13.880768890019919,
    318.8479336007565,
    "r"
  ],
  [
    0.7595766750116839,
    -13.940982936817946,
    319.2402921677241,
    "r"
  ],
  [
    0.8117757280190805,
    -14.001958897278655,
    319.627419921875,
    "r"
  ]
]