[
  [
    0.0,
    0.0,
    0.0,
    "r"
  ],
  [
    -0.12,
    0.0,
    0.0,
    "r"
  ],
  [
    -0.24,
    0.0,
    0.0,
    "r"
  ],
  [
    -0.36,
    0.0,
    0.0,
    "r"
  ],
  [
    -0.48,
    0.0,
    0.0,
    "r"
  ],
  [
    -0.6,
    0.0,
    0.0,
    "r"
  ],
  [
    -0.72,
    0.0,
    0.0,
    "r"
  ],
  [
    -0.84,
    0.0,
    0.0,
    "r"
  ],
  [
    -0.96,
    0.0,
    0.0,
    "r"
  ],
  [
    -1.08,
    0.0,
    0.0,
    "r"
  ],
  [
    -1.2,
    0.0,
    0.0,
    "r"
  ],
  [
    -1.32,
    0.0,
    0.0,
    "r"
  ],
  [
    -1.44,
    0.0,
    0.0,
    "r"
  ],
  [
    -1.56,
    0.0,
    0.0,
    "r"
  ],
  [
    -1.68,
    0.0,
    0.0,
    "r"
  ],
  [
    -1.8,
    0.0,
    0.0,
    "r"
  ],
  [
    -1.92,
    0.0,
    0.0,
    "r"
  ],
  [
    -2.04,
    0.0,
    0.0,
    "r"
  ],
  [
    -2.16,
    0.0,
    0.0,
    "r"
  ],
  [
    -2.28,
    0.0,
    0.0,
    "r"
  ],
  [
    -2.4,
    0.0,
    0.0,
    "r"
  ],
  [
    -2.52,
    0.0,
    0.0,
    "r"
  ],
  [
    -2.64,
    0.0,
    0.0,
    "r"
  ],
  [
    -2.76,
    0.0,
    0.0,
    "r"
  ],
  [
    -2.88,
    0.0,
    0.0,
    "r"
  ],
  [
    -3.0,
    0.0,
    0.0,
    "r"
  ],
  [
    -3.19,
    0.0,
    1.7329281355305053,
    "r"
  ],
  [
    -3.37,
    0.0,
    3.4425958423180036,
    "r"
  ],
  [
    -3.56,
    0.0,
    5.129160285421569,
    "r"
  ],
  [
    -3.76,
    0.01,
    6.792778629900281,
    "r"
  ],
  [
    -3.95,
    0.01,
    8.433608040813205,
    "r"
  ],
  [
    -4.14,
    0.02,
    10.05180568321942,
    "r"
  ],
  [
    -4.34,
    0.03,
    11.647528722178002,
    "r"
  ],
  [
    -4.54,
    0.03,
    13.220934322748025,
    "r"
  ],
  [
    -4.74,
    0.04,
    14.772179649988555,
    "r"
  ],
  [
    -4.94,
    0.05,
    16.30142186895868,
    "r"
  ],
  [
    -5.14,
    0.06,
    17.808818144717463,
    "r"
  ],
  [
    -5.35,
    0.07,
    19.294525642323986,
    "r"
  ],
  [
    -5.55,
    0.08,
    20.758701526837328,
    "r"
  ],
  [
    -5.76,
    0.09,
    22.201502963316546,
    "r"
  ],
  [
    -5.97,
    0.11,
    23.623087116820724,
    "r"
  ],
  [
    -6.18,
    0.12,
    25.023611152408943,
    "r"
  ],
  [
    -6.39,
    0.13,
    26.40323223514027,
    "r"
  ],
  [
    -6.6,
    0.15,
    27.762107530073763,
    "r"
  ],
  [
    -6.81,
    0.16,
    29.10039420226854,
    "r"
  ],
  [
    -7.02,
    0.18,
    30.41824941678363,
    "r"
  ],
  [
    -7.24,
    0.19,
    31.71583033867813,
    "r"
  ],
  [
    -7.45,
    0.21,
    32.993294133011126,
    "r"
  ],
  [
    -7.67,
    0.23,
    34.25079796484167,
    "r"
  ],
  [
    -7.89,
    0.25,
    35.488498999228824,
    "r"
  ],
  [
    -8.11,
    0.26,
    36.7065544012317,
    "r"
  ],
  [
    -8.33,
    0.28,
    37.90512133590936,
    "r"
  ],
  [
    -8.55,
    0.3,
    39.084356968320854,
    "r"
  ],
  [
    -8.77,
    0.32,
    40.24441846352529,
    "r"
  ],
  [
    -8.99,
    0.34,
    41.3854629865817,
    "r"
  ],
  [
    -9.21,
    0.35,
    42.50764770254923,
    "r"
  ],
  [
    -9.43,
    0.37,
    43.61112977648688,
    "r"
  ],
  [
    -9.66,
    0.39,
    44.69606637345375,
    "r"
  ],
  [
    -9.88,
    0.41,
    45.76261465850894,
    "r"
  ],
  [
    -10.11,
    0.43,
    46.8109317967115,
    "r"
  ],
  [
    -10.33,
    0.45,
    47.84117495312049,
    "r"
  ],
  [
    -10.56,
    0.47,
    48.85350129279501,
    "r"
  ],
  [
    -10.78,
    0.49,
    49.84806798079415,
    "r"
  ],
  [
    -11.01,
    0.51,
    50.82503218217693,
    "r"
  ],
  [
    -11.24,
    0.53,
    51.784551062002485,
    "r"
  ],
  [
    -11.46,
    0.55,
    52.72678178532982,
    "r"
  ],
  [
    -11.69,
    0.57,
    53.65188151721808,
    "r"
  ],
  [
    -11.92,
    0.58,
    54.56000742272627,
    "r"
  ],
  [
    -12.15,
    0.6,
    55.45131666691354,
    "r"
  ],
  [
    -12.37,
    0.62,
    56.32596641483892,
    "r"
  ],
  [
    -12.6,
    0.64,
    57.1841138315615,
    "r"
  ],
  [
    -12.83,
    0.66,
    58.02591608214033,
    "r"
  ],
  [
    -13.06,
    0.67,
    58.8515303316345,
    "r"
  ],
  [
    -13.28,
    0.69,
    59.66111374510307,
    "r"
  ],
  [
    -13.51,
    0.71,
    60.45482348760516,
    "r"
  ],
  [
    -13.74,
    0.72,
    61.23281672419981,
    "r"
  ],
  [
    -13.97,
    0.74,
    61.99525061994608,
    "r"
  ],
  [
    -14.19,
    0.75,
    62.74228233990307,
    "r"
  ],
  [
    -14.42,
    0.77,
    63.47406904912984,
    "r"
  ],
  [
    -14.65,
    0.78,
    64.19076791268547,
    "r"
  ],
  [
    -14.87,
    0.8,
    64.89253609562904,
    "r"
  ],
  [
    -15.1,
    0.81,
    65.57953076301962,
    "r"
  ],
  [
    -15.32,
    0.82,
    66.25190907991629,
    "r"
  ],
  [
    -15.55,
    0.83,
    66.9098282113781,
    "r"
  ],
  [
    -15.77,
    0.84,
    67.55344532246416,
    "r"
  ],
  [
    -15.99,
    0.85,
    68.18291757823353,
    "r"
  ],
  [
    -16.22,
    0.86,
    68.79840214374526,
    "r"
  ],
  [
    -16.44,
    0.87,
    69.40005618405846,
    "r"
  ],
  [
    -16.66,
    0.88,
    69.9880368642322,
    "r"
  ],
  [
    -16.88,
    0.88,
    70.56250134932552,
    "r"
  ],
  [
    -17.1,
    0.89,
    71.12360680439755,
    "r"
  ],
  [
    -17.32,
    0.89,
    71.6715103945073,
    "r"
  ],
  [
    -17.54,
    0.9,
    72.20636928471389,
    "r"
  ],
  [
    -17.76,
    0.9,
    72.72834064007638,
    "r"
  ],
  [
    -17.98,
    0.9,
    73.23758162565385,
    "r"
  ],
  [
    -18.19,
    0.9,
    73.73424940650536,
    "r"
  ],
  [
    -18.41,
    0.9,
    74.21850114768999,
    "r"
  ],
  [
    -18.62,
    0.9,
    74.69049401426685,
    "r"
  ],
  [
    -18.84,
    0.9,
    75.15038517129496,
    "r"
  ],
  [
    -19.05,
    0.89,
    75.59833178383343,
    "r"
  ],
  [
    -19.26,
    0.89,
    76.03449101694132,
    "r"
  ],
  [
    -19.47,
    0.88,
    76.45902003567772,
    "r"
  ],
  [
    -19.68,
    0.88,
    76.87207600510165,
    "r"
  ],
  [
    -19.88,
    0.87,
    77.27381609027225,
    "r"
  ],
  [
    -20.09,
    0.86,
    77.66439745624858,
    "r"
  ],
  [
    -20.29,
    0.84,
    78.04397726808969,
    "r"
  ],
  [
    -20.5,
    0.83,
    78.41271269085466,
    "r"
  ],
  [
    -20.7,
    0.82,
    78.77076088960258,
    "r"
  ],
  [
    -20.9,
    0.8,
    79.11827902939254,
    "r"
  ],
  [
    -21.1,
    0.78,
    79.45542427528358,
    "r"
  ],
  [
    -21.29,
    0.76,
    79.78235379233477,
    "r"
  ],
  [
    -21.49,
    0.74,
    80.0992247456052,
    "r"
  ],
  [
    -21.68,
    0.72,
    80.40619430015397,
    "r"
  ],
  [
    -21.87,
    0.7,
    80.70341962104011,
    "r"
  ],
  [
    -22.06,
    0.67,
    80.99105787332272,
    "r"
  ],
  [
    -22.25,
    0.64,
    81.26926622206085,
    "r"
  ],
  [
    -22.44,
    0.61,
    81.5382018323136,
    "r"
  ],
  [
    -22.62,
    0.58,
    81.79802186914006,
    "r"
  ],
  [
    -22.81,
    0.55,
    82.04888349759928,
    "r"
  ],
  [
    -22.99,
    0.52,
    82.29094388275031,
    "r"
  ],
  [
    -23.17,
    0.48,
    82.52436018965226,
    "r"
  ],
  [
    -23.35,
    0.44,
    82.7492895833642,
    "r"
  ],
  [
    -23.52,
    0.4,
    82.9658892289452,
    "r"
  ],
  [
    -23.69,
    0.36,
    83.17431629145432,
    "r"
  ],
  [
    -23.86,
    0.32,
    83.37472793595065,
    "r"
  ],
  [
    -24.03,
    0.27,
    83.56728132749326,
    "r"
  ],
  [
    -24.2,
    0.22,
    83.75213363114123,
    "r"
  ],
  [
    -24.36,
    0.17,
    83.92944201195363,
    "r"
  ],
  [
    -24.53,
    0.12,
    84.09936363498953,
    "r"
  ],
  [
    -24.69,
    0.06,
    84.26205566530801,
    "r"
  ],
  [
    -24.84,
    0.01,
    84.41767526796816,
    "r"
  ],
  [
    -25.0,
    -0.05,
    84.56637960802902,
    "r"
  ],
  [
    -25.15,
    -0.11,
    84.7083258505497,
    "r"
  ],
  [
    -25.3,
    -0.18,
    84.84367116058922,
    "r"
  ],
  [
    -25.45,
    -0.24,
    84.97257270320674,
    "r"
  ],
  [
    -25.59,
    -0.31,
    85.09518764346126,
    "r"
  ],
  [
    -25.73,
    -0.38,
    85.21167314641187,
    "r"
  ],
  [
    -25.87,
    -0.45,
    85.32218637711766,
    "r"
  ],
  [
    -26.01,
    -0.53,
    85.4268845006377,
    "r"
  ],
  [
    -26.15,
    -0.6,
    85.52592468203108,
    "r"
  ],
  [
    -26.28,
    -0.68,
    85.61946408635683,
    "r"
  ],
  [
    -26.41,
    -0.77,
    85.70765987867406,
    "r"
  ],
  [
    -26.53,
    -0.85,
    85.79066922404184,
    "r"
  ],
  [
    -26.65,
    -0.94,
    85.86864928751925,
    "r"
  ],
  [
    -26.77,
    -1.03,
    85.94175723416534,
    "r"
  ],
  [
    -26.89,
    -1.12,
    86.0101502290392,
    "r"
  ],
  [
    -27.0,
    -1.22,
    86.07398543719992,
    "r"
  ],
  [
    -27.12,
    -1.32,
    86.13342002370653,
    "r"
  ],
  [
    -27.22,
    -1.42,
    86.18861115361815,
    "r"
  ],
  [
    -27.33,
    -1.52,
    86.23971599199383,
    "r"
  ],
  [
    -27.43,
    -1.63,
    86.28689170389265,
    "r"
  ],
  [
    -27.53,
    -1.74,
    86.3302954543737,
    "r"
  ],
  [
    -27.62,
    -1.85,
    86.37008440849601,
    "r"
  ],
  [
    -27.71,
    -1.97,
    86.4064157313187,
    "r"
  ],
  [
    -27.8,
    -2.08,
    86.43944658790085,
    "r"
  ],
  [
    -27.89,
    -2.2,
    86.4693341433015,
    "r"
  ],
  [
    -27.97,
    -2.33,
    86.49623556257971,
    "r"
  ],
  [
    -28.05,
    -2.46,
    86.52030801079461,
    "r"
  ],
  [
    -28.12,
    -2.59,
    86.54170865300524,
    "r"
  ],
  [
    -28.19,
    -2.72,
    86.56059465427066,
    "r"
  ],
  [
    -28.26,
    -2.86,
    86.57712317964999,
    "r"
  ],
  [
    -28.32,
    -2.99,
    86.59145139420228,
    "r"
  ],
  [
    -28.38,
    -3.14,
    86.60373646298659,
    "r"
  ],
  [
    -28.44,
    -3.28,
    86.614135551062,
    "r"
  ],
  [
    -28.49,
    -3.43,
    86.62280582348761,
    "r"
  ],
  [
    -28.54,
    -3.59,
    86.62990444532247,
    "r"
  ],
  [
    -28.59,
    -3.74,
    86.63558858162567,
    "r"
  ],
  [
    -28.63,
    -3.9,
    86.64001539745625,
    "r"
  ],
  [
    -28.66,
    -4.06,
    86.64334205787333,
    "r"
  ],
  [
    -28.7,
    -4.23,
    86.64572572793595,
    "r"
  ],
  [
    -28.73,
    -4.4,
    86.6473235727032,
    "r"
  ],
  [
    -28.75,
    -4.57,
    86.64829275723416,
    "r"
  ],
  [
    -28.77,
    -4.75,
    86.64879044658791,
    "r"
  ],
  [
    -28.79,
    -4.93,
    86.64897380582349,
    "r"
  ],
  [
    -28.8,
    -5.11,
    86.649,
    "r"
  ],
  [
    -28.8,
    -5.11,
    86.649,
    "r"
  ],
  [
    -28.81,
    -5.23,
    86.649,
    "r"
  ],
  [
    -28.82,
    -5.35,
    86.649,
    "r"
  ],
  [
    -28.82,
    -5.47,
    86.649,
    "r"
  ],
  [
    -28.83,
    -5.59,
    86.649,
    "r"
  ],
  [
    -28.84,
    -5.71,
    86.649,
    "r"
  ],
  [
    -28.85,
    -5.83,
    86.649,
    "r"
  ],
  [
    -28.85,
    -5.95,
    86.649,
    "r"
  ],
  [
    -28.86,
    -6.07,
    86.649,
    "r"
  ],
  [
    -28.87,
    -6.19,
    86.649,
    "r"
  ],
  [
    -28.87,
    -6.31,
    86.649,
    "r"
  ],
  [
    -28.88,
    -6.43,
    86.649,
    "r"
  ],
  [
    -28.89,
    -6.55,
    86.649,
    "r"
  ],
  [
    -28.9,
    -6.67,
    86.649,
    "r"
  ],
  [
    -28.9,
    -6.79,
    86.649,
    "r"
  ],
  [
    -28.91,
    -6.91,
    86.649,
    "r"
  ],
  [
    -28.92,
    -7.03,
    86.649,
    "r"
  ],
  [
    -28.92,
    -7.15,
    86.649,
    "r"
  ],
  [
    -28.93,
    -7.27,
    86.649,
    "r"
  ],
  [
    -28.94,
    -7.39,
    86.649,
    "r"
  ],
  [
    -28.94,
    -7.5,
    86.649,
    "r"
  ],
  [
    -28.95,
    -7.62,
    86.649,
    "r"
  ],
  [
    -28.96,
    -7.74,
    86.649,
    "r"
  ],
  [
    -28.97,
    -7.86,
    86.649,
    "r"
  ],
  [
    -28.97,
    -7.98,
    86.649,
    "r"
  ]
]