[
  [
    0.0,
    0.0,
    100.4049777832031,
    "r"
  ],
  [
    -0.079704497034324,
    0.014104529666472434,
    99.67084302599011,
    "r"
  ],
  [
    -0.16038390930834923,
    0.027335944395963284,
    98.96160225231813,
    "r"
  ],
  [
    -0.24202475762522666,
    0.03970699255205184,
    98.27644816423538,
    "r"
  ],
  [
    -0.32461356278810716,
    0.05123042249831735,
    97.61459046938569,
    "r"
  ],
  [
    -0.40813684560014196,
    0.061918982598339056,
    96.97525762873005,
    "r"
  ],
  [
    -0.4925811268644817,
    0.07178542121569632,
    96.35769822011787,
    "r"
  ],
  [
    -0.5779329273842774,
    0.0808424867139683,
    95.76118196737832,
    "r"
  ],
  [
    -0.6641787679626803,
    0.08910292745673427,
    95.18500047997634,
    "r"
  ],
  [
    -0.7513051694028409,
    0.0965794918075735,
    94.62846774380483,
    "r"
  ],
  [
    -0.8392986525079104,
    0.1032849281300654,
    94.09092039941385,
    "r"
  ],
  [
    -0.9281457380810401,
    0.10923198478778914,
    93.57171783997762,
    "r"
  ],
  [
    -1.0178329469253802,
    0.11443341014432393,
    93.07024215758139,
    "r"
  ],
  [
    -1.1083467998440824,
    0.11890195256324904,
    92.58589796299867,
    "r"
  ],
  [
    -1.199673817640297,
    0.12265036040814387,
    92.11811210101763,
    "r"
  ],
  [
    -1.2918005211171755,
    0.12569138204258753,
    91.66633328056292,
    "r"
  ],
  [
    -1.384713431077869,
    0.12803776583015936,
    91.23003163632978,
    "r"
  ],
  [
    -1.4783990683255277,
    0.12970226013443859,
    90.80869823638665,
    "r"
  ],
  [
    -1.5728439536633023,
    0.13069761331900454,
    90.40184454819246,
    "r"
  ],
  [
    -1.6680346078943455,
    0.13103657374743644,
    90.00900187369376,
    "r"
  ],
  [
    -1.763957551821807,
    0.13073188978331363,
    89.6297207625986,
    "r"
  ],
  [
    -1.8605993062488373,
    0.12979630979021534,
    89.26357041154381,
    "r"
  ],
  [
    -1.9579463919785887,
    0.1282425821317208,
    88.91013805566752,
    "r"
  ],
  [
    -2.0559853298142112,
    0.1260834551714093,
    88.56902835804522,
    "r"
  ],
  [
    -2.1547026405588556,
    0.12333167727285999,
    88.23986280153389,
    "r"
  ],
  [
    -2.254084845015674,
    0.11999999679965262,
    87.92227908677575,
    "r"
  ],
  [
    -2.354118463987816,
    0.11610116211536586,
    87.61593053942903,
    "r"
  ],
  [
    -2.4547900182784335,
    0.111647921583579,
    87.32048552910447,
    "r"
  ],
  [
    -2.5560860286906775,
    0.10665302356787171,
    87.03562690198044,
    "r"
  ],
  [
    -2.657993016027697,
    0.10112921643182299,
    86.76105142863747,
    "r"
  ],
  [
    -2.760497501092647,
    0.09508924853901213,
    86.49646926828734,
    "r"
  ],
  [
    -2.863586004688674,
    0.08854586825301847,
    86.24160345025638,
    "r"
  ],
  [
    -2.967245047618932,
    0.08151182393742129,
    85.99618937332303,
    "r"
  ],
  [
    -3.0714611506865697,
    0.07399986395579994,
    85.759974323287,
    "r"
  ],
  [
    -3.1762208346947416,
    0.06602273667173353,
    85.53271700896181,
    "r"
  ],
  [
    -3.2815106204465945,
    0.05759319044880129,
    85.31418711663241,
    "r"
  ],
  [
    -3.3873170287452816,
    0.048723973650582675,
    85.10416488288973,
    "r"
  ],
  [
    -3.493626580393954,
    0.03942783464065658,
    84.90244068565505,
    "r"
  ],
  [
    -3.6004257961957618,
    0.029717521782602785,
    84.70881465312186,
    "r"
  ],
  [
    -3.707701196953857,
    0.01960578344000019,
    84.5230962902782,
    "r"
  ],
  [
    -3.8154393034713876,
    0.009105367976428247,
    84.34510412262165,
    "r"
  ],
  [
    -3.92362663655151,
    -0.0017709762445338173,
    84.1746653566401,
    "r"
  ],
  [
    -4.032249716997368,
    -0.013010500859306995,
    84.01161555660298,
    "r"
  ],
  [
    -4.14129506561212,
    -0.0246004575043115,
    83.85579833718856,
    "r"
  ],
  [
    -4.250749203198913,
    -0.03652809781596866,
    83.70706507146173,
    "r"
  ],
  [
    -4.360598650560898,
    -0.048780673430698696,
    83.56527461370848,
    "r"
  ],
  [
    -4.470829928501225,
    -0.06134543598492248,
    83.43029303663633,
    "r"
  ],
  [
    -4.581429557823047,
    -0.07420963711506101,
    83.30199338245029,
    "r"
  ],
  [
    -4.692384059329513,
    -0.0873605284575345,
    83.18025542732312,
    "r"
  ],
  [
    -4.803679953823778,
    -0.10078536164876406,
    83.06496545878827,
    "r"
  ],
  [
    -4.91530376210899,
    -0.11447138832517068,
    82.95601606559592,
    "r"
  ],
  [
    -5.0272420049883,
    -0.1284058601231749,
    82.85330593958736,
    "r"
  ],
  [
    -5.139481203264858,
    -0.14257602867919683,
    82.75673968915788,
    "r"
  ],
  [
    -5.252007877741815,
    -0.15696914562965758,
    82.66622766389605,
    "r"
  ],
  [
    -5.364808549222325,
    -0.17157246261097836,
    82.58168579000335,
    "r"
  ],
  [
    -5.477869738509537,
    -0.18637323125957983,
    82.50303541611811,
    "r"
  ],
  [
    -5.591177966406602,
    -0.2013587032118822,
    82.43020316918506,
    "r"
  ],
  [
    -5.704719753716671,
    -0.21651613010430626,
    82.36312082003008,
    "r"
  ],
  [
    -5.818481621242894,
    -0.2318327635732731,
    82.3017251583205,
    "r"
  ],
  [
    -5.932450089788424,
    -0.24729585525520315,
    82.24595787660803,
    "r"
  ],
  [
    -6.046611680156408,
    -0.2628926567865172,
    82.19576546317126,
    "r"
  ],
  [
    -6.160952913150002,
    -0.2786104198036362,
    82.15109910339328,
    "r"
  ],
  [
    -6.275460309572353,
    -0.29443639594298066,
    82.1119145894279,
    "r"
  ],
  [
    -6.390120390226619,
    -0.3103578368409715,
    82.07817223792591,
    "r"
  ],
  [
    -6.50491967591594,
    -0.32636199413402955,
    82.04983681561168,
    "r"
  ],
  [
    -6.619844687443475,
    -0.342436119458575,
    82.02687747251616,
    "r"
  ],
  [
    -6.734881945612371,
    -0.35856746445102883,
    82.00926768269107,
    "r"
  ],
  [
    -6.850017971225782,
    -0.37474328074781227,
    81.99698519224592,
    "r"
  ],
  [
    -6.965239285086857,
    -0.3909508199853452,
    81.99001197456397,
    "r"
  ],
  [
    -7.080532407998747,
    -0.40717733380004884,
    81.98833419257244,
    "r"
  ],
  [
    -7.195883860764604,
    -0.4234100738283443,
    81.99194216795621,
    "r"
  ],
  [
    -7.311280164187576,
    -0.4396362917066512,
    82.00083035722014,
    "r"
  ],
  [
    -7.426707839070819,
    -0.4558432390713918,
    82.01499733452113,
    "r"
  ],
  [
    -7.542153406217482,
    -0.4720181675589854,
    82.03444578120525,
    "r"
  ],
  [
    -7.657603386430715,
    -0.48814832880585346,
    82.05918248200112,
    "r"
  ],
  [
    -7.773044300513665,
    -0.5042209744484163,
    82.08921832783363,
    "r"
  ],
  [
    -7.888462669269493,
    -0.5202233561230957,
    82.1245683252377,
    "r"
  ],
  [
    -8.00384501350134,
    -0.536142725466311,
    82.16525161236586,
    "r"
  ],
  [
    -8.119177854012364,
    -0.5519663341144838,
    82.21129148159525,
    "r"
  ],
  [
    -8.234447711605709,
    -0.5676814337040346,
    82.26271540875626,
    "r"
  ],
  [
    -8.349641107084535,
    -0.5832752758713841,
    82.31955508901513,
    "r"
  ],
  [
    -8.464744561251983,
    -0.5987351122529527,
    82.38184647945792,
    "r"
  ],
  [
    -8.57974459491121,
    -0.6140481944851617,
    82.44962984843602,
    "r"
  ],
  [
    -8.694627728865367,
    -0.6292017742044317,
    82.52294983174352,
    "r"
  ],
  [
    -8.809380483917604,
    -0.6441831030471835,
    82.60185549571264,
    "r"
  ],
  [
    -8.923989380871074,
    -0.6589794326498377,
    82.68640040732151,
    "r"
  ],
  [
    -9.03844094052892,
    -0.6735780146488147,
    82.77664271142254,
    "r"
  ],
  [
    -9.152721683694304,
    -0.6879661006805358,
    82.87264521520996,
    "r"
  ],
  [
    -9.266818131170368,
    -0.702130942381421,
    82.9744754800546,
    "r"
  ],
  [
    -9.380716803760269,
    -0.7160597913878921,
    83.08220592084524,
    "r"
  ],
  [
    -9.494404222267155,
    -0.7297398993363693,
    83.19591391298451,
    "r"
  ],
  [
    -9.607866907494175,
    -0.7431585178632731,
    83.31568190719531,
    "r"
  ],
  [
    -9.721091380244486,
    -0.7563028986050244,
    83.44159755230174,
    "r"
  ],
  [
    -9.834064161321233,
    -0.7691602931980437,
    83.57375382615498,
    "r"
  ],
  [
    -9.946771771527569,
    -0.7817179532787519,
    83.71224917487888,
    "r"
  ],
  [
    -10.059200731666648,
    -0.7939631304835701,
    83.8571876606145,
    "r"
  ],
  [
    -10.171337562541616,
    -0.8058830764489187,
    84.00867911794427,
    "r"
  ],
  [
    -10.28316878495563,
    -0.8174650428112191,
    84.16683931917606,
    "r"
  ],
  [
    -10.394680919711833,
    -0.8286962812068903,
    84.33179014866522,
    "r"
  ],
  [
    -10.505860487613381,
    -0.8395640432723548,
    84.50365978634738,
    "r"
  ],
  [
    -10.616694009463426,
    -0.8500555806440329,
    84.68258290064603,
    "r"
  ],
  [
    -10.727168006065112,
    -0.860158144958344,
    84.86870085090624,
    "r"
  ],
  [
    -10.837268998221601,
    -0.8698589878517109,
    85.0621618994914,
    "r"
  ],
  [
    -10.946983506736036,
    -0.8791453609605535,
    85.26312143365516,
    "r"
  ],
  [
    -11.056298052411568,
    -0.8880045159212917,
    85.47174219727702,
    "r"
  ],
  [
    -11.16519915605135,
    -0.8964237043703474,
    85.68819453251433,
    "r"
  ],
  [
    -11.273673338458538,
    -0.904390177944141,
    85.91265663138302,
    "r"
  ],
  [
    -11.381707120436273,
    -0.9118911882790925,
    86.14531479722962,
    "r"
  ],
  [
    -11.489287022787712,
    -0.9189139870116239,
    86.3863637159983,
    "r"
  ],
  [
    -11.596399566316004,
    -0.9254458257781548,
    86.63600673712494,
    "r"
  ],
  [
    -11.703031271824303,
    -0.9314739562151066,
    86.89445616380794,
    "r"
  ],
  [
    -11.809168660115759,
    -0.9369856299588997,
    87.16193355230621,
    "r"
  ],
  [
    -11.914798251993517,
    -0.9419680986459553,
    87.43867001980271,
    "r"
  ],
  [
    -12.019906568260733,
    -0.9464086139126937,
    87.72490656023598,
    "r"
  ],
  [
    -12.124480129720558,
    -0.9502944273955356,
    88.02089436734968,
    "r"
  ],
  [
    -12.228505457176144,
    -0.9536127907309018,
    88.32689516403201,
    "r"
  ],
  [
    -12.331969071430638,
    -0.956350955555213,
    88.64318153681097,
    "r"
  ],
  [
    -12.434857493287197,
    -0.9584961735048902,
    88.97003727413613,
    "r"
  ],
  [
    -12.537157243548968,
    -0.9600356962163541,
    89.30775770680896,
    "r"
  ],
  [
    -12.638854843019098,
    -0.9609567753260249,
    89.65665004861495,
    "r"
  ],
  [
    -12.739936812500746,
    -0.9612466624703242,
    90.01703373486185,
    "r"
  ],
  [
    -12.840389672797059,
    -0.960892609285672,
    90.38924075613045,
    "r"
  ],
  [
    -12.940199944711187,
    -0.959881867408489,
    90.77361598409288,
    "r"
  ],
  [
    -13.039354149046282,
    -0.9582016884751967,
    91.17051748574863,
    "r"
  ],
  [
    -13.137838806605497,
    -0.955839324122215,
    91.58031682185197,
    "r"
  ],
  [
    -13.235640438191982,
    -0.9527820259859656,
    92.00339932466551,
    "r"
  ],
  [
    -13.332745564608883,
    -0.9490170457028677,
    92.44016434945377,
    "r"
  ],
  [
    -13.429140706659359,
    -0.944531634909344,
    92.89102549332893,
    "r"
  ],
  [
    -13.524812385146552,
    -0.9393130452418132,
    93.35641077416966,
    "r"
  ],
  [
    -13.619747120873622,
    -0.9333485283366978,
    93.83676276134645,
    "r"
  ],
  [
    -13.713931434643715,
    -0.9266253358304175,
    94.33253864889866,
    "r"
  ],
  [
    -13.807351847259982,
    -0.919130719359393,
    94.84421026061477,
    "r"
  ],
  [
    -13.899994879525577,
    -0.9108519305600462,
    95.3722639751631,
    "r"
  ],
  [
    -13.991847052243644,
    -0.9017762210687958,
    95.91720055800732,
    "r"
  ],
  [
    -14.082894886217344,
    -0.891890842522064,
    96.47953488531726,
    "r"
  ],
  [
    -14.17312490224982,
    -0.8811830465562711,
    97.05979554345623,
    "r"
  ],
  [
    -14.262523621144227,
    -0.8696400848078389,
    97.65852428590375,
    "r"
  ],
  [
    -14.351077563703713,
    -0.8572492089131867,
    98.27627532766417,
    "r"
  ],
  [
    -14.43877325073143,
    -0.8439976705087349,
    98.9136144553483,
    "r"
  ],
  [
    -14.525597203030529,
    -0.8298727212309058,
    99.57111792921779,
    "r"
  ],
  [
    -14.611535941404165,
    -0.8148616127161197,
    100.24937115159724,
    "r"
  ],
  [
    -14.696575986655484,
    -0.7989515966007961,
    100.94896707423845,
    "r"
  ],
  [
    -14.780703859587636,
    -0.7821299245213573,
    101.67050431552832,
    "r"
  ],
  [
    -14.863906081003776,
    -0.7643838481142233,
    102.41458495695741,
    "r"
  ],
  [
    -14.946169171707053,
    -0.7457006190158151,
    103.18181198710556,
    "r"
  ],
  [
    -15.02747965250062,
    -0.7260674888625531,
    103.97278636068518,
    "r"
  ],
  [
    -15.107824044187625,
    -0.7054717092908573,
    104.78810364005301,
    "r"
  ],
  [
    -15.187188867571221,
    -0.6839005319371498,
    105.62835018723143,
    "r"
  ],
  [
    -15.265560643454556,
    -0.6613412084378516,
    106.49409887606276,
    "r"
  ],
  [
    -15.342925892640785,
    -0.6377809904293823,
    107.38590429687497,
    "r"
  ],
  [
    -15.342925892640785,
    -0.6377809904293823,
    107.38590429687497,
    "f"
  ],
  [
    -15.266407065665671,
    -0.6620230614491596,
    107.7730320510259,
    "f"
  ],
  [
    -15.190565570284452,
    -0.6866194450733301,
    108.16539061799347,
    "f"
  ],
  [
    -15.115401406497117,
    -0.7115701413018916,
    108.56304918285701,
    "f"
  ],
  [
    -15.040914574303672,
    -0.7368751501348467,
    108.966076769675,
    "f"
  ],
  [
    -14.967105073704122,
    -0.7625344715721942,
    109.37454215334901,
    "f"
  ],
  [
    -14.89397290469846,
    -0.7885481056139338,
    109.78851376586101,
    "f"
  ],
  [
    -14.821518067286688,
    -0.814916052260066,
    110.20805959668678,
    "f"
  ],
  [
    -14.749740561468808,
    -0.8416383115105905,
    110.6332470871979,
    "f"
  ],
  [
    -14.678640387244817,
    -0.8687148833655081,
    111.06414301886838,
    "f"
  ],
  [
    -14.608217544614714,
    -0.8961457678248173,
    111.50081339511223,
    "f"
  ],
  [
    -14.538472033578504,
    -0.9239309648885194,
    111.94332331658899,
    "f"
  ],
  [
    -14.469403854136186,
    -0.9520704745566144,
    112.39173684982609,
    "f"
  ],
  [
    -14.401013006287755,
    -0.9805642968291011,
    112.84611688902334,
    "f"
  ],
  [
    -14.333299490033214,
    -1.00941243170598,
    113.30652501092175,
    "f"
  ],
  [
    -14.266263305372565,
    -1.0386148791872525,
    113.77302132263947,
    "f"
  ],
  [
    -14.199904452305804,
    -1.0681716392729166,
    114.24566430240077,
    "f"
  ],
  [
    -14.134222930832935,
    -1.0980827119629735,
    114.72451063311121,
    "f"
  ],
  [
    -14.069218740953957,
    -1.1283480972574234,
    115.20961502876025,
    "f"
  ],
  [
    -14.004891882668867,
    -1.158967795156265,
    115.70103005366684,
    "f"
  ],
  [
    -13.941242355977668,
    -1.1899418056594988,
    116.19880593461937,
    "f"
  ],
  [
    -13.878270160880358,
    -1.2212701287671253,
    116.70299036600119,
    "f"
  ],
  [
    -13.815975297376939,
    -1.2529527644791445,
    117.2136283080381,
    "f"
  ],
  [
    -13.754357765467411,
    -1.2849897127955558,
    117.73076177835014,
    "f"
  ],
  [
    -13.693417565151773,
    -1.3173809737163598,
    118.25442963704364,
    "f"
  ],
  [
    -13.633154696430026,
    -1.3501265472415565,
    118.78466736563291,
    "f"
  ],
  [
    -13.573569159302169,
    -1.3832264333711453,
    119.32150684014238,
    "f"
  ],
  [
    -13.514660953768198,
    -1.4166806321051268,
    119.86497609880257,
    "f"
  ],
  [
    -13.456430079828124,
    -1.4504891434435017,
    120.4150991048187,
    "f"
  ],
  [
    -13.398876537481936,
    -1.484651967386268,
    120.97189550476389,
    "f"
  ],
  [
    -13.342000326729638,
    -1.519169103933426,
    121.53538038322017,
    "f"
  ],
  [
    -13.285801447571231,
    -1.5540405530849775,
    122.10556401436821,
    "f"
  ],
  [
    -13.230279900006712,
    -1.5892663148409207,
    122.682451611305,
    "f"
  ],
  [
    -13.175435684036088,
    -1.6248463892012572,
    123.26604307395024,
    "f"
  ],
  [
    -13.121268799659353,
    -1.6607807761659863,
    123.85633273648352,
    "f"
  ],
  [
    -13.067779246876507,
    -1.6970694757351068,
    124.45330911533932,
    "f"
  ],
  [
    -13.01496702568755,
    -1.7337124879086203,
    125.05695465886697,
    "f"
  ],
  [
    -12.962832136092484,
    -1.7707098126865264,
    125.66724549984758,
    "f"
  ],
  [
    -12.911374578091309,
    -1.8080614500688248,
    126.28415121213874,
    "f"
  ],
  [
    -12.860594351684025,
    -1.8457674000555164,
    126.90763457279513,
    "f"
  ],
  [
    -12.810491456870626,
    -1.8838276626465995,
    127.53765133108686,
    "f"
  ],
  [
    -12.761065893651125,
    -1.9222422378420756,
    128.17414998590527,
    "f"
  ],
  [
    -12.712317662025509,
    -1.9610111256419438,
    128.81707157310814,
    "f"
  ],
  [
    -12.664246761993784,
    -2.000134326046205,
    129.46634946440827,
    "f"
  ],
  [
    -12.616853193555949,
    -2.0396118390548574,
    130.1219091794564,
    "f"
  ],
  [
    -12.570136956712004,
    -2.0794436646679033,
    130.783668212801,
    "f"
  ],
  [
    -12.524098051461953,
    -2.1196298028853415,
    131.4515358774322,
    "f"
  ],
  [
    -12.47873647780579,
    -2.1601702537071716,
    132.12541316662305,
    "f"
  ],
  [
    -12.434052235743513,
    -2.2010650171333945,
    132.80519263577781,
    "f"
  ],
  [
    -12.390045325275132,
    -2.24231409316401,
    133.49075830597423,
    "f"
  ],
  [
    -12.346715746400637,
    -2.283917481799018,
    134.1819855908484,
    "f"
  ],
  [
    -12.304063499120033,
    -2.3258751830384194,
    134.8787412484146,
    "f"
  ],
  [
    -12.262088583433323,
    -2.368187196882213,
    135.58088335933712,
    "f"
  ],
  [
    -12.220790999340501,
    -2.4108535233303976,
    136.28826133307678,
    "f"
  ],
  [
    -12.180170746841567,
    -2.453874162382976,
    137.0007159432214,
    "f"
  ],
  [
    -12.140227825936524,
    -2.4972491140399455,
    137.7180793931749,
    "f"
  ],
  [
    -12.100962236625374,
    -2.540978378301309,
    138.44017541322773,
    "f"
  ],
  [
    -12.062373978908111,
    -2.5850619551670633,
    139.16681938985835,
    "f"
  ],
  [
    -12.02446305278474,
    -2.6294998446372113,
    139.89781852792646,
    "f"
  ],
  [
    -11.987229458255259,
    -2.6742920467117512,
    140.6329720462108,
    "f"
  ],
  [
    -11.950673195319666,
    -2.7194385613906835,
    141.3720714065235,
    "f"
  ],
  [
    -11.914794263977965,
    -2.7649393886740086,
    142.11490057639583,
    "f"
  ],
  [
    -11.879592664230156,
    -2.8107945285617273,
    142.86123632508497,
    "f"
  ],
  [
    -11.845068396076234,
    -2.8570039810538366,
    143.61084855239528,
    "f"
  ],
  [
    -11.811221459516203,
    -2.903567746150339,
    144.36350064954746,
    "f"
  ],
  [
    -11.778051854550062,
    -2.950485823851234,
    145.11894989106327,
    "f"
  ],
  [
    -11.745559581177812,
    -2.9977582141565207,
    145.87694785637234,
    "f"
  ],
  [
    -11.713744639399454,
    -3.045384917066201,
    146.63724087958718,
    "f"
  ],
  [
    -11.682607029214985,
    -3.0933659325802734,
    147.39957052563943,
    "f"
  ],
  [
    -11.652146750624404,
    -3.1417012606987376,
    148.16367409073223,
    "f"
  ],
  [
    -11.622363803627715,
    -3.190390901421595,
    148.92928512483297,
    "f"
  ],
  [
    -11.593258188224915,
    -3.2394348547488443,
    149.6961339737245,
    "f"
  ],
  [
    -11.564829904416008,
    -3.2888331206804864,
    150.46394833794352,
    "f"
  ],
  [
    -11.53707895220099,
    -3.3385856992165213,
    151.23245384576956,
    "f"
  ],
  [
    -11.510005331579862,
    -3.3886925903569494,
    152.00137463729038,
    "f"
  ],
  [
    -11.483609042552622,
    -3.4391537941017685,
    152.77043395645944,
    "f"
  ],
  [
    -11.457890085119272,
    -3.489969310450979,
    153.53935474798027,
    "f"
  ],
  [
    -11.432848459279816,
    -3.5411391394045846,
    154.30786025580642,
    "f"
  ],
  [
    -11.408484165034247,
    -3.592663280962581,
    155.07567462002544,
    "f"
  ],
  [
    -11.384797202382572,
    -3.644541735124971,
    155.84252346891697,
    "f"
  ],
  [
    -11.361787571324784,
    -3.6967745018917526,
    156.6081345030177,
    "f"
  ],
  [
    -11.339455271860887,
    -3.7493615812629266,
    157.3722380681104,
    "f"
  ],
  [
    -11.31780030399088,
    -3.8023029732384934,
    158.1345677141627,
    "f"
  ],
  [
    -11.296822667714762,
    -3.8555986778184526,
    158.89486073737748,
    "f"
  ],
  [
    -11.276522363032539,
    -3.9092486950028045,
    159.65285870268667,
    "f"
  ],
  [
    -11.256899389944197,
    -3.9632530247915474,
    160.40830794420242,
    "f"
  ],
  [
    -11.237953748449756,
    -4.017611667184687,
    161.16096004135466,
    "f"
  ],
  [
    -11.219685438549197,
    -4.072324622182213,
    161.91057226866496,
    "f"
  ],
  [
    -11.202094460242531,
    -4.1273918897841355,
    162.656908017354,
    "f"
  ],
  [
    -11.185180813529758,
    -4.18281346999045,
    163.39973718722638,
    "f"
  ],
  [
    -11.168944498410871,
    -4.2385893628011555,
    164.13883654753909,
    "f"
  ],
  [
    -11.153385514885876,
    -4.294719568216255,
    164.87399006582348,
    "f"
  ],
  [
    -11.13850386295477,
    -4.351204086235747,
    165.6049892038916,
    "f"
  ],
  [
    -11.124299542617555,
    -4.40804291685963,
    166.3316331805222,
    "f"
  ],
  [
    -11.11077255387423,
    -4.465236060087905,
    167.05372920057494,
    "f"
  ],
  [
    -11.0979228967248,
    -4.522783515920576,
    167.77109265052854,
    "f"
  ],
  [
    -11.085750571169253,
    -4.580685284357635,
    168.48354726067316,
    "f"
  ],
  [
    -11.074255577207598,
    -4.63894136539909,
    169.19092523441282,
    "f"
  ],
  [
    -11.063437914839833,
    -4.697551759044934,
    169.89306734533523,
    "f"
  ],
  [
    -11.053297584065962,
    -4.756516465295175,
    170.58982300290154,
    "f"
  ],
  [
    -11.043834584885978,
    -4.8158354841498054,
    171.28105028777566,
    "f"
  ],
  [
    -11.035048917299882,
    -4.875508815608828,
    171.96661595797207,
    "f"
  ],
  [
    -11.026940581307683,
    -4.935536459672244,
    172.6463954271269,
    "f"
  ],
  [
    -11.019509576909368,
    -4.995918416340052,
    173.32027271631773,
    "f"
  ],
  [
    -11.012755904104946,
    -5.056654685612253,
    173.98814038094883,
    "f"
  ],
  [
    -11.006679562894414,
    -5.117745267488846,
    174.6498994142935,
    "f"
  ],
  [
    -11.001280553277772,
    -5.179190161969833,
    175.30545912934156,
    "f"
  ],
  [
    -10.996558875255019,
    -5.24098936905521,
    175.9547370206417,
    "f"
  ],
  [
    -10.99251452882616,
    -5.303142888744983,
    176.59765860784455,
    "f"
  ],
  [
    -10.989147513991185,
    -5.3656507210391435,
    177.23415726266308,
    "f"
  ],
  [
    -10.986457830750105,
    -5.4285128659377015,
    177.8641740209548,
    "f"
  ],
  [
    -10.984445479102913,
    -5.491729323440648,
    178.48765738161114,
    "f"
  ],
  [
    -10.98311045904961,
    -5.555300093547988,
    179.10456309390236,
    "f"
  ],
  [
    -10.982452770590204,
    -5.619225176259722,
    179.71485393488297,
    "f"
  ],
  [
    -10.98247241372468,
    -5.683504571575847,
    180.31849947841056,
    "f"
  ],
  [
    -10.98316938845305,
    -5.748138279496365,
    180.91547585726636,
    "f"
  ],
  [
    -10.98454369477531,
    -5.813126300021275,
    181.5057655197997,
    "f"
  ],
  [
    -10.98659533269146,
    -5.878468633150578,
    182.08935698244488,
    "f"
  ],
  [
    -10.9893243022015,
    -5.944165278884273,
    182.66624457938167,
    "f"
  ],
  [
    -10.99273060330543,
    -6.010216237222362,
    183.23642821052977,
    "f"
  ],
  [
    -10.996814236003246,
    -6.076621508164839,
    183.79991308898605,
    "f"
  ],
  [
    -11.001575200294964,
    -6.143381091711715,
    184.3567094889312,
    "f"
  ],
  [
    -11.007013496180562,
    -6.21049498786298,
    184.90683249494737,
    "f"
  ],
  [
    -11.013129123660056,
    -6.2779631966186376,
    185.4503017536075,
    "f"
  ],
  [
    -11.019922082733437,
    -6.345785717978688,
    185.98714122811703,
    "f"
  ],
  [
    -11.027392373400705,
    -6.413962551943129,
    186.51737895670624,
    "f"
  ],
  [
    -11.03553999566187,
    -6.4824936985119646,
    187.04104681539974,
    "f"
  ],
  [
    -11.044364949516918,
    -6.551379157685192,
    187.55818028571184,
    "f"
  ],
  [
    -11.053867234965862,
    -6.620618929462811,
    188.06881822774875,
    "f"
  ],
  [
    -11.064046852008692,
    -6.690213013844823,
    188.57300265913057,
    "f"
  ],
  [
    -11.074903800645417,
    -6.760161410831227,
    189.0707785400831,
    "f"
  ],
  [
    -11.086438080876025,
    -6.830464120422025,
    189.56219356498968,
    "f"
  ],
  [
    -11.09864969270053,
    -6.901121142617217,
    190.04729796063873,
    "f"
  ],
  [
    -11.111538636118926,
    -6.9721324774168,
    190.52614429134917,
    "f"
  ],
  [
    -11.12510491113121,
    -7.043498124820774,
    190.99878727111047,
    "f"
  ],
  [
    -11.139348517737378,
    -7.11521808482914,
    191.4652835828282,
    "f"
  ],
  [
    -11.154269455937444,
    -7.187292357441901,
    191.9256917047266,
    "f"
  ],
  [
    -11.169867725731399,
    -7.259720942659051,
    192.38007174392385,
    "f"
  ],
  [
    -11.186143327119243,
    -7.332503840480595,
    192.82848527716095,
    "f"
  ],
  [
    -11.203096260100972,
    -7.4056410509065325,
    193.2709951986377,
    "f"
  ],
  [
    -11.220726524676598,
    -7.479132573936861,
    193.70766557488162,
    "f"
  ],
  [
    -11.239034120846116,
    -7.552978409571583,
    194.13856150655204,
    "f"
  ],
  [
    -11.258019048609517,
    -7.627178557810696,
    194.56374899706316,
    "f"
  ],
  [
    -11.277681307966818,
    -7.701733018654206,
    194.98329482788893,
    "f"
  ],
  [
    -11.298020898918002,
    -7.7766417921021045,
    195.39726644040093,
    "f"
  ],
  [
    -11.319037821463077,
    -7.851904878154397,
    195.80573182407494,
    "f"
  ],
  [
    -11.340732075602041,
    -7.9275222768110805,
    196.20875941089292,
    "f"
  ],
  [
    -11.363103661334899,
    -8.003493988072158,
    196.60641797575647,
    "f"
  ],
  [
    -11.386152578661642,
    -8.079820011937628,
    196.99877654272404,
    "f"
  ],
  [
    -11.40987882758228,
    -8.156500348407487,
    197.38590429687497,
    "f"
  ]
]