[
  [
    -2.85453455611335,
    -5.8869034702426335,
    27.15299999999999,
    "r"
  ],
  [
    -2.909298737818423,
    -5.993678394275262,
    27.15299999999999,
    "r"
  ],
  [
    -2.9640629195234958,
    -6.100453318307892,
    27.15299999999999,
    "r"
  ],
  [
    -3.0188271012285686,
    -6.207228242340522,
    27.15299999999999,
    "r"
  ],
  [
    -3.0735912829336414,
    -6.314003166373151,
    27.15299999999999,
    "r"
  ],
  [
    -3.1283554646387146,
    -6.420778090405779,
    27.15299999999999,
    "r"
  ],
  [
    -3.1831196463437874,
    -6.527553014438409,
    27.15299999999999,
    "r"
  ],
  [
    -3.2378838280488607,
    -6.634327938471039,
    27.15299999999999,
    "r"
  ],
  [
    -3.2926480097539335,
    -6.741102862503668,
    27.15299999999999,
    "r"
  ],
  [
    -3.347412191459006,
    -6.847877786536297,
    27.15299999999999,
    "r"
  ],
  [
    -3.402176373164079,
    -6.954652710568926,
    27.15299999999999,
    "r"
  ],
  [
    -3.456940554869152,
    -7.061427634601556,
    27.15299999999999,
    "r"
  ],
  [
    -3.511704736574224,
    -7.168202558634185,
    27.15299999999999,
    "r"
  ],
  [
    -3.5664689182792975,
    -7.274977482666814,
    27.15299999999999,
    "r"
  ],
  [
    -3.6212330999843703,
    -7.3817524066994435,
    27.15299999999999,
    "r"
  ],
  [
    -3.675997281689443,
    -7.488527330732072,
    27.15299999999999,
    "r"
  ],
  [
    -3.7307614633945163,
    -7.595302254764702,
    27.15299999999999,
    "r"
  ],
  [
    -3.785525645099589,
    -7.702077178797332,
    27.15299999999999,
    "r"
  ],
  [
    -3.840289826804662,
    -7.80885210282996,
    27.15299999999999,
    "r"
  ],
  [
    -3.8950540085097347,
    -7.91562702686259,
    27.15299999999999,
    "r"
  ],
  [
    -3.949818190214808,
    -8.02240195089522,
    27.15299999999999,
    "r"
  ],
  [
    -4.004582371919881,
    -8.129176874927849,
    27.15299999999999,
    "r"
  ],
  [
    -4.059346553624954,
    -8.235951798960478,
    27.15299999999999,
    "r"
  ],
  [
    -4.114110735330026,
    -8.342726722993108,
    27.15299999999999,
    "r"
  ],
  [
    -4.168874917035098,
    -8.449501647025736,
    27.15299999999999,
    "r"
  ],
  [
    -4.223639098740172,
    -8.556276571058365,
    27.15299999999999,
    "r"
  ],
  [
    -4.3093611528931905,
    -8.723219065646843,
    32.495620101760935,
    "r"
  ],
  [
    -4.396068822006652,
    -8.891727991706603,
    37.76652826600409,
    "r"
  ],
  [
    -4.483725374177215,
    -9.06177388021533,
    42.966209032847836,
    "r"
  ],
  [
    -4.572294077501528,
    -9.2333272621507,
    48.09514694241053,
    "r"
  ],
  [
    -4.661738200076243,
    -9.406358668490386,
    53.153826534810534,
    "r"
  ],
  [
    -4.752021009998016,
    -9.58083863021207,
    58.14273235016622,
    "r"
  ],
  [
    -4.843105775363494,
    -9.75673767829342,
    63.06234892859593,
    "r"
  ],
  [
    -4.9349557642693345,
    -9.934026343712127,
    67.91316081021805,
    "r"
  ],
  [
    -5.027534244812188,
    -10.112675157445858,
    72.69565253515091,
    "r"
  ],
  [
    -5.120804485088706,
    -10.292654650472292,
    77.41030864351293,
    "r"
  ],
  [
    -5.214729753195542,
    -10.473935353769107,
    82.05761367542243,
    "r"
  ],
  [
    -5.309273317229349,
    -10.65648779831398,
    86.63805217099778,
    "r"
  ],
  [
    -5.4043984452867795,
    -10.840282515084594,
    91.15210867035736,
    "r"
  ],
  [
    -5.500068405464482,
    -11.025290035058614,
    95.60026771361953,
    "r"
  ],
  [
    -5.596246465859112,
    -11.211480889213723,
    99.98301384090261,
    "r"
  ],
  [
    -5.692895894567323,
    -11.398825608527599,
    104.30083159232504,
    "r"
  ],
  [
    -5.789979959685766,
    -11.587294723977918,
    108.55420550800513,
    "r"
  ],
  [
    -5.887461929311091,
    -11.776858766542354,
    112.74362012806118,
    "r"
  ],
  [
    -5.9853050715399565,
    -11.967488267198593,
    116.86955999261174,
    "r"
  ],
  [
    -6.08347265446901,
    -12.159153756924304,
    120.932509641775,
    "r"
  ],
  [
    -6.181927946194904,
    -12.351825766697168,
    124.93295361566939,
    "r"
  ],
  [
    -6.280634214814293,
    -12.545474827494859,
    128.8713764544133,
    "r"
  ],
  [
    -6.379554728423828,
    -12.740071470295055,
    132.74826269812505,
    "r"
  ],
  [
    -6.478652755120161,
    -12.935586226075436,
    136.56409688692298,
    "r"
  ],
  [
    -6.577891562999946,
    -13.131989625813675,
    140.31936356092552,
    "r"
  ],
  [
    -6.677234420159837,
    -13.329252200487456,
    144.014547260251,
    "r"
  ],
  [
    -6.776644594696481,
    -13.527344481074444,
    147.6501325250178,
    "r"
  ],
  [
    -6.876085354706535,
    -13.726236998552327,
    151.22660389534423,
    "r"
  ],
  [
    -6.975519968286647,
    -13.925900283898773,
    154.7444459113487,
    "r"
  ],
  [
    -7.074911703533475,
    -14.126304868091472,
    158.20414311314957,
    "r"
  ],
  [
    -7.174223828543668,
    -14.327421282108087,
    161.60618004086518,
    "r"
  ],
  [
    -7.2734196114138765,
    -14.529220056926302,
    164.9510412346139,
    "r"
  ],
  [
    -7.372462320240759,
    -14.731671723523794,
    168.2392112345142,
    "r"
  ],
  [
    -7.471315223120961,
    -14.93474681287824,
    171.47117458068428,
    "r"
  ],
  [
    -7.569941588151141,
    -15.138415855967317,
    174.6474158132426,
    "r"
  ],
  [
    -7.668304683427947,
    -15.3426493837687,
    177.76841947230744,
    "r"
  ],
  [
    -7.766367777048033,
    -15.547417927260069,
    180.83467009799725,
    "r"
  ],
  [
    -7.864094137108052,
    -15.7526920174191,
    183.8466522304304,
    "r"
  ],
  [
    -7.961447031704657,
    -15.958442185223474,
    186.80485040972522,
    "r"
  ],
  [
    -8.058389728934497,
    -16.164638961650855,
    189.70974917599997,
    "r"
  ],
  [
    -8.154885496894227,
    -16.371252877678938,
    192.5618330693732,
    "r"
  ],
  [
    -8.250897603680496,
    -16.57825446428538,
    195.3615866299631,
    "r"
  ],
  [
    -8.346389317389965,
    -16.785614252447875,
    198.10949439788823,
    "r"
  ],
  [
    -8.441323906119278,
    -16.993302773144094,
    200.80604091326683,
    "r"
  ],
  [
    -8.53566463796509,
    -17.201290557351715,
    203.45171071621724,
    "r"
  ],
  [
    -8.629374781024053,
    -17.409548136048414,
    206.04698834685783,
    "r"
  ],
  [
    -8.722417603392818,
    -17.618046040211865,
    208.59235834530702,
    "r"
  ],
  [
    -8.814756373168041,
    -17.826754800819753,
    211.08830525168312,
    "r"
  ],
  [
    -8.906354358446373,
    -18.035644948849747,
    213.53531360610455,
    "r"
  ],
  [
    -8.997174827324471,
    -18.24468701527954,
    215.9338679486897,
    "r"
  ],
  [
    -9.087181047898973,
    -18.45385153108677,
    218.28445281955675,
    "r"
  ],
  [
    -9.176336288266546,
    -18.66310902724916,
    220.5875527588243,
    "r"
  ],
  [
    -9.264603816523836,
    -18.87243003474436,
    222.84365230661052,
    "r"
  ],
  [
    -9.351946900767501,
    -19.081785084550067,
    225.0532360030339,
    "r"
  ],
  [
    -9.438328809094182,
    -19.29114470764393,
    227.21678838821276,
    "r"
  ],
  [
    -9.523712809600545,
    -19.500479435003655,
    229.33479400226545,
    "r"
  ],
  [
    -9.608062170383231,
    -19.7097597976069,
    231.40773738531038,
    "r"
  ],
  [
    -9.691340159538898,
    -19.918956326431346,
    233.43610307746582,
    "r"
  ],
  [
    -9.773510045164198,
    -20.128039552454673,
    235.42037561885022,
    "r"
  ],
  [
    -9.854535095355784,
    -20.33698000665456,
    237.36103954958193,
    "r"
  ],
  [
    -9.934378578210307,
    -20.545748220008683,
    239.2585794097793,
    "r"
  ],
  [
    -10.01300376182442,
    -20.754314723494716,
    241.11347973956066,
    "r"
  ],
  [
    -10.090373914294775,
    -20.96265004809033,
    242.92622507904449,
    "r"
  ],
  [
    -10.166452303718021,
    -21.170724724773212,
    244.69729996834891,
    "r"
  ],
  [
    -10.241202198190823,
    -21.378509284521048,
    246.4271889475926,
    "r"
  ],
  [
    -10.314586865809813,
    -21.58597425831149,
    248.11637655689367,
    "r"
  ],
  [
    -10.386569574671663,
    -21.793090177122235,
    249.7653473363707,
    "r"
  ],
  [
    -10.457113592873016,
    -21.999827571930954,
    251.3745858261418,
    "r"
  ],
  [
    -10.526182188510521,
    -22.206156973715316,
    252.94457656632557,
    "r"
  ],
  [
    -10.59373862968084,
    -22.41204891345302,
    254.4758040970402,
    "r"
  ],
  [
    -10.659746184480618,
    -22.61747392212172,
    255.96875295840414,
    "r"
  ],
  [
    -10.72416812100651,
    -22.8224025306991,
    257.42390769053566,
    "r"
  ],
  [
    -10.786967707355167,
    -23.026805270162843,
    258.8417528335533,
    "r"
  ],
  [
    -10.848108211623245,
    -23.230652671490624,
    260.2227729275754,
    "r"
  ],
  [
    -10.90755290190739,
    -23.43391526566011,
    261.56745251272014,
    "r"
  ],
  [
    -10.965265046304262,
    -23.636563583648996,
    262.87627612910603,
    "r"
  ],
  [
    -11.021207912910508,
    -23.838568156434945,
    264.14972831685134,
    "r"
  ],
  [
    -11.075344769822783,
    -24.039899514995636,
    265.3882936160745,
    "r"
  ],
  [
    -11.127638885137737,
    -24.24052819030875,
    266.59245656689393,
    "r"
  ],
  [
    -11.178053526952025,
    -24.440424713351966,
    267.7627017094278,
    "r"
  ],
  [
    -11.226551963362299,
    -24.639559615102957,
    268.89951358379466,
    "r"
  ],
  [
    -11.27309746246521,
    -24.837903426539395,
    270.00337673011285,
    "r"
  ],
  [
    -11.317653292357411,
    -25.03542667863897,
    271.0747756885006,
    "r"
  ],
  [
    -11.360182721135555,
    -25.23209990237935,
    272.1141949990765,
    "r"
  ],
  [
    -11.400649016896292,
    -25.427893628738207,
    273.12211920195864,
    "r"
  ],
  [
    -11.439015447736276,
    -25.62277838869323,
    274.09903283726555,
    "r"
  ],
  [
    -11.475245281752162,
    -25.816724713222097,
    275.04542044511567,
    "r"
  ],
  [
    -11.5093017870406,
    -26.009703133302477,
    275.9617665656273,
    "r"
  ],
  [
    -11.541148231698243,
    -26.20168417991204,
    276.8485557389186,
    "r"
  ],
  [
    -11.57074788382174,
    -26.39263838402848,
    277.70627250510813,
    "r"
  ],
  [
    -11.598064011507745,
    -26.58253627662946,
    278.53540140431426,
    "r"
  ],
  [
    -11.623059882852916,
    -26.771348388692672,
    279.3364269766554,
    "r"
  ],
  [
    -11.645698765953899,
    -26.95904525119578,
    280.10983376224965,
    "r"
  ],
  [
    -11.665943928907348,
    -27.145597395116464,
    280.8561063012156,
    "r"
  ],
  [
    -11.683758639809916,
    -27.330975351432404,
    281.57572913367164,
    "r"
  ],
  [
    -11.699106166758256,
    -27.515149651121273,
    282.2691867997361,
    "r"
  ],
  [
    -11.71194977784902,
    -27.698090825160758,
    282.93696383952715,
    "r"
  ],
  [
    -11.722252741178856,
    -27.87976940452852,
    283.57954479316334,
    "r"
  ],
  [
    -11.729978324844424,
    -28.060155920202252,
    284.1974142007631,
    "r"
  ],
  [
    -11.735089796942374,
    -28.239220903159623,
    284.79105660244466,
    "r"
  ],
  [
    -11.737550425569353,
    -28.416934884378307,
    285.36095653832626,
    "r"
  ],
  [
    -11.73732347882202,
    -28.593268394835984,
    285.9075985485266,
    "r"
  ],
  [
    -11.734372224797026,
    -28.768191965510336,
    286.4314671731638,
    "r"
  ],
  [
    -11.728659931591018,
    -28.94167612737903,
    286.9330469523562,
    "r"
  ],
  [
    -11.720149867300657,
    -29.11369141141976,
    287.4128224262224,
    "r"
  ],
  [
    -11.70880530002259,
    -29.284208348610186,
    287.8712781348805,
    "r"
  ],
  [
    -11.694589497853471,
    -29.453197469927996,
    288.3088986184491,
    "r"
  ],
  [
    -11.67746572888995,
    -29.620629306350853,
    288.7261684170463,
    "r"
  ],
  [
    -11.657397261228681,
    -29.786474388856448,
    289.1235720707907,
    "r"
  ],
  [
    -11.634347362966322,
    -29.95070324842246,
    289.50159411980053,
    "r"
  ],
  [
    -11.608279302199515,
    -30.113286416026558,
    289.86071910419423,
    "r"
  ],
  [
    -11.579156347024917,
    -30.274194422646413,
    290.20143156409006,
    "r"
  ],
  [
    -11.546941765539183,
    -30.433397799259712,
    290.5242160396065,
    "r"
  ],
  [
    -11.511598825838965,
    -30.590867076844138,
    290.8295570708617,
    "r"
  ],
  [
    -11.473090796020914,
    -30.746572786377353,
    291.11793919797435,
    "r"
  ],
  [
    -11.431380944181676,
    -30.900485458837036,
    291.38984696106263,
    "r"
  ],
  [
    -11.386432538417912,
    -31.052575625200873,
    291.6457649002448,
    "r"
  ],
  [
    -11.338208846826273,
    -31.202813816446536,
    291.8861775556395,
    "r"
  ],
  [
    -11.28667313750341,
    -31.351170563551708,
    292.1115694673648,
    "r"
  ],
  [
    -11.231788678545978,
    -31.497616397494063,
    292.32242517553925,
    "r"
  ],
  [
    -11.173518738050621,
    -31.64212184925127,
    292.5192292202812,
    "r"
  ],
  [
    -11.111826584114004,
    -31.784657449801017,
    292.702466141709,
    "r"
  ],
  [
    -11.046675484832768,
    -31.925193730120974,
    292.8726204799409,
    "r"
  ],
  [
    -10.978028708303572,
    -32.06370122118882,
    293.03017677509536,
    "r"
  ],
  [
    -10.905849522623068,
    -32.20015045398224,
    293.1756195672908,
    "r"
  ],
  [
    -10.830101195887906,
    -32.334511959478895,
    293.30943339664543,
    "r"
  ],
  [
    -10.750746996194739,
    -32.466756268656475,
    293.43210280327776,
    "r"
  ],
  [
    -10.667750191640216,
    -32.59685391249265,
    293.54411232730615,
    "r"
  ],
  [
    -10.581074050321,
    -32.7247754219651,
    293.64594650884885,
    "r"
  ],
  [
    -10.490681840333734,
    -32.8504913280515,
    293.7380898880243,
    "r"
  ],
  [
    -10.396536829775071,
    -32.97397216172953,
    293.8210270049508,
    "r"
  ],
  [
    -10.298602286741668,
    -33.09518845397687,
    293.89524239974685,
    "r"
  ],
  [
    -10.196841479330175,
    -33.21411073577119,
    293.9612206125306,
    "r"
  ],
  [
    -10.091217675637239,
    -33.330709538090176,
    294.01944618342065,
    "r"
  ],
  [
    -9.981694143759523,
    -33.44495539191149,
    294.0704036525352,
    "r"
  ],
  [
    -9.868234151793672,
    -33.556818828212826,
    294.11457755999265,
    "r"
  ],
  [
    -9.75080096783634,
    -33.66627037797185,
    294.1524524459114,
    "r"
  ],
  [
    -9.629357859984179,
    -33.773280572166236,
    294.18451285040976,
    "r"
  ],
  [
    -9.503868096333846,
    -33.87781994177368,
    294.21124331360613,
    "r"
  ],
  [
    -9.374294944981987,
    -33.97985901777184,
    294.2331283756189,
    "r"
  ],
  [
    -9.240601674025257,
    -34.0793683311384,
    294.2506525765664,
    "r"
  ],
  [
    -9.10275155156031,
    -34.17631841285104,
    294.26430045656684,
    "r"
  ],
  [
    -8.960707845683796,
    -34.27067979388743,
    294.27455655573897,
    "r"
  ],
  [
    -8.814433824492365,
    -34.36242300522525,
    294.28190541420076,
    "r"
  ],
  [
    -8.663892756082674,
    -34.45151857784218,
    294.2868315720708,
    "r"
  ],
  [
    -8.509047908551373,
    -34.5379370427159,
    294.28981956946734,
    "r"
  ],
  [
    -8.349862549995116,
    -34.62164893082408,
    294.29135394650893,
    "r"
  ],
  [
    -8.186299948510559,
    -34.7026247731444,
    294.2919192433136,
    "r"
  ],
  [
    -8.018323372194343,
    -34.78083510065453,
    294.29200000000003,
    "r"
  ],
  [
    -8.018323372194343,
    -34.78083510065453,
    294.29200000000003,
    "r"
  ],
  [
    -7.908948085074951,
    -34.83020155249736,
    294.29200000000003,
    "r"
  ],
  [
    -7.799572797955559,
    -34.879568004340186,
    294.29200000000003,
    "r"
  ],
  [
    -7.690197510836167,
    -34.928934456183015,
    294.29200000000003,
    "r"
  ],
  [
    -7.580822223716774,
    -34.978300908025844,
    294.29200000000003,
    "r"
  ],
  [
    -7.471446936597382,
    -35.02766735986868,
    294.29200000000003,
    "r"
  ],
  [
    -7.36207164947799,
    -35.07703381171151,
    294.29200000000003,
    "r"
  ],
  [
    -7.2526963623585985,
    -35.12640026355434,
    294.29200000000003,
    "r"
  ],
  [
    -7.1433210752392045,
    -35.17576671539717,
    294.29200000000003,
    "r"
  ],
  [
    -7.033945788119813,
    -35.22513316724,
    294.29200000000003,
    "r"
  ],
  [
    -6.924570501000422,
    -35.27449961908283,
    294.29200000000003,
    "r"
  ],
  [
    -6.815195213881029,
    -35.32386607092566,
    294.29200000000003,
    "r"
  ],
  [
    -6.705819926761637,
    -35.37323252276849,
    294.29200000000003,
    "r"
  ],
  [
    -6.596444639642244,
    -35.42259897461132,
    294.29200000000003,
    "r"
  ],
  [
    -6.487069352522853,
    -35.471965426454155,
    294.29200000000003,
    "r"
  ],
  [
    -6.377694065403459,
    -35.521331878296984,
    294.29200000000003,
    "r"
  ],
  [
    -6.268318778284067,
    -35.57069833013981,
    294.29200000000003,
    "r"
  ],
  [
    -6.158943491164674,
    -35.62006478198264,
    294.29200000000003,
    "r"
  ],
  [
    -6.049568204045283,
    -35.66943123382548,
    294.29200000000003,
    "r"
  ],
  [
    -5.940192916925891,
    -35.71879768566831,
    294.29200000000003,
    "r"
  ],
  [
    -5.830817629806498,
    -35.768164137511135,
    294.29200000000003,
    "r"
  ],
  [
    -5.721442342687107,
    -35.817530589353964,
    294.29200000000003,
    "r"
  ],
  [
    -5.612067055567714,
    -35.86689704119679,
    294.29200000000003,
    "r"
  ],
  [
    -5.5026917684483205,
    -35.91626349303963,
    294.29200000000003,
    "r"
  ],
  [
    -5.393316481328931,
    -35.96562994488246,
    294.29200000000003,
    "r"
  ]
]