[
  [
    0.0,
    0.0,
    0.6349999999999909,
    "r"
  ],
  [
    -0.2714954408922469,
    -0.0030103116079651772,
    1.0604758198832747,
    "r"
  ],
  [
    -0.5402623074718051,
    -0.005997867647274965,
    1.4817220580005883,
    "r"
  ],
  [
    -0.8063143804170217,
    -0.008970306877368845,
    1.8988067535961581,
    "r"
  ],
  [
    -1.0696654404062433,
    -0.01193526805768629,
    2.311797945914208,
    "r"
  ],
  [
    -1.3303292681178172,
    -0.01490038994766679,
    2.7207636741989636,
    "r"
  ],
  [
    -1.5883196442300898,
    -0.017873311306749816,
    3.1257719776946495,
    "r"
  ],
  [
    -1.8436503494214083,
    -0.020861670894374844,
    3.5268908956454905,
    "r"
  ],
  [
    -2.0963351643701196,
    -0.023873107469981364,
    3.924188467295712,
    "r"
  ],
  [
    -2.346387869754571,
    -0.026915259793008846,
    4.3177327318895395,
    "r"
  ],
  [
    -2.593822246253109,
    -0.029995766622896776,
    4.707591728671197,
    "r"
  ],
  [
    -2.8386520745440804,
    -0.03312226671908462,
    5.09383349688491,
    "r"
  ],
  [
    -3.080891135305831,
    -0.036302398841011864,
    5.4765260757749,
    "r"
  ],
  [
    -3.320553209216712,
    -0.039543801748118015,
    5.8557375045854005,
    "r"
  ],
  [
    -3.5576520769550646,
    -0.042854114199842516,
    6.231535822560627,
    "r"
  ],
  [
    -3.7922015191992395,
    -0.04624097495562485,
    6.603989068944811,
    "r"
  ],
  [
    -4.024215316627582,
    -0.049712022774904496,
    6.973165282982172,
    "r"
  ],
  [
    -4.253707249918438,
    -0.053274896417120944,
    7.33913250391694,
    "r"
  ],
  [
    -4.4806910997501594,
    -0.05693723464171369,
    7.70195877099334,
    "r"
  ],
  [
    -4.705180646801087,
    -0.060706676208122166,
    8.06171212345559,
    "r"
  ],
  [
    -4.927189671749571,
    -0.0645908598757859,
    8.418460600547924,
    "r"
  ],
  [
    -5.146731955273959,
    -0.06859742440414435,
    8.772272241514562,
    "r"
  ],
  [
    -5.363821278052594,
    -0.07273400855263698,
    9.123215085599728,
    "r"
  ],
  [
    -5.578471420763829,
    -0.07700825108070329,
    9.471357172047652,
    "r"
  ],
  [
    -5.790696164086004,
    -0.08142779074778274,
    9.816766540102552,
    "r"
  ],
  [
    -6.0005092886974705,
    -0.08600026631331481,
    10.15951122900866,
    "r"
  ],
  [
    -6.207924575276577,
    -0.09073331653673905,
    10.499659278010197,
    "r"
  ],
  [
    -6.412955804501664,
    -0.09563458017749484,
    10.837278726351386,
    "r"
  ],
  [
    -6.615616757051083,
    -0.1007116959950217,
    11.172437613276461,
    "r"
  ],
  [
    -6.81592121360318,
    -0.1059723027487591,
    11.505203978029632,
    "r"
  ],
  [
    -7.013882954836303,
    -0.11142403919814657,
    11.83564585985514,
    "r"
  ],
  [
    -7.209515761428796,
    -0.1170745441026235,
    12.163831297997197,
    "r"
  ],
  [
    -7.402833414059008,
    -0.12293145622162943,
    12.489828331700036,
    "r"
  ],
  [
    -7.593849693405287,
    -0.1290024143146038,
    12.813705000207879,
    "r"
  ],
  [
    -7.782578380145977,
    -0.13529505714098616,
    13.135529342764952,
    "r"
  ],
  [
    -7.969033254959428,
    -0.14181702346021596,
    13.455369398615483,
    "r"
  ],
  [
    -8.153228098523984,
    -0.1485759520317326,
    13.773293207003688,
    "r"
  ],
  [
    -8.335176691517992,
    -0.15557948161497565,
    14.089368807173793,
    "r"
  ],
  [
    -8.514892814619804,
    -0.16283525096938456,
    14.403664238370036,
    "r"
  ],
  [
    -8.692390248507758,
    -0.1703508988543988,
    14.716247539836626,
    "r"
  ],
  [
    -8.867682773860212,
    -0.17813406402945786,
    15.027186750817803,
    "r"
  ],
  [
    -9.040784171355503,
    -0.18619238525400122,
    15.336549910557778,
    "r"
  ],
  [
    -9.211708221671982,
    -0.19453350128746835,
    15.644405058300784,
    "r"
  ],
  [
    -9.380468705487997,
    -0.20316505088929876,
    15.950820233291045,
    "r"
  ],
  [
    -9.547079403481892,
    -0.2120946728189319,
    16.25586347477278,
    "r"
  ],
  [
    -9.71155409633202,
    -0.22133000583580725,
    16.55960282199023,
    "r"
  ],
  [
    -9.873906564716718,
    -0.2308786886993643,
    16.862106314187596,
    "r"
  ],
  [
    -10.03415058931434,
    -0.2407483601690425,
    17.163441990609126,
    "r"
  ],
  [
    -10.192299950803234,
    -0.25094665900428137,
    17.463677890499028,
    "r"
  ],
  [
    -10.348368429861742,
    -0.2614812239645204,
    17.762882053101542,
    "r"
  ],
  [
    -10.50236980716821,
    -0.27235969380919894,
    18.061122517660873,
    "r"
  ],
  [
    -10.654317863400994,
    -0.2835897072977567,
    18.35846732342127,
    "r"
  ],
  [
    -10.804226379238433,
    -0.295178903189633,
    18.65498450962694,
    "r"
  ],
  [
    -10.952109135358874,
    -0.30713492024426725,
    18.95074211552211,
    "r"
  ],
  [
    -11.097979912440664,
    -0.3194653972210991,
    19.24580818035101,
    "r"
  ],
  [
    -11.24185249116216,
    -0.3321779728795681,
    19.540250743357873,
    "r"
  ],
  [
    -11.383740652201693,
    -0.3452802859791133,
    19.834137843786902,
    "r"
  ],
  [
    -11.52365817623762,
    -0.35877997527917466,
    20.127537520882342,
    "r"
  ],
  [
    -11.661618843948288,
    -0.3726846795391914,
    20.42051781388841,
    "r"
  ],
  [
    -11.797636436012032,
    -0.387002037518603,
    20.713146762049327,
    "r"
  ],
  [
    -11.931724733107218,
    -0.4017396879768492,
    21.005492404609328,
    "r"
  ],
  [
    -12.063897515912181,
    -0.41690526967336905,
    21.297622780812627,
    "r"
  ],
  [
    -12.194168565105269,
    -0.4325064213676024,
    21.58960592990346,
    "r"
  ],
  [
    -12.322551661364828,
    -0.44855078181898855,
    21.88150989112604,
    "r"
  ],
  [
    -12.449060585369207,
    -0.465045989786967,
    22.1734027037246,
    "r"
  ],
  [
    -12.57370911779676,
    -0.48199968403097737,
    22.46535240694337,
    "r"
  ],
  [
    -12.696511039325818,
    -0.4994195033104588,
    22.75742704002656,
    "r"
  ],
  [
    -12.81748013063474,
    -0.5173130863848512,
    23.04969464221841,
    "r"
  ],
  [
    -12.93663017240187,
    -0.5356880720135936,
    23.34222325276313,
    "r"
  ],
  [
    -13.053974945305551,
    -0.5545520989561259,
    23.635080910904957,
    "r"
  ],
  [
    -13.169528230024142,
    -0.5739128059718874,
    23.92833565588812,
    "r"
  ],
  [
    -13.283303807235972,
    -0.5937778318203174,
    24.222055526956822,
    "r"
  ],
  [
    -13.395315457619404,
    -0.6141548152608558,
    24.516308563355313,
    "r"
  ],
  [
    -13.505576961852777,
    -0.6350513950529416,
    24.8111628043278,
    "r"
  ],
  [
    -13.614102100614431,
    -0.6564752099560146,
    25.10668628911851,
    "r"
  ],
  [
    -13.720904654582732,
    -0.6784338987295144,
    25.40294705697169,
    "r"
  ],
  [
    -13.825998404436008,
    -0.7009351001328799,
    25.700013147131532,
    "r"
  ],
  [
    -13.929397130852617,
    -0.7239864529255513,
    25.997952598842286,
    "r"
  ],
  [
    -14.031114614510907,
    -0.7475955958669677,
    26.29683345134817,
    "r"
  ],
  [
    -14.13116463608921,
    -0.7717701677165681,
    26.596723743893392,
    "r"
  ],
  [
    -14.229560976265896,
    -0.7965178072337931,
    26.897691515722208,
    "r"
  ],
  [
    -14.32631741571929,
    -0.821846153178081,
    27.199804806078816,
    "r"
  ],
  [
    -14.421447735127753,
    -0.8477628443088724,
    27.503131654207458,
    "r"
  ],
  [
    -14.514965715169625,
    -0.874275519385606,
    27.80774009935235,
    "r"
  ],
  [
    -14.60688513652325,
    -0.9013918171677212,
    28.113698180757712,
    "r"
  ],
  [
    -14.69721977986699,
    -0.9291193764146582,
    28.421073937667792,
    "r"
  ],
  [
    -14.785983425879175,
    -0.9574658358858557,
    28.72993540932679,
    "r"
  ],
  [
    -14.873189855238165,
    -0.986438834340754,
    29.040350634978942,
    "r"
  ],
  [
    -14.958852848622296,
    -1.0160460105387918,
    29.35238765386847,
    "r"
  ],
  [
    -15.042986186709918,
    -1.046295003239409,
    29.666114505239598,
    "r"
  ],
  [
    -15.125603650179386,
    -1.077193451202045,
    29.981599228336563,
    "r"
  ],
  [
    -15.206719019709036,
    -1.108748993186139,
    30.298909862403573,
    "r"
  ],
  [
    -15.286346075977221,
    -1.1409692679511312,
    30.61811444668486,
    "r"
  ],
  [
    -15.364498599662285,
    -1.1738619142564604,
    30.93928102042465,
    "r"
  ],
  [
    -15.441190371442575,
    -1.2074345708615661,
    31.262477622867163,
    "r"
  ],
  [
    -15.516435171996447,
    -1.2416948765258882,
    31.58777229325664,
    "r"
  ],
  [
    -15.590246782002232,
    -1.2766504700088657,
    31.91523307083728,
    "r"
  ],
  [
    -15.662638982138288,
    -1.3123089900699385,
    32.24492799485333,
    "r"
  ],
  [
    -15.733625553082959,
    -1.3486780754685461,
    32.57692510454901,
    "r"
  ],
  [
    -15.80322027551459,
    -1.3857653649641273,
    32.911292439168534,
    "r"
  ],
  [
    -15.87143693011153,
    -1.423578497316122,
    33.24809803795614,
    "r"
  ],
  [
    -15.938289297552128,
    -1.4621251112839706,
    33.58740994015604,
    "r"
  ],
  [
    -16.00379115851473,
    -1.5014128456271112,
    33.929296185012475,
    "r"
  ],
  [
    -16.06795629367768,
    -1.5414493391049842,
    34.27382481176967,
    "r"
  ],
  [
    -16.13079848371932,
    -1.5822422304770285,
    34.621063859671835,
    "r"
  ],
  [
    -16.19233150931801,
    -1.623799158502683,
    34.971081367963194,
    "r"
  ],
  [
    -16.252569151152088,
    -1.6661277619413886,
    35.32394537588798,
    "r"
  ],
  [
    -16.311525189899907,
    -1.709235679552584,
    35.67972392269043,
    "r"
  ],
  [
    -16.36921340623981,
    -1.7531305500957093,
    36.03848504761475,
    "r"
  ],
  [
    -16.425647580850136,
    -1.797820012330203,
    36.40029678990517,
    "r"
  ],
  [
    -16.480841494409248,
    -1.8433117050155057,
    36.76522718880592,
    "r"
  ],
  [
    -16.534808927595478,
    -1.8896132669110546,
    37.13334428356121,
    "r"
  ],
  [
    -16.587563661087184,
    -1.936732336776292,
    37.504716113415284,
    "r"
  ],
  [
    -16.63911947556271,
    -1.9846765533706563,
    37.87941071761237,
    "r"
  ],
  [
    -16.689490151700397,
    -2.033453555453587,
    38.25749613539667,
    "r"
  ],
  [
    -16.7386894701786,
    -2.083070981784523,
    38.63904040601243,
    "r"
  ],
  [
    -16.78673121167566,
    -2.1335364711229037,
    39.02411156870386,
    "r"
  ],
  [
    -16.83362915686993,
    -2.1848576622281697,
    39.412777662715186,
    "r"
  ],
  [
    -16.879397086439752,
    -2.23704219385976,
    39.80510672729065,
    "r"
  ],
  [
    -16.92404878106347,
    -2.2900977047771143,
    40.20116680167446,
    "r"
  ],
  [
    -16.967598021419438,
    -2.3440318337396717,
    40.60102592511084,
    "r"
  ],
  [
    -17.010058588186,
    -2.3988522195068707,
    41.004752136844026,
    "r"
  ],
  [
    -17.051444262041503,
    -2.4545665008381525,
    41.412413476118246,
    "r"
  ],
  [
    -17.091768823664296,
    -2.5111823164929565,
    41.82407798217771,
    "r"
  ],
  [
    -17.13104605373272,
    -2.568707305230721,
    42.239813694266644,
    "r"
  ],
  [
    -17.169289732925122,
    -2.627149105810886,
    42.659688651629295,
    "r"
  ],
  [
    -17.20651364191986,
    -2.6865153569928903,
    43.08377089350985,
    "r"
  ],
  [
    -17.24273156139527,
    -2.7468136975361745,
    43.512128459152564,
    "r"
  ],
  [
    -17.277957272029703,
    -2.8080517662001787,
    43.94482938780167,
    "r"
  ],
  [
    -17.312204554501506,
    -2.8702372017443407,
    44.38194171870137,
    "r"
  ],
  [
    -17.345487189489024,
    -2.933377642928101,
    44.82353349109589,
    "r"
  ],
  [
    -17.377818957670605,
    -2.9974807285108973,
    45.26967274422945,
    "r"
  ],
  [
    -17.409213639724594,
    -3.0625540972521716,
    45.7204275173463,
    "r"
  ],
  [
    -17.439685016329342,
    -3.128605387911363,
    46.17586584969065,
    "r"
  ],
  [
    -17.469246868163196,
    -3.19564223924791,
    46.63605578050672,
    "r"
  ],
  [
    -17.497912975904498,
    -3.2636722900212516,
    47.101065349038755,
    "r"
  ],
  [
    -17.525697120231598,
    -3.332703178990827,
    47.57096259453095,
    "r"
  ],
  [
    -17.552613081822845,
    -3.4027425449160784,
    48.04581555622755,
    "r"
  ],
  [
    -17.578674641356578,
    -3.4737980265564428,
    48.52569227337277,
    "r"
  ],
  [
    -17.603895579511153,
    -3.545877262671362,
    49.01066078521086,
    "r"
  ],
  [
    -17.62828967696491,
    -3.618987892020273,
    49.50078913098601,
    "r"
  ],
  [
    -17.651870714396203,
    -3.6931375533626145,
    49.99614534994246,
    "r"
  ],
  [
    -17.674652472483373,
    -3.768333885457829,
    50.496797481324435,
    "r"
  ],
  [
    -17.696648731904773,
    -3.8445845270653556,
    51.00281356437617,
    "r"
  ],
  [
    -17.717873273338743,
    -3.9218971169446326,
    51.51426163834187,
    "r"
  ],
  [
    -17.73833987746363,
    -4.000279293855099,
    52.03120974246578,
    "r"
  ],
  [
    -17.758062324957784,
    -4.079738696556194,
    52.553725915992096,
    "r"
  ],
  [
    -17.777054396499558,
    -4.16028296380736,
    53.08187819816508,
    "r"
  ],
  [
    -17.795329872767287,
    -4.241919734368033,
    53.615734628228935,
    "r"
  ],
  [
    -17.812902534439324,
    -4.3246566469976555,
    54.15536324542789,
    "r"
  ],
  [
    -17.82978616219402,
    -4.408501340455666,
    54.700832089006184,
    "r"
  ],
  [
    -17.84599453670971,
    -4.493461453501503,
    55.25220919820801,
    "r"
  ],
  [
    -17.86154143866475,
    -4.579544624894604,
    55.8095626122776,
    "r"
  ],
  [
    -17.876440648737493,
    -4.666758493394414,
    56.37296037045921,
    "r"
  ],
  [
    -17.89070594760627,
    -4.755110697760369,
    56.942470511997044,
    "r"
  ],
  [
    -17.904351115949435,
    -4.8446088767519075,
    57.51816107613533,
    "r"
  ],
  [
    -17.91738993444534,
    -4.935260669128472,
    58.10010010211829,
    "r"
  ],
  [
    -17.929836183772323,
    -5.027073713649497,
    58.68835562919013,
    "r"
  ],
  [
    -17.941703644608744,
    -5.120055649074429,
    59.282995696595115,
    "r"
  ],
  [
    -17.953006097632937,
    -5.2142141141627025,
    59.884088343577446,
    "r"
  ],
  [
    -17.963757323523254,
    -5.30955674767376,
    60.49170160938136,
    "r"
  ],
  [
    -17.97397110295804,
    -5.4060911883670375,
    61.10590353325106,
    "r"
  ],
  [
    -17.983661216615644,
    -5.503825075001974,
    61.72676215443077,
    "r"
  ],
  [
    -17.99284144517441,
    -5.602766046338014,
    62.35434551216475,
    "r"
  ],
  [
    -18.00152556931269,
    -5.702921741134596,
    62.98872164569721,
    "r"
  ],
  [
    -18.009727369708827,
    -5.804299798151157,
    63.629958594272374,
    "r"
  ],
  [
    -18.017460627041167,
    -5.906907856147136,
    64.27812439713445,
    "r"
  ],
  [
    -18.024739121988063,
    -6.010753553881972,
    64.93328709352767,
    "r"
  ],
  [
    -18.031576635227857,
    -6.115844530115107,
    65.59551472269627,
    "r"
  ],
  [
    -18.037986947438895,
    -6.222188423605981,
    66.26487532388447,
    "r"
  ],
  [
    -18.04398383929953,
    -6.329792873114033,
    66.9414369363365,
    "r"
  ],
  [
    -18.0495810914881,
    -6.438665517398701,
    67.62526759929658,
    "r"
  ],
  [
    -18.054792484682956,
    -6.548813995219421,
    68.31643535200891,
    "r"
  ],
  [
    -18.059631799562446,
    -6.66024594533564,
    69.01500823371775,
    "r"
  ],
  [
    -18.064112816804915,
    -6.772969006506795,
    69.72105428366733,
    "r"
  ],
  [
    -18.068249317088714,
    -6.886990817492324,
    70.43464154110185,
    "r"
  ],
  [
    -18.072055081092188,
    -7.002319017051666,
    71.15583804526555,
    "r"
  ],
  [
    -18.07554388949368,
    -7.11896124394426,
    71.88471183540263,
    "r"
  ],
  [
    -18.078729522971543,
    -7.236925136929549,
    72.62133095075735,
    "r"
  ],
  [
    -18.08162576220412,
    -7.356218334766971,
    73.36576343057392,
    "r"
  ],
  [
    -18.084246387869754,
    -7.476848476215965,
    74.11807731409657,
    "r"
  ],
  [
    -18.086605180646803,
    -7.59882320003597,
    74.87834064056952,
    "r"
  ],
  [
    -18.088715921213605,
    -7.722150144986422,
    75.64662144923696,
    "r"
  ],
  [
    -18.09059239024851,
    -7.846836949826768,
    76.42298777934317,
    "r"
  ],
  [
    -18.092248368429864,
    -7.972891253316445,
    77.20750767013237,
    "r"
  ],
  [
    -18.093697636436016,
    -8.10032069421489,
    78.00024916084875,
    "r"
  ],
  [
    -18.09495397494531,
    -8.229132911281544,
    78.80128029073657,
    "r"
  ],
  [
    -18.09603116463609,
    -8.359335543275844,
    79.61066909904001,
    "r"
  ],
  [
    -18.09694298618671,
    -8.490936228957233,
    80.42848362500335,
    "r"
  ],
  [
    -18.097703220275513,
    -8.623942607085151,
    81.25479190787077,
    "r"
  ],
  [
    -18.09832564758085,
    -8.758362316419035,
    82.08966198688654,
    "r"
  ],
  [
    -18.098824048781065,
    -8.894202995718324,
    82.93316190129485,
    "r"
  ],
  [
    -18.099212204554505,
    -9.031472283742458,
    83.7853596903399,
    "r"
  ],
  [
    -18.099503895579513,
    -9.17017781925088,
    84.64632339326599,
    "r"
  ],
  [
    -18.099712902534442,
    -9.310327241003025,
    85.51612104931729,
    "r"
  ],
  [
    -18.099853006097632,
    -9.451928187758332,
    86.39482069773803,
    "r"
  ],
  [
    -18.099937986947438,
    -9.594988298276247,
    87.28249037777246,
    "r"
  ],
  [
    -18.099981625762204,
    -9.739515211316203,
    88.17919812866478,
    "r"
  ],
  [
    -18.099997703220275,
    -9.885516565637639,
    89.08501198965921,
    "r"
  ],
  [
    -18.1,
    -10.033,
    90.0,
    "r"
  ]
]