[
  [
    5.982926718374855,
    0.4655025006129655,
    264.466,
    "r"
  ],
  [
    6.103566330403942,
    0.47722724644796627,
    264.43007212866064,
    "r"
  ],
  [
    6.224172917762841,
    0.4890369208675296,
    264.38303984794396,
    "r"
  ],
  [
    6.344719615394562,
    0.5009524667361889,
    264.3248642921494,
    "r"
  ],
  [
    6.465179558242113,
    0.5129948269184769,
    264.25549300833023,
    "r"
  ],
  [
    6.585525881248504,
    0.5251849442789267,
    264.1748598817162,
    "r"
  ],
  [
    6.705731719356742,
    0.5375437616820711,
    264.0828850331904,
    "r"
  ],
  [
    6.825770207509835,
    0.5500922219924433,
    263.97947468906057,
    "r"
  ],
  [
    6.945614480650792,
    0.5628512680745758,
    263.8645210233743,
    "r"
  ],
  [
    7.0652376737226215,
    0.575841842793002,
    263.7379019730465,
    "r"
  ],
  [
    7.184612921668334,
    0.5890848890122549,
    263.59948102610394,
    "r"
  ],
  [
    7.303713359430933,
    0.6026013495968671,
    263.449106983398,
    "r"
  ],
  [
    7.422512121953434,
    0.6164121674113718,
    263.286613694209,
    "r"
  ],
  [
    7.540982344178841,
    0.630538285320302,
    263.11181976625335,
    "r"
  ],
  [
    7.659097161050159,
    0.6450006461881901,
    262.92452825072235,
    "r"
  ],
  [
    7.776829707510403,
    0.6598201928795698,
    262.7245263031257,
    "r"
  ],
  [
    7.894153118502577,
    0.6750178682589735,
    262.5115848208917,
    "r"
  ],
  [
    8.011040528969692,
    0.6906146151909345,
    262.2854580588922,
    "r"
  ],
  [
    8.127465073854756,
    0.7066313765399855,
    262.04588322432414,
    "r"
  ],
  [
    8.243399888100777,
    0.7230890951706599,
    261.7925800526893,
    "r"
  ],
  [
    8.358818106650764,
    0.7400087139474903,
    261.5252503669849,
    "r"
  ],
  [
    8.473692864447724,
    0.7574111757350096,
    261.2435776226542,
    "r"
  ],
  [
    8.587997296434668,
    0.7753174233977508,
    260.9472264413567,
    "r"
  ],
  [
    8.7017045375546,
    0.7937483998002468,
    260.63584213721396,
    "r"
  ],
  [
    8.81478772275053,
    0.8127250478070308,
    260.3090502398799,
    "r"
  ],
  [
    8.927219986965472,
    0.8322683102826357,
    259.9664560195854,
    "r"
  ],
  [
    9.038974465142429,
    0.8523991300915944,
    259.60764402023,
    "r"
  ],
  [
    9.150024292224414,
    0.8731384500984399,
    259.23217760765374,
    "r"
  ],
  [
    9.260342603154426,
    0.8945072131677048,
    258.8395985414333,
    "r"
  ],
  [
    9.36990253287548,
    0.9165263621639222,
    258.42942657992796,
    "r"
  ],
  [
    9.478677216330588,
    0.9392168399516257,
    258.00115912986473,
    "r"
  ],
  [
    9.586639788462753,
    0.9625995893953476,
    257.5542709535247,
    "r"
  ],
  [
    9.693763384214979,
    0.9866955533596206,
    257.08821394857847,
    "r"
  ],
  [
    9.800021138530289,
    1.0115256747089785,
    256.6024170178488,
    "r"
  ],
  [
    9.905386186351679,
    1.0371108963079538,
    256.0962860487526,
    "r"
  ],
  [
    10.00983166262216,
    1.0634721610210793,
    255.56920402491994,
    "r"
  ],
  [
    10.113330702284745,
    1.090630411712888,
    255.02053129549608,
    "r"
  ],
  [
    10.215856440282435,
    1.118606591247913,
    254.4496060309155,
    "r"
  ],
  [
    10.317382011558243,
    1.1474216424906876,
    253.85574489748217,
    "r"
  ],
  [
    10.41788055105518,
    1.177096508305744,
    253.23824398687373,
    "r"
  ],
  [
    10.517325193716248,
    1.2076521315576156,
    252.5963800406796,
    "r"
  ],
  [
    10.615689074484463,
    1.2391094551108355,
    251.92941201421849,
    "r"
  ],
  [
    10.712945328302824,
    1.271489421829936,
    251.23658302808303,
    "r"
  ],
  [
    10.80906709011435,
    1.304812974579451,
    250.51712276001422,
    "r"
  ],
  [
    10.904027494862044,
    1.3391010562239127,
    249.77025033365533,
    "r"
  ],
  [
    10.99779967748891,
    1.3743746096278544,
    248.99517776428888,
    "r"
  ],
  [
    11.09035677293796,
    1.4106545776558086,
    248.1911140245607,
    "r"
  ],
  [
    11.18167191615221,
    1.4479619031723088,
    247.357269795133,
    "r"
  ],
  [
    11.27171824207466,
    1.486317529041888,
    246.492862965815,
    "r"
  ],
  [
    11.36046888564832,
    1.5257423981290787,
    245.597124951536,
    "r"
  ],
  [
    11.447896981816196,
    1.5662574532984144,
    244.6693078840442,
    "r"
  ],
  [
    11.533975665521304,
    1.6078836374144279,
    243.70869273384176,
    "r"
  ],
  [
    11.618678071706643,
    1.6506418933416511,
    242.71459840696508,
    "r"
  ],
  [
    11.70197733531523,
    1.6945531639446183,
    241.68639184709969,
    "r"
  ],
  [
    11.783846591290066,
    1.739638392087862,
    240.6234991545087,
    "r"
  ],
  [
    11.864258974574167,
    1.7859185206359154,
    239.52541770868942,
    "r"
  ],
  [
    11.943187620110535,
    1.833414492453311,
    238.39172925102395,
    "r"
  ],
  [
    12.020605662842183,
    1.8821472504045815,
    237.22211384658607,
    "r"
  ],
  [
    12.096486237712117,
    1.9321377373542608,
    236.0163646006265,
    "r"
  ],
  [
    12.170802479663342,
    1.9834068961668816,
    234.7744029553869,
    "r"
  ],
  [
    12.243527523638873,
    2.0359756697069757,
    233.49629433760623,
    "r"
  ],
  [
    12.314634504581717,
    2.0898650008390782,
    232.1822638678239,
    "r"
  ],
  [
    12.384096557434878,
    2.1450958324277196,
    230.83271178151983,
    "r"
  ],
  [
    12.451886817141373,
    2.2016891073374354,
    229.44822815223193,
    "r"
  ],
  [
    12.5179784186442,
    2.2596657684327557,
    228.02960645181184,
    "r"
  ],
  [
    12.582344496886375,
    2.319046758578216,
    226.5778554373996,
    "r"
  ],
  [
    12.644958186810904,
    2.3798530206383486,
    225.09420882353476,
    "r"
  ],
  [
    12.705792623360793,
    2.442105497477685,
    223.58013218629458,
    "r"
  ],
  [
    12.764820941479057,
    2.5058251319607603,
    222.03732655949358,
    "r"
  ],
  [
    12.822016276108695,
    2.5710328669521054,
    220.46772822504494,
    "r"
  ],
  [
    12.877351762192724,
    2.6377496453162554,
    218.8735042734737,
    "r"
  ],
  [
    12.930800534674148,
    2.7059964099177414,
    217.25704361719573,
    "r"
  ],
  [
    12.982335728495979,
    2.775794103621097,
    215.62094327692785,
    "r"
  ],
  [
    13.031930478601222,
    2.8471636692908557,
    213.9679899260069,
    "r"
  ],
  [
    13.079557919932885,
    2.9201260497915493,
    212.30113686105847,
    "r"
  ],
  [
    13.125191187433979,
    2.9947021879877123,
    210.6234767602973,
    "r"
  ],
  [
    13.168803416047513,
    3.0709130267438756,
    208.93821078067822,
    "r"
  ],
  [
    13.21036774071649,
    3.148779508924574,
    207.24861471904626,
    "r"
  ],
  [
    13.249857296383926,
    3.22832257739434,
    205.55800310749464,
    "r"
  ],
  [
    13.287245217992824,
    3.309563175017706,
    203.8696922180381,
    "r"
  ],
  [
    13.322504640486196,
    3.3925222446592063,
    202.18696300800116,
    "r"
  ],
  [
    13.355608698807044,
    3.4772207291833714,
    200.51302504058128,
    "r"
  ],
  [
    13.386530527898387,
    3.563679571454737,
    198.85098236461533,
    "r"
  ],
  [
    13.415243262703225,
    3.6519197143378337,
    197.20380223781495,
    "r"
  ],
  [
    13.441720038164567,
    3.741962100697195,
    195.57428743669266,
    "r"
  ],
  [
    13.465933989225425,
    3.8338276733973564,
    193.96505272510439,
    "r"
  ],
  [
    13.487858250828808,
    3.9275373753028475,
    192.37850586454255,
    "r"
  ],
  [
    13.507465957917718,
    4.023112149278203,
    190.81683335616424,
    "r"
  ],
  [
    13.524730245435173,
    4.120572938187955,
    189.28199091928866,
    "r"
  ],
  [
    13.539624248324172,
    4.219940684896638,
    187.77569854408023,
    "r"
  ],
  [
    13.552121101527732,
    4.321236332268782,
    186.29943981508984,
    "r"
  ],
  [
    13.562193939988852,
    4.424480823168922,
    184.8544650920486,
    "r"
  ],
  [
    13.569815898650548,
    4.529695100461593,
    183.44179805672002,
    "r"
  ],
  [
    13.574960112455823,
    4.636900107011323,
    182.062245089064,
    "r"
  ],
  [
    13.577599716347692,
    4.74611678568265,
    180.71640691974443,
    "r"
  ],
  [
    13.577707845269158,
    4.857366079340103,
    179.4046920149916,
    "r"
  ],
  [
    13.575257634163234,
    4.970668930848216,
    178.1273311790319,
    "r"
  ],
  [
    13.570222217972923,
    5.086046283071525,
    176.88439290350857,
    "r"
  ],
  [
    13.562574731641238,
    5.2035190788745584,
    175.67579904746356,
    "r"
  ],
  [
    13.552288310111186,
    5.323108261121852,
    174.5013404909988,
    "r"
  ],
  [
    13.552288310111186,
    5.323108261121852,
    174.5013404909988,
    "r"
  ],
  [
    13.540848263382793,
    5.44194683164952,
    174.5013404909988,
    "r"
  ],
  [
    13.529753071225068,
    5.557203072035419,
    174.5013404909988,
    "r"
  ],
  [
    13.518995623234497,
    5.6689508447567025,
    174.5013404909988,
    "r"
  ],
  [
    13.508568809007556,
    5.777264012290516,
    174.5013404909988,
    "r"
  ],
  [
    13.49846551814073,
    5.882216437114012,
    174.5013404909988,
    "r"
  ],
  [
    13.4886786402305,
    5.983881981704343,
    174.5013404909988,
    "r"
  ],
  [
    13.47920106487334,
    6.082334508538652,
    174.5013404909988,
    "r"
  ],
  [
    13.470025681665742,
    6.177647880094097,
    174.5013404909988,
    "r"
  ],
  [
    13.461145380204174,
    6.269895958847819,
    174.5013404909988,
    "r"
  ],
  [
    13.452553050085129,
    6.359152607276975,
    174.5013404909988,
    "r"
  ],
  [
    13.444241580905079,
    6.44549168785871,
    174.5013404909988,
    "r"
  ],
  [
    13.436203862260518,
    6.528987063070179,
    174.5013404909988,
    "r"
  ],
  [
    13.428432783747914,
    6.609712595388529,
    174.5013404909988,
    "r"
  ],
  [
    13.420921234963748,
    6.687742147290907,
    174.5013404909988,
    "r"
  ],
  [
    13.413662105504509,
    6.763149581254469,
    174.5013404909988,
    "r"
  ],
  [
    13.406648284966671,
    6.836008759756357,
    174.5013404909988,
    "r"
  ],
  [
    13.399872662946724,
    6.906393545273728,
    174.5013404909988,
    "r"
  ],
  [
    13.393328129041139,
    6.974377800283728,
    174.5013404909988,
    "r"
  ],
  [
    13.387007572846404,
    7.04003538726351,
    174.5013404909988,
    "r"
  ],
  [
    13.380903883959,
    7.103440168690222,
    174.5013404909988,
    "r"
  ],
  [
    13.375009951975398,
    7.16466600704101,
    174.5013404909988,
    "r"
  ],
  [
    13.369318666492095,
    7.223786764793031,
    174.5013404909988,
    "r"
  ],
  [
    13.363822917105553,
    7.280876304423428,
    174.5013404909988,
    "r"
  ],
  [
    13.358515593412273,
    7.336008488409357,
    174.5013404909988,
    "r"
  ],
  [
    13.35338958500872,
    7.389257179227963,
    174.5013404909988,
    "r"
  ],
  [
    13.34843778149139,
    7.4406962393564005,
    174.5013404909988,
    "r"
  ],
  [
    13.343653072456755,
    7.490399531271817,
    174.5013404909988,
    "r"
  ],
  [
    13.339028347501289,
    7.538440917451359,
    174.5013404909988,
    "r"
  ],
  [
    13.334556496221484,
    7.584894260372181,
    174.5013404909988,
    "r"
  ],
  [
    13.33023040821382,
    7.629833422511433,
    174.5013404909988,
    "r"
  ],
  [
    13.326042973074774,
    7.673332266346257,
    174.5013404909988,
    "r"
  ],
  [
    13.321987080400827,
    7.715464654353813,
    174.5013404909988,
    "r"
  ],
  [
    13.318055619788467,
    7.756304449011248,
    174.5013404909988,
    "r"
  ],
  [
    13.314241480834168,
    7.79592551279571,
    174.5013404909988,
    "r"
  ],
  [
    13.310537553134411,
    7.834401708184348,
    174.5013404909988,
    "r"
  ],
  [
    13.30693672628568,
    7.871806897654315,
    174.5013404909988,
    "r"
  ],
  [
    13.303431889884457,
    7.908214943682759,
    174.5013404909988,
    "r"
  ],
  [
    13.300015933527218,
    7.943699708746827,
    174.5013404909988,
    "r"
  ],
  [
    13.296681746810446,
    7.978335055323672,
    174.5013404909988,
    "r"
  ],
  [
    13.29342221933063,
    8.012194845890448,
    174.5013404909988,
    "r"
  ],
  [
    13.290230240684242,
    8.045352942924298,
    174.5013404909988,
    "r"
  ],
  [
    13.287098700467759,
    8.077883208902374,
    174.5013404909988,
    "r"
  ],
  [
    13.284020488277674,
    8.109859506301826,
    174.5013404909988,
    "r"
  ],
  [
    13.280988493710465,
    8.141355697599806,
    174.5013404909988,
    "r"
  ],
  [
    13.277995606362602,
    8.172445645273461,
    174.5013404909988,
    "r"
  ],
  [
    13.275034715830575,
    8.20320321179994,
    174.5013404909988,
    "r"
  ],
  [
    13.27209871171087,
    8.233702259656395,
    174.5013404909988,
    "r"
  ],
  [
    13.269180483599962,
    8.264016651319977,
    174.5013404909988,
    "r"
  ],
  [
    13.26627292109433,
    8.294220249267832,
    174.5013404909988,
    "r"
  ],
  [
    13.26336891379046,
    8.324386915977115,
    174.5013404909988,
    "r"
  ],
  [
    13.26046135128483,
    8.35459051392497,
    174.5013404909988,
    "r"
  ],
  [
    13.257543123173917,
    8.384904905588552,
    174.5013404909988,
    "r"
  ],
  [
    13.25460711905421,
    8.415403953445008,
    174.5013404909988,
    "r"
  ],
  [
    13.251646228522185,
    8.446161519971488,
    174.5013404909988,
    "r"
  ],
  [
    13.248653341174329,
    8.477251467645143,
    174.5013404909988,
    "r"
  ],
  [
    13.245621346607116,
    8.508747658943122,
    174.5013404909988,
    "r"
  ],
  [
    13.24254313441703,
    8.540723956342573,
    174.5013404909988,
    "r"
  ],
  [
    13.23941159420055,
    8.573254222320651,
    174.5013404909988,
    "r"
  ],
  [
    13.236219615554159,
    8.6064123193545,
    174.5013404909988,
    "r"
  ],
  [
    13.232960088074337,
    8.640272109921275,
    174.5013404909988,
    "r"
  ],
  [
    13.22962590135757,
    8.674907456498122,
    174.5013404909988,
    "r"
  ],
  [
    13.226209945000333,
    8.710392221562191,
    174.5013404909988,
    "r"
  ],
  [
    13.222705108599108,
    8.746800267590636,
    174.5013404909988,
    "r"
  ],
  [
    13.219104281750377,
    8.784205457060601,
    174.5013404909988,
    "r"
  ],
  [
    13.215400354050622,
    8.822681652449239,
    174.5013404909988,
    "r"
  ],
  [
    13.211586215096322,
    8.862302716233701,
    174.5013404909988,
    "r"
  ],
  [
    13.20765475448396,
    8.903142510891135,
    174.5013404909988,
    "r"
  ],
  [
    13.203598861810015,
    8.94527489889869,
    174.5013404909988,
    "r"
  ],
  [
    13.19941142667097,
    8.988773742733517,
    174.5013404909988,
    "r"
  ],
  [
    13.195085338663304,
    9.033712904872768,
    174.5013404909988,
    "r"
  ],
  [
    13.1906134873835,
    9.080166247793592,
    174.5013404909988,
    "r"
  ],
  [
    13.185988762428039,
    9.128207633973133,
    174.5013404909988,
    "r"
  ],
  [
    13.1812040533934,
    9.177910925888549,
    174.5013404909988,
    "r"
  ],
  [
    13.176252249876065,
    9.229349986016985,
    174.5013404909988,
    "r"
  ],
  [
    13.171126241472518,
    9.282598676835592,
    174.5013404909988,
    "r"
  ],
  [
    13.165818917779232,
    9.33773086082152,
    174.5013404909988,
    "r"
  ],
  [
    13.160323168392697,
    9.39482040045192,
    174.5013404909988,
    "r"
  ],
  [
    13.15463188290939,
    9.45394115820394,
    174.5013404909988,
    "r"
  ],
  [
    13.148737950925792,
    9.515166996554731,
    174.5013404909988,
    "r"
  ],
  [
    13.142634262038385,
    9.578571777981441,
    174.5013404909988,
    "r"
  ],
  [
    13.13631370584365,
    9.644229364961221,
    174.5013404909988,
    "r"
  ],
  [
    13.129769171938065,
    9.712213619971223,
    174.5013404909988,
    "r"
  ],
  [
    13.122993549918117,
    9.782598405488592,
    174.5013404909988,
    "r"
  ],
  [
    13.11597972938028,
    9.855457583990482,
    174.5013404909988,
    "r"
  ],
  [
    13.10872059992104,
    9.930865017954043,
    174.5013404909988,
    "r"
  ],
  [
    13.101209051136879,
    10.008894569856421,
    174.5013404909988,
    "r"
  ],
  [
    13.093437972624272,
    10.08962010217477,
    174.5013404909988,
    "r"
  ],
  [
    13.085400253979707,
    10.173115477386238,
    174.5013404909988,
    "r"
  ],
  [
    13.07708878479966,
    10.259454557967976,
    174.5013404909988,
    "r"
  ],
  [
    13.068496454680613,
    10.34871120639713,
    174.5013404909988,
    "r"
  ],
  [
    13.05961615321905,
    10.440959285150855,
    174.5013404909988,
    "r"
  ],
  [
    13.050440770011448,
    10.536272656706299,
    174.5013404909988,
    "r"
  ],
  [
    13.040963194654289,
    10.634725183540608,
    174.5013404909988,
    "r"
  ],
  [
    13.031176316744057,
    10.736390728130937,
    174.5013404909988,
    "r"
  ],
  [
    13.02107302587723,
    10.841343152954432,
    174.5013404909988,
    "r"
  ],
  [
    13.010646211650291,
    10.949656320488248,
    174.5013404909988,
    "r"
  ],
  [
    12.999888763659717,
    11.06140409320953,
    174.5013404909988,
    "r"
  ],
  [
    12.988793571501997,
    11.176660333595432,
    174.5013404909988,
    "r"
  ],
  [
    12.977353524773605,
    11.295498904123097,
    174.5013404909988,
    "r"
  ],
  [
    12.977353524773605,
    11.295498904123097,
    174.5013404909988,
    "r"
  ],
  [
    12.96594261094852,
    11.414034843667999,
    174.5013404909988,
    "r"
  ],
  [
    12.954934027455879,
    11.528391398047502,
    174.5013404909988,
    "r"
  ],
  [
    12.94431947882492,
    11.638654740151622,
    174.5013404909988,
    "r"
  ],
  [
    12.93409066958486,
    11.744911042870363,
    174.5013404909988,
    "r"
  ],
  [
    12.924239304264935,
    11.847246479093727,
    174.5013404909988,
    "r"
  ],
  [
    12.914757087394372,
    11.945747221711738,
    174.5013404909988,
    "r"
  ],
  [
    12.905635723502392,
    12.040499443614388,
    174.5013404909988,
    "r"
  ],
  [
    12.896866917118231,
    12.131589317691693,
    174.5013404909988,
    "r"
  ],
  [
    12.88844237277111,
    12.219103016833657,
    174.5013404909988,
    "r"
  ],
  [
    12.880353794990263,
    12.303126713930295,
    174.5013404909988,
    "r"
  ],
  [
    12.87259288830491,
    12.383746581871609,
    174.5013404909988,
    "r"
  ],
  [
    12.865151357244294,
    12.46104879354761,
    174.5013404909988,
    "r"
  ],
  [
    12.858020906337629,
    12.535119521848307,
    174.5013404909988,
    "r"
  ],
  [
    12.85119324011414,
    12.606044939663706,
    174.5013404909988,
    "r"
  ],
  [
    12.844660063103067,
    12.673911219883815,
    174.5013404909988,
    "r"
  ],
  [
    12.838413079833629,
    12.73880453539864,
    174.5013404909988,
    "r"
  ],
  [
    12.832443994835062,
    12.800811059098194,
    174.5013404909988,
    "r"
  ],
  [
    12.826744512636585,
    12.86001696387248,
    174.5013404909988,
    "r"
  ],
  [
    12.821306337767433,
    12.91650842261152,
    174.5013404909988,
    "r"
  ],
  [
    12.816121174756836,
    12.970371608205301,
    174.5013404909988,
    "r"
  ],
  [
    12.811180728134007,
    13.021692693543844,
    174.5013404909988,
    "r"
  ],
  [
    12.80647670242819,
    13.070557851517158,
    174.5013404909988,
    "r"
  ],
  [
    12.802000802168598,
    13.117053255015245,
    174.5013404909988,
    "r"
  ],
  [
    12.797744731884476,
    13.161265076928117,
    174.5013404909988,
    "r"
  ],
  [
    12.79370019610504,
    13.203279490145777,
    174.5013404909988,
    "r"
  ],
  [
    12.789858899359524,
    13.243182667558244,
    174.5013404909988,
    "r"
  ],
  [
    12.786212546177154,
    13.28106078205552,
    174.5013404909988,
    "r"
  ],
  [
    12.78275284108715,
    13.317000006527607,
    174.5013404909988,
    "r"
  ],
  [
    12.779471488618752,
    13.35108651386452,
    174.5013404909988,
    "r"
  ],
  [
    12.776360193301183,
    13.38340647695627,
    174.5013404909988,
    "r"
  ],
  [
    12.773410659663668,
    13.414046068692855,
    174.5013404909988,
    "r"
  ],
  [
    12.770614592235436,
    13.44309146196429,
    174.5013404909988,
    "r"
  ],
  [
    12.76796369554572,
    13.470628829660587,
    174.5013404909988,
    "r"
  ],
  [
    12.765449674123744,
    13.49674434467175,
    174.5013404909988,
    "r"
  ],
  [
    12.763064232498733,
    13.521524179887784,
    174.5013404909988,
    "r"
  ],
  [
    12.76079907519992,
    13.545054508198696,
    174.5013404909988,
    "r"
  ],
  [
    12.75864590675653,
    13.567421502494506,
    174.5013404909988,
    "r"
  ],
  [
    12.756596431697792,
    13.588711335665208,
    174.5013404909988,
    "r"
  ],
  [
    12.75464235455293,
    13.609010180600816,
    174.5013404909988,
    "r"
  ],
  [
    12.752775379851183,
    13.628404210191343,
    174.5013404909988,
    "r"
  ],
  [
    12.750987212121768,
    13.646979597326792,
    174.5013404909988,
    "r"
  ],
  [
    12.749269555893912,
    13.664822514897166,
    174.5013404909988,
    "r"
  ],
  [
    12.747614115696852,
    13.682019135792483,
    174.5013404909988,
    "r"
  ],
  [
    12.746012596059812,
    13.69865563290275,
    174.5013404909988,
    "r"
  ],
  [
    12.744456701512012,
    13.714818179117968,
    174.5013404909988,
    "r"
  ],
  [
    12.742938136582687,
    13.730592947328146,
    174.5013404909988,
    "r"
  ],
  [
    12.74144860580107,
    13.746066110423303,
    174.5013404909988,
    "r"
  ],
  [
    12.739979813696381,
    13.761323841293438,
    174.5013404909988,
    "r"
  ],
  [
    12.73852346479785,
    13.776452312828557,
    174.5013404909988,
    "r"
  ],
  [
    12.737071263634709,
    13.791537697918676,
    174.5013404909988,
    "r"
  ],
  [
    12.735614914736177,
    13.806666169453797,
    174.5013404909988,
    "r"
  ],
  [
    12.734146122631486,
    13.82192390032393,
    174.5013404909988,
    "r"
  ],
  [
    12.732656591849867,
    13.837397063419084,
    174.5013404909988,
    "r"
  ],
  [
    12.731138026920544,
    13.853171831629265,
    174.5013404909988,
    "r"
  ],
  [
    12.729582132372748,
    13.869334377844487,
    174.5013404909988,
    "r"
  ],
  [
    12.727980612735708,
    13.885970874954747,
    174.5013404909988,
    "r"
  ],
  [
    12.726325172538646,
    13.903167495850065,
    174.5013404909988,
    "r"
  ],
  [
    12.72460751631079,
    13.921010413420444,
    174.5013404909988,
    "r"
  ],
  [
    12.722819348581375,
    13.939585800555893,
    174.5013404909988,
    "r"
  ],
  [
    12.720952373879623,
    13.958979830146413,
    174.5013404909988,
    "r"
  ],
  [
    12.718998296734766,
    13.979278675082027,
    174.5013404909988,
    "r"
  ],
  [
    12.716948821676027,
    14.00056850825273,
    174.5013404909988,
    "r"
  ],
  [
    12.714795653232638,
    14.022935502548536,
    174.5013404909988,
    "r"
  ],
  [
    12.712530495933825,
    14.04646583085945,
    174.5013404909988,
    "r"
  ],
  [
    12.710145054308814,
    14.071245666075486,
    174.5013404909988,
    "r"
  ],
  [
    12.707631032886837,
    14.097361181086642,
    174.5013404909988,
    "r"
  ],
  [
    12.70498013619712,
    14.124898548782939,
    174.5013404909988,
    "r"
  ],
  [
    12.70218406876889,
    14.153943942054376,
    174.5013404909988,
    "r"
  ],
  [
    12.699234535131376,
    14.184583533790965,
    174.5013404909988,
    "r"
  ],
  [
    12.696123239813806,
    14.216903496882713,
    174.5013404909988,
    "r"
  ],
  [
    12.692841887345407,
    14.250990004219625,
    174.5013404909988,
    "r"
  ],
  [
    12.689382182255407,
    14.286929228691715,
    174.5013404909988,
    "r"
  ],
  [
    12.685735829073034,
    14.324807343188988,
    174.5013404909988,
    "r"
  ],
  [
    12.681894532327515,
    14.364710520601452,
    174.5013404909988,
    "r"
  ],
  [
    12.677849996548083,
    14.406724933819117,
    174.5013404909988,
    "r"
  ],
  [
    12.673593926263957,
    14.450936755731988,
    174.5013404909988,
    "r"
  ],
  [
    12.669118026004371,
    14.497432159230076,
    174.5013404909988,
    "r"
  ],
  [
    12.664414000298551,
    14.546297317203388,
    174.5013404909988,
    "r"
  ],
  [
    12.659473553675726,
    14.597618402541931,
    174.5013404909988,
    "r"
  ],
  [
    12.654288390665123,
    14.651481588135715,
    174.5013404909988,
    "r"
  ],
  [
    12.64885021579597,
    14.707973046874748,
    174.5013404909988,
    "r"
  ],
  [
    12.643150733597496,
    14.767178951649038,
    174.5013404909988,
    "r"
  ],
  [
    12.63718164859893,
    14.829185475348593,
    174.5013404909988,
    "r"
  ],
  [
    12.630934665329491,
    14.89407879086342,
    174.5013404909988,
    "r"
  ],
  [
    12.624401488318417,
    14.961945071083528,
    174.5013404909988,
    "r"
  ],
  [
    12.617573822094933,
    15.032870488898928,
    174.5013404909988,
    "r"
  ],
  [
    12.610443371188266,
    15.106941217199624,
    174.5013404909988,
    "r"
  ],
  [
    12.603001840127645,
    15.184243428875622,
    174.5013404909988,
    "r"
  ],
  [
    12.595240933442295,
    15.264863296816939,
    174.5013404909988,
    "r"
  ],
  [
    12.587152355661447,
    15.348886993913576,
    174.5013404909988,
    "r"
  ],
  [
    12.578727811314327,
    15.436400693055543,
    174.5013404909988,
    "r"
  ],
  [
    12.569959004930165,
    15.527490567132848,
    174.5013404909988,
    "r"
  ],
  [
    12.560837641038185,
    15.622242789035496,
    174.5013404909988,
    "r"
  ],
  [
    12.551355424167621,
    15.720743531653502,
    174.5013404909988,
    "r"
  ],
  [
    12.541504058847696,
    15.82307896787687,
    174.5013404909988,
    "r"
  ],
  [
    12.531275249607639,
    15.929335270595612,
    174.5013404909988,
    "r"
  ],
  [
    12.520660700976675,
    16.039598612699727,
    174.5013404909988,
    "r"
  ],
  [
    12.50965211748404,
    16.153955167079232,
    174.5013404909988,
    "r"
  ],
  [
    12.498241203658953,
    16.272491106624134,
    174.5013404909988,
    "r"
  ]
]