[
  [
    -0.18,
    -6.54,
    2.86099999999999,
    "r"
  ],
  [
    -0.18598957460476864,
    -6.65985042760063,
    2.86099999999999,
    "r"
  ],
  [
    -0.19197914920953732,
    -6.77970085520126,
    2.86099999999999,
    "r"
  ],
  [
    -0.19796872381430597,
    -6.899551282801891,
    2.86099999999999,
    "r"
  ],
  [
    -0.20395829841907465,
    -7.019401710402521,
    2.86099999999999,
    "r"
  ],
  [
    -0.20994787302384327,
    -7.139252138003151,
    2.86099999999999,
    "r"
  ],
  [
    -0.21593744762861194,
    -7.259102565603781,
    2.86099999999999,
    "r"
  ],
  [
    -0.2219270222333806,
    -7.378952993204412,
    2.86099999999999,
    "r"
  ],
  [
    -0.22791659683814927,
    -7.498803420805042,
    2.86099999999999,
    "r"
  ],
  [
    -0.23390617144291792,
    -7.618653848405671,
    2.86099999999999,
    "r"
  ],
  [
    -0.2398957460476866,
    -7.738504276006302,
    2.86099999999999,
    "r"
  ],
  [
    -0.24588532065245522,
    -7.858354703606933,
    2.86099999999999,
    "r"
  ],
  [
    -0.2518748952572239,
    -7.978205131207562,
    2.86099999999999,
    "r"
  ],
  [
    -0.2578644698619925,
    -8.098055558808193,
    2.86099999999999,
    "r"
  ],
  [
    -0.2638540444667612,
    -8.217905986408823,
    2.86099999999999,
    "r"
  ],
  [
    -0.2698436190715298,
    -8.337756414009453,
    2.86099999999999,
    "r"
  ],
  [
    -0.27583319367629855,
    -8.457606841610083,
    2.86099999999999,
    "r"
  ],
  [
    -0.28182276828106717,
    -8.577457269210713,
    2.86099999999999,
    "r"
  ],
  [
    -0.2878123428858358,
    -8.697307696811343,
    2.86099999999999,
    "r"
  ],
  [
    -0.2938019174906045,
    -8.817158124411973,
    2.86099999999999,
    "r"
  ],
  [
    -0.29979149209537315,
    -8.937008552012605,
    2.86099999999999,
    "r"
  ],
  [
    -0.30578106670014177,
    -9.056858979613235,
    2.86099999999999,
    "r"
  ],
  [
    -0.31177064130491045,
    -9.176709407213865,
    2.86099999999999,
    "r"
  ],
  [
    -0.3177602159096791,
    -9.296559834814495,
    2.86099999999999,
    "r"
  ],
  [
    -0.32374979051444774,
    -9.416410262415123,
    2.86099999999999,
    "r"
  ],
  [
    -0.3297393651192164,
    -9.536260690015755,
    2.86099999999999,
    "r"
  ],
  [
    -0.33919366233443626,
    -9.723687164484554,
    8.20362010176093,
    "r"
  ],
  [
    -0.34890189917878583,
    -9.91294684899839,
    13.47452826600409,
    "r"
  ],
  [
    -0.3588427191405674,
    -10.103997772669649,
    18.674209032847834,
    "r"
  ],
  [
    -0.3689947657080833,
    -10.296797964610693,
    23.803146942410528,
    "r"
  ],
  [
    -0.37933668236963586,
    -10.491305453933895,
    28.861826534810536,
    "r"
  ],
  [
    -0.38984711261352717,
    -10.687478269751631,
    33.85073235016622,
    "r"
  ],
  [
    -0.4005046999280596,
    -10.885274441176266,
    38.77034892859593,
    "r"
  ],
  [
    -0.41128808780153564,
    -11.084651997320178,
    43.62116081021804,
    "r"
  ],
  [
    -0.42217591972225743,
    -11.285568967295735,
    48.40365253515092,
    "r"
  ],
  [
    -0.4331468391785272,
    -11.487983380215308,
    53.11830864351293,
    "r"
  ],
  [
    -0.4441794896586473,
    -11.691853265191272,
    57.765613675422436,
    "r"
  ],
  [
    -0.45525251465092,
    -11.897136651335996,
    62.34605217099779,
    "r"
  ],
  [
    -0.4663445576436476,
    -12.103791567761858,
    66.86010867035736,
    "r"
  ],
  [
    -0.47743426212513224,
    -12.311776043581219,
    71.30826771361953,
    "r"
  ],
  [
    -0.4885002715836764,
    -12.521048107906454,
    75.69101384090261,
    "r"
  ],
  [
    -0.4995212295075824,
    -12.73156578984994,
    80.00883159232504,
    "r"
  ],
  [
    -0.5104757793851523,
    -12.943287118524042,
    84.26220550800512,
    "r"
  ],
  [
    -0.5213425647046883,
    -13.156170123041132,
    88.45162012806118,
    "r"
  ],
  [
    -0.5321002289544932,
    -13.37017283251359,
    92.57755999261174,
    "r"
  ],
  [
    -0.5427274156228687,
    -13.58525327605378,
    96.640509641775,
    "r"
  ],
  [
    -0.5532027681981175,
    -13.801369482774076,
    100.64095361566939,
    "r"
  ],
  [
    -0.5635049301685418,
    -14.018479481786848,
    104.5793764544133,
    "r"
  ],
  [
    -0.5736125450224437,
    -14.236541302204468,
    108.45626269812504,
    "r"
  ],
  [
    -0.5835042562481257,
    -14.45551297313931,
    112.27209688692297,
    "r"
  ],
  [
    -0.59315870733389,
    -14.675352523703745,
    116.02736356092551,
    "r"
  ],
  [
    -0.6025545417680389,
    -14.896017983010147,
    119.722547260251,
    "r"
  ],
  [
    -0.6116704030388745,
    -15.117467380170876,
    123.35813252501778,
    "r"
  ],
  [
    -0.6204849346346994,
    -15.339658744298319,
    126.93460389534424,
    "r"
  ],
  [
    -0.6289767800438155,
    -15.562550104504831,
    130.4524459113487,
    "r"
  ],
  [
    -0.6371245827545257,
    -15.786099489902805,
    133.91214311314957,
    "r"
  ],
  [
    -0.6449069862551314,
    -16.010264929604595,
    137.31418004086518,
    "r"
  ],
  [
    -0.6523026340339356,
    -16.235004452722578,
    140.6590412346139,
    "r"
  ],
  [
    -0.6592901695792405,
    -16.460276088369127,
    143.94721123451419,
    "r"
  ],
  [
    -0.6658482363793482,
    -16.686037865656612,
    147.17917458068428,
    "r"
  ],
  [
    -0.6719554779225609,
    -16.91224781369741,
    150.3554158132426,
    "r"
  ],
  [
    -0.6775905376971811,
    -17.13886396160388,
    153.47641947230744,
    "r"
  ],
  [
    -0.6827320591915113,
    -17.365844338488408,
    156.54267009799725,
    "r"
  ],
  [
    -0.687358685893853,
    -17.59314697346336,
    159.5546522304304,
    "r"
  ],
  [
    -0.6914490612925093,
    -17.820729895641108,
    162.51285040972522,
    "r"
  ],
  [
    -0.6949818288757819,
    -18.048551134134016,
    165.41774917599997,
    "r"
  ],
  [
    -0.6979356321319736,
    -18.27656871805447,
    168.2698330693732,
    "r"
  ],
  [
    -0.7002891145493862,
    -18.50474067651482,
    171.0695866299631,
    "r"
  ],
  [
    -0.7020209196163225,
    -18.733025038627467,
    173.81749439788823,
    "r"
  ],
  [
    -0.7031096908210842,
    -18.96137983350476,
    176.51404091326683,
    "r"
  ],
  [
    -0.703534071651974,
    -19.18976309025908,
    179.15971071621723,
    "r"
  ],
  [
    -0.703272705597294,
    -19.418132838002798,
    181.75498834685783,
    "r"
  ],
  [
    -0.7023042361453466,
    -19.646447105848278,
    184.30035834530702,
    "r"
  ],
  [
    -0.7006073067844341,
    -19.874663922907903,
    186.79630525168312,
    "r"
  ],
  [
    -0.6981605610028586,
    -20.102741318294036,
    189.24331360610455,
    "r"
  ],
  [
    -0.6949426422889227,
    -20.330637321119063,
    191.6418679486897,
    "r"
  ],
  [
    -0.6909321941309281,
    -20.558309960495322,
    193.99245281955675,
    "r"
  ],
  [
    -0.6861078600171779,
    -20.785717265535226,
    196.2955527588243,
    "r"
  ],
  [
    -0.6804482834359735,
    -21.01281726535112,
    198.55165230661052,
    "r"
  ],
  [
    -0.6739321078756183,
    -21.23956798905539,
    200.7612360030339,
    "r"
  ],
  [
    -0.6665379768244133,
    -21.465927465760394,
    202.92478838821276,
    "r"
  ],
  [
    -0.6582445337706617,
    -21.691853724578518,
    205.04279400226545,
    "r"
  ],
  [
    -0.6490304222026653,
    -21.917304794622122,
    207.11573738531038,
    "r"
  ],
  [
    -0.6388742856087268,
    -22.14223870500358,
    209.14410307746581,
    "r"
  ],
  [
    -0.6277547674771482,
    -22.36661348483527,
    211.1283756188502,
    "r"
  ],
  [
    -0.6156505112962316,
    -22.590387163229558,
    213.06903954958193,
    "r"
  ],
  [
    -0.60254016055428,
    -22.81351776929882,
    214.96657940977929,
    "r"
  ],
  [
    -0.5884023587395946,
    -23.035963332155422,
    216.82147973956066,
    "r"
  ],
  [
    -0.5732157493404791,
    -23.257681880911736,
    218.63422507904448,
    "r"
  ],
  [
    -0.5569589758452342,
    -23.478631444680133,
    220.4052999683489,
    "r"
  ],
  [
    -0.5396106817421639,
    -23.698770052573003,
    222.1351889475926,
    "r"
  ],
  [
    -0.5211495105195685,
    -23.918055733702683,
    223.82437655689367,
    "r"
  ],
  [
    -0.5015541056657519,
    -24.136446517181575,
    225.4733473363707,
    "r"
  ],
  [
    -0.4808031106690156,
    -24.35390043212204,
    227.0825858261418,
    "r"
  ],
  [
    -0.45887516901766234,
    -24.570375507636438,
    228.65257656632556,
    "r"
  ],
  [
    -0.4357489241999941,
    -24.785829772837165,
    230.1838040970402,
    "r"
  ],
  [
    -0.41140301970431337,
    -25.000221256836575,
    231.67675295840414,
    "r"
  ],
  [
    -0.3858160990189222,
    -25.21350798874704,
    233.13190769053568,
    "r"
  ],
  [
    -0.35896680563212224,
    -25.425647997680937,
    234.5497528335533,
    "r"
  ],
  [
    -0.33083378303221767,
    -25.636599312750644,
    235.9307729275754,
    "r"
  ],
  [
    -0.3013956747075096,
    -25.846319963068513,
    237.27545251272014,
    "r"
  ],
  [
    -0.2706311241462991,
    -26.054767977746938,
    238.584276129106,
    "r"
  ],
  [
    -0.23851877483689032,
    -26.261901385898273,
    239.8577283168513,
    "r"
  ],
  [
    -0.20503727026758534,
    -26.467678216634898,
    241.0962936160745,
    "r"
  ],
  [
    -0.17016525392668558,
    -26.672056499069186,
    242.3004565668939,
    "r"
  ],
  [
    -0.13388136930249384,
    -26.874994262313507,
    243.4707017094278,
    "r"
  ],
  [
    -0.09616425988331256,
    -27.07644953548023,
    244.60751358379466,
    "r"
  ],
  [
    -0.05699256915744355,
    -27.276380347681727,
    245.71137673011285,
    "r"
  ],
  [
    -0.016344940613189474,
    -27.474744728030373,
    246.78277568850064,
    "r"
  ],
  [
    0.025799982261147436,
    -27.67150070563854,
    247.8221949990765,
    "r"
  ],
  [
    0.06946355597726539,
    -27.86660630961859,
    248.83011920195867,
    "r"
  ],
  [
    0.11466713704686171,
    -28.060019569082904,
    249.80703283726558,
    "r"
  ],
  [
    0.1614320819816335,
    -28.251698513143857,
    250.75342044511567,
    "r"
  ],
  [
    0.20977974729328008,
    -28.441601170913817,
    251.66976656562724,
    "r"
  ],
  [
    0.25973148949349745,
    -28.629685571505146,
    252.5565557389186,
    "r"
  ],
  [
    0.31130866509398425,
    -28.815909744030225,
    253.41427250510816,
    "r"
  ],
  [
    0.3645326306064378,
    -29.000231717601423,
    254.24340140431426,
    "r"
  ],
  [
    0.41942474254255613,
    -29.182609521331116,
    255.04442697665536,
    "r"
  ],
  [
    0.4760063574140365,
    -29.363001184331672,
    255.81783376224968,
    "r"
  ],
  [
    0.534298831732577,
    -29.54136473571546,
    256.56410630121565,
    "r"
  ],
  [
    0.5943235220098757,
    -29.71765820459486,
    257.2837291336716,
    "r"
  ],
  [
    0.6561017847576296,
    -29.891839620082237,
    257.97718679973605,
    "r"
  ],
  [
    0.7196549764875368,
    -30.063867011289965,
    258.6449638395272,
    "r"
  ],
  [
    0.785004453711295,
    -30.233698407330404,
    259.28754479316336,
    "r"
  ],
  [
    0.8521715729406025,
    -30.40129183731595,
    259.90541420076306,
    "r"
  ],
  [
    0.9211776906871558,
    -30.566605330358957,
    260.4990566024446,
    "r"
  ],
  [
    0.9920441634626533,
    -30.729596915571797,
    261.0689565383263,
    "r"
  ],
  [
    1.0647923477787922,
    -30.890224622066846,
    261.6155985485266,
    "r"
  ],
  [
    1.1394436001472708,
    -31.048446478956475,
    262.1394671731638,
    "r"
  ],
  [
    1.2160192770797864,
    -31.20422051535305,
    262.64104695235625,
    "r"
  ],
  [
    1.2945407350880371,
    -31.35750476036896,
    263.1208224262224,
    "r"
  ],
  [
    1.3750293306837207,
    -31.508257243116557,
    263.57927813488055,
    "r"
  ],
  [
    1.4575064203785344,
    -31.656435992708225,
    264.0168986184491,
    "r"
  ],
  [
    1.5419933606841765,
    -31.801999038256326,
    264.43416841704635,
    "r"
  ],
  [
    1.6285115081123442,
    -31.944904408873235,
    264.8315720707907,
    "r"
  ],
  [
    1.7170822191747355,
    -32.085110133671336,
    265.2095941198005,
    "r"
  ],
  [
    1.8077268503830493,
    -32.222574241762985,
    265.5687191041942,
    "r"
  ],
  [
    1.900466758248981,
    -32.35725476226055,
    265.90943156409,
    "r"
  ],
  [
    1.9953232992842287,
    -32.48910972427642,
    266.23221603960644,
    "r"
  ],
  [
    2.0923178300004914,
    -32.61809715692296,
    266.53755707086174,
    "r"
  ],
  [
    2.1914717069094656,
    -32.744175089312535,
    266.8259391979743,
    "r"
  ],
  [
    2.2928062865228505,
    -32.867301550557514,
    267.0978469610626,
    "r"
  ],
  [
    2.396342925352342,
    -32.98743456977028,
    267.3537649002448,
    "r"
  ],
  [
    2.5021029799096395,
    -33.1045321760632,
    267.5941775556395,
    "r"
  ],
  [
    2.6101078067064396,
    -33.21855239854865,
    267.8195694673648,
    "r"
  ],
  [
    2.7203787622544406,
    -33.329453266339,
    268.0304251755393,
    "r"
  ],
  [
    2.83293720306534,
    -33.43719280854661,
    268.22722922028123,
    "r"
  ],
  [
    2.947804485650835,
    -33.54172905428387,
    268.410466141709,
    "r"
  ],
  [
    3.065001966522626,
    -33.64302003266314,
    268.5806204799409,
    "r"
  ],
  [
    3.1845510021924075,
    -33.741023772796794,
    268.7381767750954,
    "r"
  ],
  [
    3.306472949171877,
    -33.8356983037972,
    268.8836195672908,
    "r"
  ],
  [
    3.4307891639727335,
    -33.92700165477674,
    269.01743339664546,
    "r"
  ],
  [
    3.5575210031066753,
    -34.014891854847775,
    269.1401028032778,
    "r"
  ],
  [
    3.6866898230854,
    -34.099326933122676,
    269.2521123273061,
    "r"
  ],
  [
    3.8183169804206036,
    -34.180264918713824,
    269.3539465088488,
    "r"
  ],
  [
    3.9524238316239857,
    -34.257663840733585,
    269.4460898880243,
    "r"
  ],
  [
    4.089031733207244,
    -34.331481728294335,
    269.52902700495076,
    "r"
  ],
  [
    4.228162041682075,
    -34.40167661050844,
    269.6032423997468,
    "r"
  ],
  [
    4.369836113560176,
    -34.46820651648827,
    269.6692206125306,
    "r"
  ],
  [
    4.514075305353249,
    -34.53102947534621,
    269.7274461834206,
    "r"
  ],
  [
    4.660900973572986,
    -34.59010351619462,
    269.7784036525352,
    "r"
  ],
  [
    4.810334474731087,
    -34.64538666814587,
    269.8225775599926,
    "r"
  ],
  [
    4.96239716533925,
    -34.69683696031233,
    269.8604524459114,
    "r"
  ],
  [
    5.117110401909172,
    -34.74441242180638,
    269.89251285040973,
    "r"
  ],
  [
    5.274495540952552,
    -34.7880710817404,
    269.9192433136061,
    "r"
  ],
  [
    5.434573938981087,
    -34.827770969226734,
    269.94112837561886,
    "r"
  ],
  [
    5.597366952506475,
    -34.86347011337778,
    269.95865257656635,
    "r"
  ],
  [
    5.762895938040412,
    -34.8951265433059,
    269.97230045656687,
    "r"
  ],
  [
    5.931182252094598,
    -34.92269828812346,
    269.98255655573894,
    "r"
  ],
  [
    6.10224725118073,
    -34.94614337694284,
    269.98990541420073,
    "r"
  ],
  [
    6.276112291810505,
    -34.96541983887641,
    269.9948315720708,
    "r"
  ],
  [
    6.452798730495625,
    -34.98048570303654,
    269.99781956946737,
    "r"
  ],
  [
    6.6323279237477815,
    -34.9912989985356,
    269.9993539465089,
    "r"
  ],
  [
    6.814721228078673,
    -34.997817754485965,
    269.9999192433136,
    "r"
  ],
  [
    7.0,
    -35.0,
    270.0,
    "r"
  ],
  [
    7.0,
    -35.0,
    270,
    "r"
  ],
  [
    7.12,
    -35.0,
    270,
    "r"
  ],
  [
    7.24,
    -35.0,
    270,
    "r"
  ],
  [
    7.36,
    -35.0,
    270,
    "r"
  ],
  [
    7.48,
    -35.0,
    270,
    "r"
  ],
  [
    7.6000000000000005,
    -35.0,
    270,
    "r"
  ],
  [
    7.720000000000001,
    -35.0,
    270,
    "r"
  ],
  [
    7.84,
    -35.0,
    270,
    "r"
  ],
  [
    7.960000000000001,
    -35.0,
    270,
    "r"
  ],
  [
    8.08,
    -35.0,
    270,
    "r"
  ],
  [
    8.2,
    -35.0,
    270,
    "r"
  ],
  [
    8.32,
    -35.0,
    270,
    "r"
  ],
  [
    8.44,
    -35.0,
    270,
    "r"
  ],
  [
    8.56,
    -35.0,
    270,
    "r"
  ],
  [
    8.68,
    -35.0,
    270,
    "r"
  ],
  [
    8.8,
    -35.0,
    270,
    "r"
  ],
  [
    8.92,
    -35.0,
    270,
    "r"
  ],
  [
    9.040000000000001,
    -35.0,
    270,
    "r"
  ],
  [
    9.16,
    -35.0,
    270,
    "r"
  ],
  [
    9.28,
    -35.0,
    270,
    "r"
  ],
  [
    9.4,
    -35.0,
    270,
    "r"
  ],
  [
    9.52,
    -35.0,
    270,
    "r"
  ],
  [
    9.64,
    -35.0,
    270,
    "r"
  ],
  [
    9.760000000000002,
    -35.0,
    270,
    "r"
  ],
  [
    9.879999999999999,
    -35.0,
    270,
    "r"
  ]
]