--start--
[5.17, -1.11]
[5.17, -1.11]
[5.17, -1.11]
[5.17, -1.11]
[5.25, -1.11]
[5.25, -1.11]
[5.42, -1.00]
[5.50, -1.00]
[5.66, -0.89]
[5.99, -0.67]
[6.24, -0.56]
[6.56, -0.33]
[7.06, -0.11]
[7.22, 0.00]
[7.47, 0.11]
[7.88, 0.22]
[8.20, 0.33]
[8.45, 0.45]
[8.78, 0.56]
[9.03, 0.67]
[9.27, 0.67]
[9.60, 0.78]
[9.93, 1.00]
[10.17, 1.00]
[10.50, 1.11]
[10.75, 1.22]
[11.08, 1.34]
[11.24, 1.45]
[11.57, 1.56]
[11.73, 1.67]
[12.06, 1.78]
[12.22, 1.89]
[12.39, 2.00]
[12.72, 2.12]
[12.96, 2.23]
[13.13, 2.45]
[13.37, 2.56]
[13.62, 2.78]
[13.78, 2.89]
[14.03, 3.12]
[14.19, 3.23]
[14.36, 3.45]
[14.60, 3.78]
[14.69, 3.90]
[14.85, 4.23]
[14.93, 4.45]
[15.10, 4.68]
[15.18, 5.01]
[15.26, 5.23]
[15.42, 5.45]
[15.42, 5.68]
[15.51, 6.01]
[15.59, 6.23]
[15.67, 6.57]
[15.75, 6.79]
[15.75, 6.90]
[15.84, 7.24]
[15.84, 7.46]
[15.92, 7.68]
[16.00, 8.02]
[16.00, 8.13]
[16.08, 8.46]
[16.08, 8.68]
[16.16, 8.91]
[16.16, 9.24]
[16.25, 9.46]
[16.25, 9.80]
[16.33, 10.02]
[16.33, 10.13]
[16.41, 10.46]
[16.41, 10.69]
[16.41, 10.69]
[16.41, 10.69]
[16.41, 10.69]
[16.41, 10.69]
[16.41, 10.69]
[16.41, 10.69]
[16.41, 10.69]
[16.41, 10.69]
[16.41, 10.69]
[16.41, 10.69]
[16.41, 10.69]
[16.49, 10.69]
[16.49, 10.69]
[16.49, 10.69]
[16.49, 10.69]
[16.49, 10.69]
[16.49, 10.69]
[16.49, 10.69]
[16.49, 10.69]
[16.49, 10.69]
[16.49, 10.69]
[16.49, 10.69]
[16.49, 10.69]
[16.49, 10.69]
[16.49, 10.69]
[16.49, 10.69]
[16.57, 10.69]
[16.57, 10.69]
[16.57, 10.69]
[16.57, 10.69]
[16.57, 10.69]
[16.57, 10.69]
[16.57, 10.69]
[16.57, 10.69]
[16.57, 10.69]
[16.57, 10.69]
[16.57, 10.69]
[16.66, 10.69]
[16.66, 10.69]
[16.66, 10.69]
[16.66, 10.69]
[16.66, 10.69]
[16.66, 10.69]
[16.66, 10.69]
[16.66, 10.69]
[16.66, 10.69]
[16.66, 10.69]
[16.66, 10.69]
[16.66, 10.69]
[16.66, 10.69]
[16.66, 10.69]
[16.66, 10.69]
[16.66, 10.69]
[16.66, 10.69]
[16.66, 10.69]
[16.66, 10.69]
[16.66, 10.69]
[16.66, 10.69]
[16.66, 10.69]
[16.66, 10.69]
[16.66, 10.69]
[16.66, 10.69]
[16.66, 10.69]
[16.66, 10.69]
--stop--
[16.66, 10.69]
[16.66, 10.69]
[16.66, 10.69]
[16.66, 10.69]
[16.66, 10.69]
[16.66, 10.69]
[16.66, 10.69]
[16.66, 10.69]
[16.66, 10.69]
[16.66, 10.69]
[16.66, 10.69]
[16.66, 10.69]
[16.66, 10.69]
[16.66, 10.69]
[16.66, 10.69]
[16.66, 10.69]
[16.66, 10.69]
[16.66, 10.69]
[16.66, 10.69]
[16.66, 10.69]
[16.66, 10.69]
