--start--
85.58
85.58
85.55
85.55
85.57
84.89
84.89
84.89
81.63
81.63
75.25
75.25
69.36
69.36
67.45
67.45
67.42
67.42
67.86
67.86
68.36
68.36
68.79
68.79
69.08
69.08
69.07
69.07
68.65
68.65
67.84
67.84
66.59
66.59
64.90
64.90
62.48
62.48
59.66
59.66
56.27
56.27
52.51
52.51
47.75
47.75
42.81
37.59
37.59
37.59
32.44
27.91
27.91
23.82
23.82
23.82
20.70
20.70
18.19
16.18
16.18
14.58
14.58
14.58
13.04
13.04
11.91
11.91
10.96
10.96
10.26
10.26
10.12
10.12
10.12
10.12
10.13
10.13
10.13
10.13
10.12
10.12
10.09
10.09
10.10
10.10
10.11
10.11
10.11
10.11
10.12
10.12
10.12
10.12
10.13
10.13
10.13
10.12
10.12
10.12
10.12
10.12
10.12
10.12
10.12
10.12
10.12
10.12
10.12
10.12
10.12
10.12
10.12
10.12
10.12
10.12
10.12
10.12
10.12
10.12
10.12
10.12
10.12
10.12
10.12
10.12
10.12
10.12
10.12
10.12
10.12
10.12
10.12
10.12
10.12
--stop--
10.12
10.12
10.12
10.12
10.12
10.12
10.12
10.12
10.12
10.12
10.12
10.12
10.12
10.12
10.12
10.12
10.12
10.12
10.12
10.12
10.12
