[
  [
    0.0,
    0.0,
    266.938
  ],
  [
    -0.18604444330970232,
    -0.010510653528384798,
    266.60116817961983
  ],
  [
    -0.3754549075905986,
    -0.022278762834946467,
    266.29406439460473
  ],
  [
    -0.568125623521003,
    -0.03523898582005721,
    266.01463826667407
  ],
  [
    -0.7639508217792301,
    -0.04932598038408926,
    265.76106210361905
  ],
  [
    -0.962824733043594,
    -0.06447440442741481,
    265.5317046587092
  ],
  [
    -1.1646415879924086,
    -0.08061891585040609,
    265.3251085548247
  ],
  [
    -1.369295617303989,
    -0.09769417255343534,
    265.1399708172128
  ],
  [
    -1.576681051656649,
    -0.11563483243687475,
    264.975126050446
  ],
  [
    -1.7866921217287028,
    -0.13437555340109647,
    264.82953187100344
  ],
  [
    -1.9992230581984651,
    -0.15385099334647284,
    264.702256269711
  ],
  [
    -2.2141680917442494,
    -0.17399581017337598,
    264.5924666303641
  ],
  [
    -2.4314214530443703,
    -0.19474466178217814,
    264.49942017413963
  ],
  [
    -2.650877372777143,
    -0.21603220607325158,
    264.42245563543554
  ],
  [
    -2.872430081620881,
    -0.23779310094696848,
    264.36098600484536
  ],
  [
    -3.095973810253898,
    -0.25996200430370087,
    264.31449220012894
  ],
  [
    -3.3214027893545097,
    -0.28247357404382134,
    264.28251754713807
  ],
  [
    -3.548611249601029,
    -0.30526246806770185,
    264.2646629704007
  ],
  [
    -3.777493421671771,
    -0.3282633442757147,
    264.2605828080376
  ],
  [
    -4.007943536245051,
    -0.35141086056823206,
    264.26998117835103
  ],
  [
    -4.23985582399918,
    -0.3746396748456261,
    264.2926088361839
  ],
  [
    -4.473124515612476,
    -0.39788444500826914,
    264.32826046630663
  ],
  [
    -4.70764384176325,
    -0.4210798289565334,
    264.37677236893137
  ],
  [
    -4.943308033129819,
    -0.444160484590791,
    264.4380204991805
  ],
  [
    -5.180011320390496,
    -0.46706106981141415,
    264.51191882814214
  ],
  [
    -5.417647934223595,
    -0.4897162425187751,
    264.5984179981793
  ],
  [
    -5.6561121053074315,
    -0.5120606606132463,
    264.69750424954276
  ],
  [
    -5.89529806432032,
    -0.5340289819951995,
    264.80919859917987
  ],
  [
    -6.135100041940573,
    -0.5555558645650074,
    264.9335562560235
  ],
  [
    -6.375412268846502,
    -0.5765759662230416,
    265.0706662600523
  ],
  [
    -6.61612897571643,
    -0.597023944869675,
    265.22065133510796
  ],
  [
    -6.8571443932286655,
    -0.6168344584052794,
    265.3836679478829
  ],
  [
    -7.098352752061523,
    -0.6359421647302272,
    265.55990656769546
  ],
  [
    -7.339648282893316,
    -0.6542817217448904,
    265.7495921236925
  ],
  [
    -7.5809252164023615,
    -0.6717877873496416,
    265.95298465798265
  ],
  [
    -7.8220777832669715,
    -0.6883950194448527,
    266.1703801749364
  ],
  [
    -8.063000214165463,
    -0.7040380759308958,
    266.4021116885072
  ],
  [
    -8.303586739776145,
    -0.7186516147081434,
    266.6485504709461
  ],
  [
    -8.543731590777337,
    -0.7321702936769677,
    266.91010750770386
  ],
  [
    -8.78332899784735,
    -0.7445287707377408,
    267.1872351646445
  ],
  [
    -9.022273191664503,
    -0.7556617037908349,
    267.48042907492425
  ],
  [
    -9.260458402907107,
    -0.7655037507366224,
    267.79023025400585
  ],
  [
    -9.497778862253474,
    -0.7739895694754753,
    268.1172274522609
  ],
  [
    -9.73412880038192,
    -0.781053817907766,
    268.4620597554228
  ],
  [
    -9.969402447970763,
    -0.7866311539338664,
    268.8254194437465
  ],
  [
    -10.203494035698313,
    -0.7906562354541489,
    269.2080551210471
  ],
  [
    -10.436297794242886,
    -0.7930637203689859,
    269.6107751247296
  ],
  [
    -10.667707954282793,
    -0.7937882665787495,
    270.03445122739663
  ],
  [
    -10.897618746496352,
    -0.7927645319838115,
    270.4800226394666
  ],
  [
    -11.125924401561877,
    -0.7899271744845446,
    270.94850032028546
  ],
  [
    -11.352519150157681,
    -0.785210851981321,
    271.44097160223333
  ],
  [
    -11.577297222962082,
    -0.778550222374513,
    271.95860512802517
  ],
  [
    -11.800152850653387,
    -0.7698799435644923,
    272.50265609542157
  ],
  [
    -12.020980263909918,
    -0.7591346734516318,
    273.07447179545085
  ],
  [
    -12.239673693409983,
    -0.7462490699363031,
    273.6754974194396
  ],
  [
    -12.4561273698319,
    -0.7311577909188787,
    274.3072820959759
  ],
  [
    -12.670235523853984,
    -0.7137954942997309,
    274.9714851005507
  ],
  [
    -12.881892386154545,
    -0.6940968379792317,
    275.66988215704197
  ],
  [
    -13.0909921874119,
    -0.6719964798577538,
    276.4043717202186
  ],
  [
    -13.297429158304364,
    -0.6474290778356686,
    277.1769810906421
  ],
  [
    -13.501097529510254,
    -0.620329289813349,
    277.98987216610146
  ],
  [
    -13.701891531707876,
    -0.5906317736911666,
    278.8453465751887
  ],
  [
    -13.89970539557555,
    -0.5582711873694943,
    279.74584986679366
  ],
  [
    -14.09443335179159,
    -0.5231821887487038,
    280.69397434206064
  ],
  [
    -14.285969631034309,
    -0.4852994357291676,
    281.6924600106705
  ],
  [
    -14.474208463982025,
    -0.44455758621125785,
    282.7441930294629
  ],
  [
    -14.659044081313047,
    -0.4008912980953467,
    283.8522008374172
  ],
  [
    -14.840370713705692,
    -0.3542352292818063,
    285.0196430371894
  ],
  [
    -15.018082591838272,
    -0.30452403767100933,
    286.24979689228957
  ],
  [
    -15.192073946389105,
    -0.2516923811633272,
    287.5460361164431
  ],
  [
    -15.362239008036502,
    -0.19567491765913309,
    288.9118014385134
  ],
  [
    -15.528472007458776,
    -0.13640630505879875,
    290.35056125012454
  ],
  [
    -15.690667175334248,
    -0.0738212012626962,
    291.8657605104118
  ],
  [
    -15.848718742341227,
    -0.00785426417119739,
    293.460756030923
  ],
  [
    -16.00252093915803,
    0.061559848315324794,
    295.1387363444188
  ],
  [
    -16.151967996462965,
    0.1344864782964985,
    296.9026246385542
  ],
  [
    -16.296954144934357,
    0.21099096787195132,
    298.7549637851224
  ],
  [
    -16.43737361525051,
    0.29113865914131115,
    300.69778339909647
  ],
  [
    -16.573120638089748,
    0.37499489420420595,
    302.7324501935877
  ],
  [
    -16.704089444130375,
    0.4626250151602632,
    304.8595047045506
  ],
  [
    -16.83017426405071,
    0.5540943641091107,
    307.0784897345331
  ],
  [
    -16.95126932852907,
    0.6494682831503765,
    309.3877785097597
  ],
  [
    -17.06726886824377,
    0.7488121143836879,
    311.78441333623726
  ],
  [
    -17.178067113873112,
    0.8521911999086735,
    314.26396810790715
  ],
  [
    -17.28355829609542,
    0.9596708818249589,
    316.82044985141243
  ],
  [
    -17.383636645589014,
    1.0713165022321753,
    319.4462549878067
  ],
  [
    -17.4781963930322,
    1.187193403229948,
    322.13219457402437
  ],
  [
    -17.56713176910329,
    1.3073669269179062,
    324.8675990636465
  ],
  [
    -17.650337004480612,
    1.4319024153956768,
    327.6405070707093
  ],
  [
    -17.727706329842466,
    1.5608652107628878,
    330.4379347105572
  ],
  [
    -17.799133975867168,
    1.6943206551191667,
    333.24621333879435
  ],
  [
    -17.864514173233037,
    1.8323340905641419,
    336.0513753193974
  ],
  [
    -17.923741152618387,
    1.974970859197441,
    338.83956132997093
  ],
  [
    -17.97670914470153,
    2.1222963031186914,
    341.597419873545
  ],
  [
    -18.023312380160778,
    2.2743757644275213,
    344.3124707001134
  ],
  [
    -18.063445089674453,
    2.431274585223558,
    346.9734085315685
  ],
  [
    -18.09700150392087,
    2.5930581076064283,
    349.5703308758453
  ],
  [
    -18.123875853578326,
    2.759791673675763,
    352.0948823926649
  ],
  [
    -18.143962369325152,
    2.9315406255311873,
    354.54031673696295
  ],
  [
    -18.157155281839664,
    3.1083703052723313,
    356.90148383148505
  ],
  [
    -18.16334882180016,
    3.29034605499882,
    359.1747553710938
  ],
  [
    -18.164501040687668,
    3.3703377209519654,
    359.1747548375175
  ],
  [
    -18.165653260312578,
    3.4503293868944884,
    359.17475431472036
  ],
  [
    -18.16680548065985,
    3.530321052826607,
    359.17475380270264
  ],
  [
    -18.167957701714442,
    3.6103127187485367,
    359.1747533014643
  ],
  [
    -18.1691099234613,
    3.690304384660495,
    359.1747528110053
  ],
  [
    -18.17026214588536,
    3.770296050562699,
    359.1747523313254
  ],
  [
    -18.17141436897159,
    3.8502877164553646,
    359.17475186242507
  ],
  [
    -18.172566592704953,
    3.93027938233871,
    359.174751404304
  ],
  [
    -18.17371881707036,
    4.0102710482129496,
    359.1747509569622
  ],
  [
    -18.174871042052793,
    4.090262714078301,
    359.17475052039975
  ],
  [
    -18.17602326763719,
    4.170254379934983,
    359.1747500946166
  ],
  [
    -18.17717549380851,
    4.25024604578321,
    359.17474967961283
  ],
  [
    -18.178327720551696,
    4.3302377116232,
    359.17474927538825
  ],
  [
    -18.179479947851704,
    4.410229377455169,
    359.17474888194306
  ],
  [
    -18.180632175693482,
    4.490221043279333,
    359.17474849927714
  ],
  [
    -18.181784404061986,
    4.570212709095911,
    359.17474812739056
  ],
  [
    -18.18293663294216,
    4.650204374905119,
    359.17474776628336
  ],
  [
    -18.184088862318962,
    4.730196040707175,
    359.1747474159555
  ],
  [
    -18.18524109217734,
    4.810187706502292,
    359.174747076407
  ],
  [
    -18.186393322502234,
    4.89017937229069,
    359.17474674763764
  ],
  [
    -18.187545553278607,
    4.970171038072584,
    359.17474642964777
  ],
  [
    -18.18869778449141,
    5.050162703848192,
    359.17474612243717
  ],
  [
    -18.18985001612559,
    5.13015436961773,
    359.1747458260059
  ],
  [
    -18.191002248166093,
    5.210146035381415,
    359.1747455403539
  ],
  [
    -18.19215448059788,
    5.290137701139464,
    359.17474526548114
  ],
  [
    -18.193306713405896,
    5.370129366892095,
    359.17474500138786
  ],
  [
    -18.194458946575093,
    5.450121032639522,
    359.1747447480738
  ],
  [
    -18.195611180090424,
    5.530112698381964,
    359.17474450553914
  ],
  [
    -18.19676341393683,
    5.6101043641196355,
    359.1747442737837
  ],
  [
    -18.197915648099276,
    5.690096029852755,
    359.17474405280757
  ],
  [
    -18.199067882562705,
    5.770087695581541,
    359.1747438426109
  ],
  [
    -18.200220117312067,
    5.850079361306207,
    359.17474364319344
  ],
  [
    -18.201372352332314,
    5.930071027026971,
    359.17474345455537
  ],
  [
    -18.2025245876084,
    6.01006269274405,
    359.17474327669663
  ],
  [
    -18.203676823125278,
    6.090054358457662,
    359.17474310961705
  ],
  [
    -18.20482905886789,
    6.1700460241680215,
    359.17474295331704
  ],
  [
    -18.205981294821193,
    6.250037689875345,
    359.1747428077962
  ],
  [
    -18.20713353097013,
    6.3300293555798515,
    359.1747426730547
  ],
  [
    -18.20828576729966,
    6.410021021281757,
    359.1747425490925
  ],
  [
    -18.20943800379473,
    6.490012686981278,
    359.17474243590965
  ],
  [
    -18.210590240440297,
    6.570004352678632,
    359.17474233350606
  ],
  [
    -18.211742477221303,
    6.649996018374033,
    359.17474224188186
  ],
  [
    -18.212894714122704,
    6.7299876840677015,
    359.17474216103693
  ],
  [
    -18.214046951129447,
    6.8099793497598515,
    359.17474209097134
  ],
  [
    -18.215199188226485,
    6.889971015450701,
    359.1747420316852
  ],
  [
    -18.21635142539877,
    6.9699626811404665,
    359.17474198317814
  ],
  [
    -18.217503662631252,
    7.049954346829366,
    359.17474194545053
  ],
  [
    -18.218655899908878,
    7.129946012517612,
    359.17474191850226
  ],
  [
    -18.21980813721661,
    7.209937678205428,
    359.1747419023333
  ],
  [
    -18.220960374539384,
    7.289929343893025,
    359.1747418969437
  ],
  [
    -18.22211261186216,
    7.369921009580622,
    359.17474190233315
  ],
  [
    -18.22326484916989,
    7.449912675268439,
    359.1747419185022
  ],
  [
    -18.224417086447517,
    7.529904340956685,
    359.1747419454506
  ],
  [
    -18.225569323680002,
    7.609896006645585,
    359.1747419831782
  ],
  [
    -18.226721560852287,
    7.689887672335351,
    359.17474203168524
  ],
  [
    -18.227873797949325,
    7.7698793380262,
    359.1747420909714
  ],
  [
    -18.229026034956068,
    7.849871003718351,
    359.174742161037
  ],
  [
    -18.23017827185747,
    7.929862669412019,
    359.17474224188186
  ],
  [
    -18.23133050863847,
    8.00985433510742,
    359.17474233350606
  ],
  [
    -18.232482745284038,
    8.089846000804773,
    359.17474243590965
  ],
  [
    -18.233634981779108,
    8.169837666504293,
    359.1747425490925
  ],
  [
    -18.23478721810864,
    8.249829332206199,
    359.1747426730547
  ],
  [
    -18.23593945425758,
    8.329820997910703,
    359.17474280779606
  ],
  [
    -18.23709169021088,
    8.40981266361803,
    359.17474295331704
  ],
  [
    -18.238243925953487,
    8.489804329328388,
    359.17474310961717
  ],
  [
    -18.239396161470363,
    8.569795995041998,
    359.17474327669663
  ],
  [
    -18.240548396746448,
    8.649787660759078,
    359.1747434545554
  ],
  [
    -18.241700631766697,
    8.729779326479843,
    359.17474364319344
  ],
  [
    -18.24285286651606,
    8.809770992204509,
    359.17474384261095
  ],
  [
    -18.24400510097949,
    8.889762657933295,
    359.1747440528076
  ],
  [
    -18.245157335141936,
    8.969754323666415,
    359.17474427378374
  ],
  [
    -18.246309568988345,
    9.049745989404085,
    359.17474450553914
  ],
  [
    -18.247461802503675,
    9.129737655146528,
    359.1747447480738
  ],
  [
    -18.248614035672873,
    9.209729320893956,
    359.1747450013878
  ],
  [
    -18.24976626848089,
    9.289720986646586,
    359.17474526548114
  ],
  [
    -18.250918500912675,
    9.369712652404635,
    359.1747455403538
  ],
  [
    -18.252070732953186,
    9.44970431816832,
    359.17474582600573
  ],
  [
    -18.253222964587362,
    9.52969598393786,
    359.17474612243717
  ],
  [
    -18.25437519580016,
    9.609687649713466,
    359.17474642964777
  ],
  [
    -18.255527426576535,
    9.689679315495361,
    359.1747467476377
  ],
  [
    -18.256679656901436,
    9.76967098128376,
    359.17474707640685
  ],
  [
    -18.25783188675981,
    9.849662647078878,
    359.1747474159555
  ],
  [
    -18.258984116136606,
    9.929654312880931,
    359.1747477662834
  ],
  [
    -18.260136345016782,
    10.00964597869014,
    359.17474812739056
  ],
  [
    -18.261288573385283,
    10.089637644506718,
    359.1747484992772
  ],
  [
    -18.262440801227065,
    10.169629310330883,
    359.17474888194306
  ],
  [
    -18.263593028527072,
    10.249620976162852,
    359.17474927538825
  ],
  [
    -18.264745255270256,
    10.32961264200284,
    359.1747496796129
  ],
  [
    -18.265897481441577,
    10.409604307851069,
    359.1747500946166
  ],
  [
    -18.267049707025976,
    10.48959597370775,
    359.17475052039987
  ],
  [
    -18.268201932008406,
    10.5695876395731,
    359.1747509569622
  ],
  [
    -18.269354156373822,
    10.649579305447341,
    359.1747514043039
  ],
  [
    -18.27050638010717,
    10.729570971330684,
    359.17475186242507
  ],
  [
    -18.271658603193398,
    10.809562637223351,
    359.1747523313257
  ],
  [
    -18.272810825617466,
    10.889554303125555,
    359.1747528110053
  ],
  [
    -18.273963047364322,
    10.969545969037512,
    359.1747533014643
  ],
  [
    -18.27511526841891,
    11.049537634959444,
    359.17475380270275
  ],
  [
    -18.276267488766187,
    11.129529300891562,
    359.1747543147204
  ],
  [
    -18.2774197083911,
    11.209520966834086,
    359.1747548375175
  ],
  [
    -18.27857192727861,
    11.28951263278723,
    359.1747553710938
  ],
  [
    -18.279724146166117,
    11.369504298740376,
    359.1747548375175
  ],
  [
    -18.28087636579103,
    11.4494959646829,
    359.1747543147204
  ],
  [
    -18.282028586138303,
    11.529487630615016,
    359.17475380270264
  ],
  [
    -18.283180807192895,
    11.609479296536948,
    359.1747533014643
  ],
  [
    -18.284333028939745,
    11.689470962448905,
    359.1747528110052
  ],
  [
    -18.285485251363813,
    11.76946262835111,
    359.1747523313255
  ],
  [
    -18.286637474450046,
    11.849454294243777,
    359.17475186242507
  ],
  [
    -18.2877896981834,
    11.929445960127122,
    359.1747514043039
  ],
  [
    -18.28894192254881,
    12.009437626001363,
    359.1747509569621
  ],
  [
    -18.290094147531242,
    12.089429291866715,
    359.1747505203996
  ],
  [
    -18.29124637311564,
    12.169420957723393,
    359.1747500946165
  ],
  [
    -18.292398599286958,
    12.24941262357162,
    359.17474967961266
  ],
  [
    -18.293550826030145,
    12.32940428941161,
    359.1747492753882
  ],
  [
    -18.294703053330156,
    12.409395955243578,
    359.174748881943
  ],
  [
    -18.295855281171935,
    12.489387621067745,
    359.1747484992772
  ],
  [
    -18.29700750954044,
    12.569379286884322,
    359.17474812739067
  ],
  [
    -18.298159738420612,
    12.649370952693529,
    359.17474776628336
  ],
  [
    -18.299311967797415,
    12.729362618495589,
    359.17474741595544
  ],
  [
    -18.30046419765579,
    12.809354284290704,
    359.17474707640685
  ],
  [
    -18.301616427980683,
    12.889345950079102,
    359.1747467476376
  ],
  [
    -18.302768658757056,
    12.969337615860994,
    359.17474642964766
  ],
  [
    -18.30392088996986,
    13.049329281636604,
    359.174746122437
  ],
  [
    -18.30507312160404,
    13.129320947406141,
    359.17474582600585
  ],
  [
    -18.306225353644543,
    13.209312613169825,
    359.1747455403538
  ],
  [
    -18.307377586076328,
    13.289304278927876,
    359.1747452654811
  ],
  [
    -18.30852981888435,
    13.369295944680506,
    359.1747450013877
  ],
  [
    -18.309682052053546,
    13.449287610427932,
    359.1747447480737
  ],
  [
    -18.310834285568873,
    13.529279276170374,
    359.1747445055391
  ],
  [
    -18.31198651941528,
    13.609270941908044,
    359.1747442737836
  ],
  [
    -18.313138753577725,
    13.689262607641165,
    359.17474405280757
  ],
  [
    -18.314290988041154,
    13.769254273369953,
    359.17474384261084
  ],
  [
    -18.31544322279052,
    13.849245939094617,
    359.1747436431934
  ],
  [
    -18.31659545781077,
    13.92923760481538,
    359.17474345455526
  ],
  [
    -18.31774769308685,
    14.009229270532462,
    359.1747432766965
  ],
  [
    -18.318899928603727,
    14.089220936246072,
    359.17474310961705
  ],
  [
    -18.320052164346343,
    14.169212601956433,
    359.17474295331687
  ],
  [
    -18.321204400299642,
    14.249204267663757,
    359.1747428077961
  ],
  [
    -18.322356636448582,
    14.329195933368261,
    359.1747426730544
  ],
  [
    -18.323508872778113,
    14.409187599070169,
    359.17474254909234
  ],
  [
    -18.324661109273183,
    14.489179264769689,
    359.1747424359095
  ],
  [
    -18.325813345918746,
    14.569170930467042,
    359.1747423335059
  ],
  [
    -18.326965582699756,
    14.649162596162444,
    359.1747422418817
  ],
  [
    -18.328117819601154,
    14.729154261856113,
    359.1747421610369
  ],
  [
    -18.329270056607896,
    14.809145927548263,
    359.17474209097116
  ],
  [
    -18.33042229370494,
    14.889137593239111,
    359.174742031685
  ],
  [
    -18.331574530877223,
    14.969129258928877,
    359.174741983178
  ],
  [
    -18.33272676810971,
    15.049120924617778,
    359.1747419454505
  ],
  [
    -18.33387900538733,
    15.129112590306022,
    359.1747419185021
  ],
  [
    -18.33503124269506,
    15.209104255993836,
    359.17474190233315
  ],
  [
    -18.336183480017837,
    15.289095921681437,
    359.1747418969435
  ],
  [
    -18.337335717340615,
    15.369087587369034,
    359.17474190233315
  ],
  [
    -18.338487954648343,
    15.449079253056848,
    359.1747419185021
  ],
  [
    -18.339640191925973,
    15.529070918745097,
    359.17474194545053
  ],
  [
    -18.340792429158455,
    15.609062584433996,
    359.174741983178
  ],
  [
    -18.34194466633074,
    15.689054250123762,
    359.174742031685
  ],
  [
    -18.34309690342778,
    15.769045915814608,
    359.17474209097134
  ],
  [
    -18.344249140434524,
    15.84903758150676,
    359.1747421610369
  ],
  [
    -18.34540137733592,
    15.929029247200429,
    359.1747422418817
  ],
  [
    -18.34655361411693,
    16.00902091289583,
    359.174742333506
  ],
  [
    -18.347705850762495,
    16.089012578593184,
    359.17474243590954
  ],
  [
    -18.348858087257565,
    16.1690042442927,
    359.17474254909223
  ],
  [
    -18.350010323587096,
    16.24899590999461,
    359.17474267305454
  ],
  [
    -18.35116255973604,
    16.328987575699117,
    359.17474280779595
  ],
  [
    -18.352314795689338,
    16.408979241406442,
    359.17474295331687
  ],
  [
    -18.353467031431947,
    16.488970907116794,
    359.17474310961705
  ],
  [
    -18.35461926694882,
    16.56896257283041,
    359.17474327669646
  ],
  [
    -18.355771502224904,
    16.64895423854749,
    359.17474345455526
  ],
  [
    -18.356923737245154,
    16.72894590426825,
    359.1747436431934
  ],
  [
    -18.35807597199452,
    16.808937569992917,
    359.1747438426107
  ],
  [
    -18.359228206457946,
    16.888929235721704,
    359.1747440528076
  ],
  [
    -18.360380440620393,
    16.968920901454826,
    359.1747442737836
  ],
  [
    -18.3615326744668,
    17.048912567192495,
    359.1747445055391
  ],
  [
    -18.362684907982135,
    17.12890423293494,
    359.1747447480737
  ],
  [
    -18.363837141151333,
    17.208895898682368,
    359.1747450013878
  ],
  [
    -18.36498937395935,
    17.288887564434997,
    359.1747452654811
  ],
  [
    -18.366141606391135,
    17.36887923019305,
    359.17474554035374
  ],
  [
    -18.367293838431642,
    17.44887089595673,
    359.17474582600573
  ],
  [
    -18.368446070065822,
    17.52886256172627,
    359.174746122437
  ],
  [
    -18.36959830127862,
    17.608854227501876,
    359.17474642964766
  ],
  [
    -18.370750532054995,
    17.688845893283773,
    359.1747467476376
  ],
  [
    -18.371902762379893,
    17.768837559072168,
    359.17474707640685
  ],
  [
    -18.373054992238266,
    17.848829224867288,
    359.1747474159555
  ],
  [
    -18.374207221615066,
    17.928820890669343,
    359.1747477662834
  ],
  [
    -18.37535945049524,
    18.00881255647855,
    359.17474812739067
  ],
  [
    -18.376511678863743,
    18.088804222295124,
    359.17474849927714
  ],
  [
    -18.377663906705525,
    18.16879588811929,
    359.174748881943
  ],
  [
    -18.378816134005532,
    18.248787553951264,
    359.1747492753882
  ],
  [
    -18.37996836074872,
    18.328779219791254,
    359.1747496796126
  ],
  [
    -18.38112058692004,
    18.40877088563948,
    359.1747500946165
  ],
  [
    -18.38227281250444,
    18.48876255149616,
    359.1747505203996
  ],
  [
    -18.383425037486866,
    18.568754217361516,
    359.1747509569622
  ],
  [
    -18.384577261852282,
    18.648745883235755,
    359.174751404304
  ],
  [
    -18.385729485585628,
    18.7287375491191,
    359.17475186242507
  ],
  [
    -18.386881708671865,
    18.808729215011763,
    359.1747523313255
  ],
  [
    -18.38803393109593,
    18.888720880913965,
    359.17475281100525
  ],
  [
    -18.389186152842782,
    18.968712546825923,
    359.1747533014642
  ],
  [
    -18.390338373897375,
    19.048704212747854,
    359.17475380270264
  ],
  [
    -18.391490594244647,
    19.12869587867997,
    359.1747543147204
  ],
  [
    -18.39264281386956,
    19.208687544622492,
    359.1747548375175
  ]
]