[
  [
    0.0,
    0.0,
    90.19200000000001,
    "f"
  ],
  [
    0.11833732485248437,
    -0.0003965536661186403,
    90.19200000000001,
    "f"
  ],
  [
    0.2310043602489299,
    -0.000774105938766978,
    90.19200000000001,
    "f"
  ],
  [
    0.33811801937399716,
    -0.0011330485992536998,
    90.19200000000001,
    "f"
  ],
  [
    0.43979521541234684,
    -0.0014737734288873816,
    90.19200000000001,
    "f"
  ],
  [
    0.5361528615486395,
    -0.0017966722089767795,
    90.19200000000001,
    "f"
  ],
  [
    0.6273078709675356,
    -0.0021021367208305664,
    90.19200000000001,
    "f"
  ],
  [
    0.713377156853696,
    -0.0023905587457572763,
    90.19200000000001,
    "f"
  ],
  [
    0.7944776323917813,
    -0.002662330065065721,
    90.19200000000001,
    "f"
  ],
  [
    0.8707262107664515,
    -0.0029178424600646014,
    90.19200000000001,
    "f"
  ],
  [
    0.9422398051623679,
    -0.0031574877120624234,
    90.19200000000001,
    "f"
  ],
  [
    1.0091353287641907,
    -0.0033816576023679157,
    90.19200000000001,
    "f"
  ],
  [
    1.0715296947565804,
    -0.0035907439122898066,
    90.19200000000001,
    "f"
  ],
  [
    1.1295398163241985,
    -0.0037851384231367136,
    90.19200000000001,
    "f"
  ],
  [
    1.1832826066517041,
    -0.003965232916217254,
    90.19200000000001,
    "f"
  ],
  [
    1.2328749789237596,
    -0.004131419172840156,
    90.19200000000001,
    "f"
  ],
  [
    1.2784338463250235,
    -0.004284088974314149,
    90.19200000000001,
    "f"
  ],
  [
    1.3200761220401582,
    -0.004423634101947738,
    90.19200000000001,
    "f"
  ],
  [
    1.3579187192538231,
    -0.004550446337049485,
    90.19200000000001,
    "f"
  ],
  [
    1.39207855115068,
    -0.004664917460928675,
    90.19200000000001,
    "f"
  ],
  [
    1.4226725309153887,
    -0.004767439254893202,
    90.19200000000001,
    "f"
  ],
  [
    1.4498175717326087,
    -0.004858403500252129,
    90.19200000000001,
    "f"
  ],
  [
    1.4736305867870032,
    -0.004938201978314183,
    90.19200000000001,
    "f"
  ],
  [
    1.4942284892632303,
    -0.005007226470387982,
    90.19200000000001,
    "f"
  ],
  [
    1.5117281923459522,
    -0.005065868757782033,
    90.19200000000001,
    "f"
  ],
  [
    1.5262466092198284,
    -0.005114520621805174,
    90.19200000000001,
    "f"
  ],
  [
    1.5379006530695212,
    -0.005153573843765802,
    90.19200000000001,
    "f"
  ],
  [
    1.5468072370796895,
    -0.005183420204972866,
    90.19200000000001,
    "f"
  ],
  [
    1.5530832744349938,
    -0.0052044514867348735,
    90.19200000000001,
    "f"
  ],
  [
    1.5568456783200957,
    -0.005217059470360774,
    90.19200000000001,
    "f"
  ],
  [
    1.5582113619196556,
    -0.005221635937158742,
    90.19200000000001,
    "f"
  ],
  [
    1.5572972384183335,
    -0.0052185726684380596,
    90.19200000000001,
    "f"
  ],
  [
    1.5542202210007903,
    -0.005208261445506679,
    90.19200000000001,
    "f"
  ],
  [
    1.5490972228516877,
    -0.005191094049673883,
    90.19200000000001,
    "f"
  ],
  [
    1.5420451571556848,
    -0.005167462262247957,
    90.19200000000001,
    "f"
  ],
  [
    1.533180937097442,
    -0.00513775786453774,
    90.19200000000001,
    "f"
  ],
  [
    1.5226214758616212,
    -0.00510237263785196,
    90.19200000000001,
    "f"
  ],
  [
    1.5104836866328828,
    -0.005061698363499234,
    90.19200000000001,
    "f"
  ],
  [
    1.4968844825958862,
    -0.0050161268227878475,
    90.19200000000001,
    "f"
  ],
  [
    1.4819407769352928,
    -0.004966049797027083,
    90.19200000000001,
    "f"
  ],
  [
    1.465769482835764,
    -0.004911859067525337,
    90.19200000000001,
    "f"
  ],
  [
    1.4484875134819593,
    -0.004853946415591226,
    90.19200000000001,
    "f"
  ],
  [
    1.4302117820585383,
    -0.0047927036225334785,
    90.19200000000001,
    "f"
  ],
  [
    1.411059201750164,
    -0.004728522469660379,
    90.19200000000001,
    "f"
  ],
  [
    1.3911466857414962,
    -0.004661794738281433,
    90.19200000000001,
    "f"
  ],
  [
    1.370591147217194,
    -0.0045929122097044806,
    90.19200000000001,
    "f"
  ],
  [
    1.3495094993619197,
    -0.0045222666652388055,
    90.19200000000001,
    "f"
  ],
  [
    1.3280186553603333,
    -0.004450249886192581,
    90.19200000000001,
    "f"
  ],
  [
    1.3062355283970957,
    -0.004377253653874924,
    90.19200000000001,
    "f"
  ],
  [
    1.2842770316568664,
    -0.004303669749593897,
    90.19200000000001,
    "f"
  ],
  [
    1.2622600783243074,
    -0.00422988995465895,
    90.19200000000001,
    "f"
  ],
  [
    1.2403015815840788,
    -0.004156306050378089,
    90.19200000000001,
    "f"
  ],
  [
    1.218518454620841,
    -0.00408330981806021,
    90.19200000000001,
    "f"
  ],
  [
    1.1970276106192546,
    -0.004011293039014152,
    90.19200000000001,
    "f"
  ],
  [
    1.17594596276398,
    -0.003940647494548477,
    90.19200000000001,
    "f"
  ],
  [
    1.1553904242396786,
    -0.0038717649659715248,
    90.19200000000001,
    "f"
  ],
  [
    1.1354779082310098,
    -0.003805037234592412,
    90.19200000000001,
    "f"
  ],
  [
    1.1163253279226357,
    -0.00374085608171959,
    90.19200000000001,
    "f"
  ],
  [
    1.0980495964992159,
    -0.0036796132886617317,
    90.19200000000001,
    "f"
  ],
  [
    1.0807676271454105,
    -0.0036217006367276205,
    90.19200000000001,
    "f"
  ],
  [
    1.0645963330458812,
    -0.0035675099072257077,
    90.19200000000001,
    "f"
  ],
  [
    1.0496526273852882,
    -0.003517432881464888,
    90.19200000000001,
    "f"
  ],
  [
    1.0360534233482916,
    -0.003471861340753779,
    90.19200000000001,
    "f"
  ],
  [
    1.0239156341195528,
    -0.003431187066400887,
    90.19200000000001,
    "f"
  ],
  [
    1.0133561728837317,
    -0.003395801839715107,
    90.19200000000001,
    "f"
  ],
  [
    1.0044919528254899,
    -0.003366097442004834,
    90.19200000000001,
    "f"
  ],
  [
    0.9974398871294867,
    -0.003342465654579019,
    90.19200000000001,
    "f"
  ],
  [
    0.9923168889803835,
    -0.003325298258746223,
    90.19200000000001,
    "f"
  ],
  [
    0.9892398715628407,
    -0.003314987035814898,
    90.19200000000001,
    "f"
  ],
  [
    0.988325748061519,
    -0.003311923767093994,
    90.19200000000001,
    "f"
  ],
  [
    0.9896914316610786,
    -0.0033165002338921834,
    90.19200000000001,
    "f"
  ],
  [
    0.9934538355461808,
    -0.003329108217517862,
    90.19200000000001,
    "f"
  ],
  [
    0.9997298729014855,
    -0.0033501394992799804,
    90.19200000000001,
    "f"
  ],
  [
    1.0086364569116537,
    -0.0033799858604871003,
    90.19200000000001,
    "f"
  ],
  [
    1.0202905007613454,
    -0.0034190390824477834,
    90.19200000000001,
    "f"
  ],
  [
    1.0348089176352224,
    -0.003467690946470925,
    90.19200000000001,
    "f"
  ],
  [
    1.0523086207179442,
    -0.0035263332338648645,
    90.19200000000001,
    "f"
  ],
  [
    1.0729065231941715,
    -0.0035953577259386083,
    90.19200000000001,
    "f"
  ],
  [
    1.0967195382485655,
    -0.0036751562040006625,
    90.19200000000001,
    "f"
  ],
  [
    1.1238645790657862,
    -0.0037661204493596445,
    90.19200000000001,
    "f"
  ],
  [
    1.154458558830495,
    -0.0038686422433242273,
    90.19200000000001,
    "f"
  ],
  [
    1.188618390727351,
    -0.00398311336720325,
    90.19200000000001,
    "f"
  ],
  [
    1.2264609879410167,
    -0.0041099256023051645,
    90.19200000000001,
    "f"
  ],
  [
    1.2681032636561511,
    -0.0042494707299388645,
    90.19200000000001,
    "f"
  ],
  [
    1.313662131057415,
    -0.004402140531412857,
    90.19200000000001,
    "f"
  ],
  [
    1.3632545033294703,
    -0.004568326788035648,
    90.19200000000001,
    "f"
  ],
  [
    1.4169972936569764,
    -0.0047484212811161886,
    90.19200000000001,
    "f"
  ],
  [
    1.4750074152245944,
    -0.0049428157919632065,
    90.19200000000001,
    "f"
  ],
  [
    1.537401781216984,
    -0.005151902101884986,
    90.19200000000001,
    "f"
  ],
  [
    1.6042973048188076,
    -0.00537607199219059,
    90.19200000000001,
    "f"
  ],
  [
    1.6758108992147236,
    -0.005615717244188412,
    90.19200000000001,
    "f"
  ],
  [
    1.7520594775893936,
    -0.00587122963918707,
    90.19200000000001,
    "f"
  ],
  [
    1.8331599531274794,
    -0.006143000958495626,
    90.19200000000001,
    "f"
  ],
  [
    1.9192292390136394,
    -0.0064314229834223635,
    90.19200000000001,
    "f"
  ],
  [
    2.010384248432536,
    -0.006736887495276123,
    90.19200000000001,
    "f"
  ],
  [
    2.1067418945688283,
    -0.0070597862753655205,
    90.19200000000001,
    "f"
  ],
  [
    2.2084190906071774,
    -0.0074005111049992855,
    90.19200000000001,
    "f"
  ],
  [
    2.3155327497322458,
    -0.007759453765485813,
    90.19200000000001,
    "f"
  ],
  [
    2.4281997851286907,
    -0.008137006038133943,
    90.19200000000001,
    "f"
  ],
  [
    2.546537109981174,
    -0.008533559704252958,
    90.19200000000001,
    "f"
  ],
  [
    2.546537109981174,
    -0.008533559704252958,
    90.19200000000001,
    "f"
  ],
  [
    2.667770898057419,
    -0.007979879009172852,
    89.28594149034348,
    "f"
  ],
  [
    2.789032631149658,
    -0.005515846384945844,
    88.38715139332328,
    "f"
  ],
  [
    2.910297184479324,
    -0.0011555308929593888,
    87.4954977112535,
    "f"
  ],
  [
    3.031539433267845,
    0.005086998405396281,
    86.6108376046559,
    "f"
  ],
  [
    3.1527342527366553,
    0.01319767244873371,
    85.73301809039879,
    "f"
  ],
  [
    3.2738565181071837,
    0.023162422175663222,
    84.86187671491626,
    "f"
  ],
  [
    3.3948811046008593,
    0.03496717852479647,
    83.9972422008675,
    "f"
  ],
  [
    3.5157828874391175,
    0.04859787243474445,
    83.13893506598555,
    "f"
  ],
  [
    3.6365367418433836,
    0.06404043484411814,
    82.2867682132129,
    "f"
  ],
  [
    3.7571175430350934,
    0.08128079669152966,
    81.44054749154469,
    "f"
  ],
  [
    3.8775001662356736,
    0.10030488891558909,
    80.60007222728632,
    "f"
  ],
  [
    3.9976594866665582,
    0.12109864245490853,
    79.76513572569354,
    "f"
  ],
  [
    4.1175703795491785,
    0.14364798824809966,
    78.93552574319028,
    "f"
  ],
  [
    4.23720772010496,
    0.1679388572337719,
    78.11102493056296,
    "f"
  ],
  [
    4.35654638355534,
    0.19395718035053777,
    77.29141124770678,
    "f"
  ],
  [
    4.475561245121745,
    0.22168888853700897,
    76.47645835064952,
    "f"
  ],
  [
    4.594227180025608,
    0.25111991273179535,
    75.66593595171412,
    "f"
  ],
  [
    4.712519063488358,
    0.28223618387350924,
    74.85961015378643,
    "f"
  ],
  [
    4.830411770731428,
    0.31502363290076096,
    74.05724375975353,
    "f"
  ],
  [
    4.947880176976248,
    0.34946819075216307,
    73.25859655825025,
    "f"
  ],
  [
    5.0648991574442475,
    0.38555578836632476,
    72.46342558691777,
    "f"
  ],
  [
    5.181443587356859,
    0.4232723566818599,
    71.67148537442881,
    "f"
  ],
  [
    5.297488341935511,
    0.4626038266373771,
    70.88252816257227,
    "f"
  ],
  [
    5.413008296401638,
    0.503536129171489,
    70.09630410972397,
    "f"
  ],
  [
    5.527978325976668,
    0.5460551952228072,
    69.3125614770521,
    "f"
  ],
  [
    5.642373305882034,
    0.5901469557299419,
    68.53104679882483,
    "f"
  ],
  [
    5.756168111339164,
    0.6357973416315046,
    67.75150503819964,
    "f"
  ],
  [
    5.8693376175694905,
    0.6829922838661073,
    66.97367972988354,
    "f"
  ],
  [
    5.981856699794443,
    0.7317177133723598,
    66.19731311105954,
    "f"
  ],
  [
    6.093700233235455,
    0.7819595610888745,
    65.42214624197936,
    "f"
  ],
  [
    6.204843093113955,
    0.8337037579542625,
    64.64791911762643,
    "f"
  ],
  [
    6.315260154651375,
    0.8869362349071348,
    63.87437077185666,
    "f"
  ],
  [
    6.424926293069145,
    0.941642922886103,
    63.10123937542903,
    "f"
  ],
  [
    6.5338163835886975,
    0.9978097528297776,
    62.32826232934178,
    "f"
  ],
  [
    6.64190530143146,
    1.05542265567677,
    61.55517635489832,
    "f"
  ],
  [
    6.749167921818866,
    1.114467562365691,
    60.781717581933435,
    "f"
  ],
  [
    6.855579119972346,
    1.1749304038351536,
    60.00762163664251,
    "f"
  ],
  [
    6.96111377111333,
    1.2367971110237674,
    59.23262373046782,
    "f"
  ],
  [
    7.065746750463247,
    1.3000536148701438,
    58.45645875150967,
    "f"
  ],
  [
    7.169452933243535,
    1.3646858463128952,
    57.67886135995104,
    "f"
  ],
  [
    7.272207194675618,
    1.4306797362906314,
    56.89956608900002,
    "f"
  ],
  [
    7.373984409980927,
    1.4980212157419641,
    56.11830745287716,
    "f"
  ],
  [
    7.474759454380894,
    1.5666962156055046,
    55.33482006339818,
    "f"
  ],
  [
    7.574507203096955,
    1.6366906668198644,
    54.54883875672772,
    "f"
  ],
  [
    7.6732025313505305,
    1.707990500323654,
    53.76009873190128,
    "f"
  ],
  [
    7.77082031436306,
    1.7805816470554858,
    52.96833570274487,
    "f"
  ],
  [
    7.867335427355971,
    1.8544500379539697,
    52.17328606483795,
    "f"
  ],
  [
    7.962722745550693,
    1.9295816039577172,
    51.37468707919777,
    "f"
  ],
  [
    8.05695714416866,
    2.0059622760053406,
    50.57227707437596,
    "f"
  ],
  [
    8.150013498431303,
    2.0835779850354514,
    49.765795668680994,
    "f"
  ],
  [
    8.24186668356005,
    2.162414661986659,
    48.95498401424925,
    "f"
  ],
  [
    8.33249157477633,
    2.2424582377975746,
    48.139585064694984,
    "f"
  ],
  [
    8.421863047301578,
    2.3236946434068106,
    47.31934386806245,
    "f"
  ],
  [
    8.509955976357224,
    2.4061098097529783,
    46.494007886795885,
    "f"
  ],
  [
    8.596745237164699,
    2.4896896677746883,
    45.66332734641287,
    "f"
  ],
  [
    8.682205704945433,
    2.574420148410553,
    44.82705561452792,
    "f"
  ],
  [
    8.766312254920855,
    2.660287182599181,
    43.984949611816546,
    "f"
  ],
  [
    8.849039762312401,
    2.747276701279186,
    43.13677025642994,
    "f"
  ],
  [
    8.930363102341499,
    2.83537463538918,
    42.28228294327505,
    "f"
  ],
  [
    9.010257150229576,
    2.9245669158677705,
    41.421258059444654,
    "f"
  ],
  [
    9.088696781198069,
    3.0148394736535735,
    40.5534715369306,
    "f"
  ],
  [
    9.165656870468403,
    3.106178239685195,
    39.67870544356663,
    "f"
  ],
  [
    9.241112293262013,
    3.19856914490125,
    38.796748612927104,
    "f"
  ],
  [
    9.31503792480033,
    3.2919981202403488,
    37.907397313645674,
    "f"
  ],
  [
    9.387408640304782,
    3.3864510966411023,
    37.01045595832318,
    "f"
  ],
  [
    9.458199314996802,
    3.481914005042122,
    36.105737851842946,
    "f"
  ],
  [
    9.527384824097823,
    3.578372776382018,
    35.193065978528466,
    "f"
  ],
  [
    9.594940042829268,
    3.675813341599404,
    34.27227382713335,
    "f"
  ],
  [
    9.660839846412575,
    3.7742216316328876,
    33.34320625216856,
    "f"
  ],
  [
    9.725059110069175,
    3.873583577421085,
    32.40572036953199,
    "f"
  ],
  [
    9.787572709020493,
    3.9738851099026022,
    31.45968648381529,
    "f"
  ],
  [
    9.848355518487963,
    4.075112160016054,
    30.5049890440265,
    "f"
  ],
  [
    9.907382413693018,
    4.17725065870005,
    29.541527623782486,
    "f"
  ],
  [
    9.964628269857087,
    4.280286536893202,
    28.569217921298332,
    "f"
  ],
  [
    10.0200679622016,
    4.384205725534121,
    27.58799277374004,
    "f"
  ],
  [
    10.073676365947986,
    4.488994155561419,
    26.59780317971638,
    "f"
  ],
  [
    10.12542835631768,
    4.594637757913706,
    25.598619322874413,
    "f"
  ],
  [
    10.175298808532112,
    4.701122463529594,
    24.590431588748515,
    "f"
  ],
  [
    10.223262597812713,
    4.808434203347695,
    23.57325156620152,
    "f"
  ],
  [
    10.269294599380913,
    4.916558908306619,
    22.547113024008297,
    "f"
  ],
  [
    10.31336968845814,
    5.025482509344975,
    21.512072852386723,
    "f"
  ],
  [
    10.355462740265828,
    5.13519093740138,
    20.468211958591723,
    "f"
  ],
  [
    10.395548630025408,
    5.24567012341444,
    19.415636105086378,
    "f"
  ],
  [
    10.43360223295831,
    5.356905998322769,
    18.35447667830124,
    "f"
  ],
  [
    10.469598424285964,
    5.4688844930649765,
    17.284891375624852,
    "f"
  ],
  [
    10.503512079229804,
    5.581591538579675,
    16.207064798047895,
    "f"
  ],
  [
    10.535318073011256,
    5.695013065805477,
    15.12120893584148,
    "f"
  ],
  [
    10.564991280851755,
    5.80913500568099,
    14.027563534805836,
    "f"
  ],
  [
    10.59250657797273,
    5.9239432891448285,
    12.926396330996795,
    "f"
  ],
  [
    10.61783883959561,
    6.039423847135602,
    11.81800314244822,
    "f"
  ],
  [
    10.64096294094183,
    6.155562610591923,
    10.702707807259173,
    "f"
  ],
  [
    10.661853757232816,
    6.272345510452401,
    9.580861958526839,
    "f"
  ],
  [
    10.680486163690002,
    6.389758477655647,
    8.452844627968318,
    "f"
  ],
  [
    10.69683503553482,
    6.507787443140277,
    7.319061671690008,
    "f"
  ],
  [
    10.710875247988698,
    6.626418337844895,
    6.179945013416273,
    "f"
  ],
  [
    10.72258167627307,
    6.745637092708117,
    5.035951702555337,
    "f"
  ],
  [
    10.73192919560936,
    6.865429638668555,
    3.887562786740432,
    "f"
  ],
  [
    10.738892681219006,
    6.985781906664817,
    2.735282000889356,
    "f"
  ],
  [
    10.743447008323436,
    7.106679827635515,
    1.5796342773437573,
    "f"
  ],
  [
    10.743447008323436,
    7.106679827635515,
    1.5796342773437573,
    "f"
  ],
  [
    10.746729714456793,
    7.225718484083883,
    1.5796344161940965,
    "f"
  ],
  [
    10.749896677969444,
    7.3405600301266585,
    1.5796345623351726,
    "f"
  ],
  [
    10.752950285307183,
    7.451291004122724,
    1.5796347162538495,
    "f"
  ],
  [
    10.755892922915798,
    7.557997944430955,
    1.5796348784747352,
    "f"
  ],
  [
    10.758726977241075,
    7.660767389410233,
    1.5796350495633646,
    "f"
  ],
  [
    10.761454834728804,
    7.759685877419433,
    1.5796352301298384,
    "f"
  ],
  [
    10.764078881824764,
    7.8548399468174335,
    1.5796354208320054,
    "f"
  ],
  [
    10.766601504974757,
    7.946316135963114,
    1.579635622379726,
    "f"
  ],
  [
    10.769025090624556,
    8.034200983215348,
    1.5796358355385678,
    "f"
  ],
  [
    10.771352025219961,
    8.118581026933022,
    1.579636061134181,
    "f"
  ],
  [
    10.773584695206749,
    8.199542805475007,
    1.5796363000570182,
    "f"
  ],
  [
    10.77572548703072,
    8.277172857200185,
    1.5796365532663685,
    "f"
  ],
  [
    10.77777678713765,
    8.351557720467433,
    1.5796368217954182,
    "f"
  ],
  [
    10.779740981973331,
    8.422783933635628,
    1.5796371067557402,
    "f"
  ],
  [
    10.781620457983554,
    8.490938035063651,
    1.5796374093413306,
    "f"
  ],
  [
    10.783417601614095,
    8.556106563110374,
    1.5796377308333263,
    "f"
  ],
  [
    10.785134799310757,
    8.618376056134684,
    1.5796380726023926,
    "f"
  ],
  [
    10.78677443751932,
    8.677833052495451,
    1.5796384361120772,
    "f"
  ],
  [
    10.788338902685572,
    8.73456409055156,
    1.5796388229191507,
    "f"
  ],
  [
    10.789830581255304,
    8.788655708661887,
    1.5796392346727544,
    "f"
  ],
  [
    10.791251859674293,
    8.8401944451853,
    1.5796396731106483,
    "f"
  ],
  [
    10.792605124388338,
    8.889266838480696,
    1.5796401400520494,
    "f"
  ],
  [
    10.793892761843221,
    8.935959426906937,
    1.5796406373851823,
    "f"
  ],
  [
    10.795117158484736,
    8.98035874882291,
    1.5796411670488624,
    "f"
  ],
  [
    10.796280700758661,
    9.02255134258749,
    1.5796417310062907,
    "f"
  ],
  [
    10.797385775110795,
    9.062623746559558,
    1.579642331208447,
    "f"
  ],
  [
    10.798434767986915,
    9.100662499097986,
    1.5796429695448637,
    "f"
  ],
  [
    10.799430065832814,
    9.136754138561656,
    1.5796436477792213,
    "f"
  ],
  [
    10.800374055094277,
    9.170985203309447,
    1.5796443674656189,
    "f"
  ],
  [
    10.801269122217096,
    9.20344223170024,
    1.579645129842845,
    "f"
  ],
  [
    10.802117653647054,
    9.234211762092905,
    1.579645935703752,
    "f"
  ],
  [
    10.802922035829942,
    9.263380332846323,
    1.5796467852339902,
    "f"
  ],
  [
    10.803684655211548,
    9.291034482319379,
    1.5796476778214128,
    "f"
  ],
  [
    10.804407898237658,
    9.317260748870943,
    1.5796486118337043,
    "f"
  ],
  [
    10.805094151354053,
    9.342145670859894,
    1.579649584366166,
    "f"
  ],
  [
    10.805745801006532,
    9.365775786645113,
    1.579650590969493,
    "f"
  ],
  [
    10.80636523364088,
    9.38823763458548,
    1.5796516253672621,
    "f"
  ],
  [
    10.806954835702879,
    9.409617753039866,
    1.5796526791859833,
    "f"
  ],
  [
    10.807516993638318,
    9.430002680367155,
    1.5796537417265313,
    "f"
  ],
  [
    10.808054093892993,
    9.449478954926224,
    1.5796547998166943,
    "f"
  ],
  [
    10.808568522912683,
    9.468133115075954,
    1.5796558377902556,
    "f"
  ],
  [
    10.809062667143174,
    9.486051699175212,
    1.5796568376449045,
    "f"
  ],
  [
    10.809538913030263,
    9.503321245582889,
    1.579657779423428,
    "f"
  ],
  [
    10.80999964701973,
    9.520028292657859,
    1.5796586418526886,
    "f"
  ],
  [
    10.810447255557365,
    9.536259378758997,
    1.5796594032439089,
    "f"
  ],
  [
    10.810884125088952,
    9.552101042245184,
    1.5796600426205032,
    "f"
  ],
  [
    10.811312642060289,
    9.567639821475298,
    1.5796605409957465,
    "f"
  ],
  [
    10.811735192917157,
    9.582962254808217,
    1.5796608826770466,
    "f"
  ],
  [
    10.812154164105337,
    9.598154880602817,
    1.5796610564440243,
    "f"
  ],
  [
    10.812571942070628,
    9.61330423721798,
    1.5796610564441949,
    "f"
  ],
  [
    10.81299091325881,
    9.62849686301258,
    1.5796608826771603,
    "f"
  ],
  [
    10.813413464115676,
    9.643819296345498,
    1.5796605409956896,
    "f"
  ],
  [
    10.813841981087009,
    9.659358075575613,
    1.5796600426205032,
    "f"
  ],
  [
    10.814278850618601,
    9.6751997390618,
    1.5796594032439089,
    "f"
  ],
  [
    10.814726459156239,
    9.69143082516294,
    1.579658641852859,
    "f"
  ],
  [
    10.815187193145704,
    9.708137872237906,
    1.579657779423428,
    "f"
  ],
  [
    10.815663439032791,
    9.725407418645585,
    1.5796568376447908,
    "f"
  ],
  [
    10.816157583263287,
    9.743326002744848,
    1.5796558377902556,
    "f"
  ],
  [
    10.816672012282973,
    9.761980162894572,
    1.5796547998166943,
    "f"
  ],
  [
    10.817209112537645,
    9.781456437453642,
    1.5796537417265313,
    "f"
  ],
  [
    10.817771270473088,
    9.80184136478093,
    1.5796526791858696,
    "f"
  ],
  [
    10.818360872535088,
    9.823221483235319,
    1.5796516253672053,
    "f"
  ],
  [
    10.818980305169436,
    9.845683331175684,
    1.5796505909695497,
    "f"
  ],
  [
    10.819631954821912,
    9.869313446960902,
    1.579649584366166,
    "f"
  ],
  [
    10.820318207938312,
    9.894198368949855,
    1.5796486118336475,
    "f"
  ],
  [
    10.821041450964419,
    9.92042463550142,
    1.5796476778214696,
    "f"
  ],
  [
    10.821804070346023,
    9.948078784974474,
    1.5796467852339902,
    "f"
  ],
  [
    10.822608452528911,
    9.977247355727892,
    1.579645935703752,
    "f"
  ],
  [
    10.82345698395887,
    10.008016886120558,
    1.579645129842902,
    "f"
  ],
  [
    10.824352051081686,
    10.040473914511349,
    1.579644367465562,
    "f"
  ],
  [
    10.82529604034315,
    10.074704979259138,
    1.5796436477791644,
    "f"
  ],
  [
    10.826291338189051,
    10.11079661872281,
    1.5796429695448637,
    "f"
  ],
  [
    10.827340331065171,
    10.14883537126124,
    1.5796423312083903,
    "f"
  ],
  [
    10.828445405417302,
    10.188907775233305,
    1.5796417310062338,
    "f"
  ],
  [
    10.82960894769123,
    10.231100368997886,
    1.5796411670488624,
    "f"
  ],
  [
    10.830833344332744,
    10.275499690913858,
    1.5796406373851823,
    "f"
  ],
  [
    10.832120981787629,
    10.3221922793401,
    1.5796401400520494,
    "f"
  ],
  [
    10.833474246501673,
    10.371264672635494,
    1.5796396731106483,
    "f"
  ],
  [
    10.834895524920666,
    10.422803409158913,
    1.5796392346726975,
    "f"
  ],
  [
    10.836387203490395,
    10.476895027269236,
    1.5796388229191507,
    "f"
  ],
  [
    10.837951668656647,
    10.533626065325343,
    1.579638436112134,
    "f"
  ],
  [
    10.83959130686521,
    10.593083061686112,
    1.5796380726023926,
    "f"
  ],
  [
    10.84130850456187,
    10.655352554710422,
    1.5796377308332694,
    "f"
  ],
  [
    10.843105648192413,
    10.720521082757147,
    1.5796374093413306,
    "f"
  ],
  [
    10.844985124202637,
    10.78867518418517,
    1.5796371067557402,
    "f"
  ],
  [
    10.846949319038316,
    10.859901397353363,
    1.579636821795475,
    "f"
  ],
  [
    10.849000619145247,
    10.934286260620613,
    1.5796365532663685,
    "f"
  ],
  [
    10.851141410969214,
    11.01191631234579,
    1.5796363000570182,
    "f"
  ],
  [
    10.853374080956005,
    11.092878090887776,
    1.579636061134238,
    "f"
  ],
  [
    10.855701015551409,
    11.177258134605449,
    1.5796358355385678,
    "f"
  ],
  [
    10.858124601201212,
    11.265142981857686,
    1.579635622379726,
    "f"
  ],
  [
    10.860647224351203,
    11.356619171003365,
    1.5796354208320054,
    "f"
  ],
  [
    10.863271271447164,
    11.451773240401362,
    1.5796352301298384,
    "f"
  ],
  [
    10.865999128934893,
    11.550691728410566,
    1.5796350495633646,
    "f"
  ],
  [
    10.868833183260168,
    11.65346117338984,
    1.5796348784747352,
    "f"
  ],
  [
    10.871775820868782,
    11.760168113698072,
    1.5796347162538495,
    "f"
  ],
  [
    10.874829428206521,
    11.870899087694138,
    1.5796345623352295,
    "f"
  ],
  [
    10.877996391719174,
    11.985740633736913,
    1.5796344161940965,
    "f"
  ],
  [
    10.881279097852529,
    12.10477929018528,
    1.5796342773437573,
    "f"
  ],
  [
    10.881279097852529,
    12.10477929018528,
    1.5796342773437573,
    "f"
  ],
  [
    10.884561803985882,
    12.223817946633648,
    1.5796344161940965,
    "f"
  ],
  [
    10.887728767498533,
    12.338659492676422,
    1.5796345623352295,
    "f"
  ],
  [
    10.890782374836276,
    12.44939046667249,
    1.5796347162539064,
    "f"
  ],
  [
    10.893725012444888,
    12.556097406980722,
    1.5796348784747352,
    "f"
  ],
  [
    10.896559066770166,
    12.65886685196,
    1.5796350495633646,
    "f"
  ],
  [
    10.899286924257893,
    12.7577853399692,
    1.5796352301298384,
    "f"
  ],
  [
    10.901910971353857,
    12.852939409367199,
    1.5796354208320054,
    "f"
  ],
  [
    10.904433594503846,
    12.944415598512881,
    1.579635622379726,
    "f"
  ],
  [
    10.906857180153649,
    13.032300445765113,
    1.579635835538511,
    "f"
  ],
  [
    10.909184114749053,
    13.116680489482789,
    1.579636061134238,
    "f"
  ],
  [
    10.911416784735842,
    13.197642268024772,
    1.5796363000570182,
    "f"
  ],
  [
    10.913557576559812,
    13.275272319749952,
    1.5796365532663685,
    "f"
  ],
  [
    10.915608876666742,
    13.349657183017198,
    1.5796368217954182,
    "f"
  ],
  [
    10.91757307150242,
    13.420883396185392,
    1.5796371067557402,
    "f"
  ],
  [
    10.919452547512645,
    13.489037497613419,
    1.5796374093413306,
    "f"
  ],
  [
    10.921249691143188,
    13.55420602566014,
    1.5796377308333263,
    "f"
  ],
  [
    10.922966888839852,
    13.61647551868445,
    1.5796380726023926,
    "f"
  ],
  [
    10.92460652704841,
    13.675932515045218,
    1.5796384361120772,
    "f"
  ],
  [
    10.926170992214663,
    13.732663553101325,
    1.5796388229191507,
    "f"
  ],
  [
    10.927662670784393,
    13.786755171211652,
    1.5796392346727544,
    "f"
  ],
  [
    10.929083949203383,
    13.838293907735066,
    1.5796396731107052,
    "f"
  ],
  [
    10.93043721391743,
    13.887366301030461,
    1.5796401400521063,
    "f"
  ],
  [
    10.931724851372316,
    13.9340588894567,
    1.5796406373851255,
    "f"
  ],
  [
    10.932949248013829,
    13.978458211372677,
    1.5796411670488624,
    "f"
  ],
  [
    10.934112790287752,
    14.020650805137254,
    1.5796417310062338,
    "f"
  ],
  [
    10.935217864639885,
    14.060723209109323,
    1.5796423312083903,
    "f"
  ],
  [
    10.936266857516008,
    14.098761961647753,
    1.5796429695449774,
    "f"
  ],
  [
    10.937262155361907,
    14.134853601111423,
    1.5796436477791644,
    "f"
  ],
  [
    10.938206144623368,
    14.169084665859216,
    1.579644367465562,
    "f"
  ],
  [
    10.93910121174619,
    14.201541694250004,
    1.5796451298427883,
    "f"
  ],
  [
    10.939949743176147,
    14.232311224642672,
    1.579645935703752,
    "f"
  ],
  [
    10.940754125359033,
    14.261479795396088,
    1.5796467852339902,
    "f"
  ],
  [
    10.941516744740639,
    14.289133944869143,
    1.5796476778214128,
    "f"
  ],
  [
    10.94223998776675,
    14.315360211420709,
    1.5796486118335906,
    "f"
  ],
  [
    10.942926240883146,
    14.34024513340966,
    1.579649584366166,
    "f"
  ],
  [
    10.943577890535623,
    14.36387524919488,
    1.579650590969493,
    "f"
  ],
  [
    10.944197323169972,
    14.386337097135248,
    1.5796516253672621,
    "f"
  ],
  [
    10.94478692523197,
    14.407717215589631,
    1.5796526791859833,
    "f"
  ],
  [
    10.945349083167411,
    14.428102142916918,
    1.5796537417264744,
    "f"
  ],
  [
    10.945886183422084,
    14.447578417475992,
    1.5796547998166375,
    "f"
  ],
  [
    10.946400612441774,
    14.466232577625721,
    1.5796558377901988,
    "f"
  ],
  [
    10.946894756672268,
    14.484151161724977,
    1.5796568376447908,
    "f"
  ],
  [
    10.947371002559352,
    14.501420708132654,
    1.579657779423428,
    "f"
  ],
  [
    10.947831736548821,
    14.518127755207626,
    1.5796586418527454,
    "f"
  ],
  [
    10.948279345086457,
    14.534358841308762,
    1.579659403243852,
    "f"
  ],
  [
    10.948716214618047,
    14.550200504794947,
    1.5796600426203895,
    "f"
  ],
  [
    10.949144731589382,
    14.565739284025062,
    1.5796605409957465,
    "f"
  ],
  [
    10.949567282446246,
    14.581061717357983,
    1.5796608826770466,
    "f"
  ],
  [
    10.94998625363443,
    14.596254343152582,
    1.579661056444138,
    "f"
  ],
  [
    10.95040403159972,
    14.611403699767747,
    1.579661056444138,
    "f"
  ],
  [
    10.950823002787901,
    14.626596325562346,
    1.5796608826771603,
    "f"
  ],
  [
    10.951245553644767,
    14.641918758895265,
    1.5796605409958033,
    "f"
  ],
  [
    10.951674070616104,
    14.657457538125378,
    1.5796600426203895,
    "f"
  ],
  [
    10.95211094014769,
    14.673299201611563,
    1.5796594032440225,
    "f"
  ],
  [
    10.952558548685328,
    14.689530287712703,
    1.5796586418527454,
    "f"
  ],
  [
    10.953019282674795,
    14.706237334787671,
    1.579657779423428,
    "f"
  ],
  [
    10.953495528561884,
    14.723506881195348,
    1.579656837644734,
    "f"
  ],
  [
    10.953989672792378,
    14.741425465294611,
    1.5796558377903693,
    "f"
  ],
  [
    10.954504101812065,
    14.760079625444337,
    1.5796547998166943,
    "f"
  ],
  [
    10.955041202066738,
    14.779555900003405,
    1.5796537417264744,
    "f"
  ],
  [
    10.95560336000218,
    14.799940827330696,
    1.5796526791860401,
    "f"
  ],
  [
    10.956192962064181,
    14.821320945785082,
    1.5796516253672621,
    "f"
  ],
  [
    10.956812394698527,
    14.843782793725449,
    1.5796505909695497,
    "f"
  ],
  [
    10.957464044351005,
    14.867412909510668,
    1.579649584366166,
    "f"
  ],
  [
    10.958150297467405,
    14.892297831499622,
    1.5796486118336475,
    "f"
  ],
  [
    10.95887354049351,
    14.918524098051185,
    1.5796476778214128,
    "f"
  ],
  [
    10.959636159875116,
    14.946178247524237,
    1.5796467852339333,
    "f"
  ],
  [
    10.960440542058002,
    14.975346818277657,
    1.579645935703752,
    "f"
  ],
  [
    10.961289073487961,
    15.006116348670323,
    1.579645129842902,
    "f"
  ],
  [
    10.962184140610779,
    15.038573377061113,
    1.579644367465562,
    "f"
  ],
  [
    10.963128129872247,
    15.072804441808907,
    1.5796436477792213,
    "f"
  ],
  [
    10.964123427718143,
    15.108896081272576,
    1.5796429695449206,
    "f"
  ],
  [
    10.965172420594266,
    15.146934833811006,
    1.579642331208447,
    "f"
  ],
  [
    10.966277494946393,
    15.187007237783071,
    1.5796417310062338,
    "f"
  ],
  [
    10.967441037220322,
    15.229199831547653,
    1.5796411670488624,
    "f"
  ],
  [
    10.968665433861837,
    15.273599153463628,
    1.5796406373851823,
    "f"
  ],
  [
    10.969953071316718,
    15.320291741889866,
    1.5796401400520494,
    "f"
  ],
  [
    10.971306336030764,
    15.36936413518526,
    1.5796396731106483,
    "f"
  ],
  [
    10.97272761444976,
    15.42090287170868,
    1.5796392346726975,
    "f"
  ],
  [
    10.974219293019486,
    15.474994489819004,
    1.5796388229191507,
    "f"
  ],
  [
    10.975783758185738,
    15.53172552787511,
    1.5796384361120772,
    "f"
  ],
  [
    10.9774233963943,
    15.59118252423588,
    1.5796380726024495,
    "f"
  ],
  [
    10.979140594090962,
    15.65345201726019,
    1.5796377308332694,
    "f"
  ],
  [
    10.980937737721508,
    15.718620545306912,
    1.5796374093413874,
    "f"
  ],
  [
    10.982817213731725,
    15.786774646734933,
    1.5796371067557402,
    "f"
  ],
  [
    10.984781408567411,
    15.858000859903132,
    1.5796368217954182,
    "f"
  ],
  [
    10.986832708674342,
    15.932385723170379,
    1.5796365532664254,
    "f"
  ],
  [
    10.988973500498307,
    16.010015774895557,
    1.5796363000570182,
    "f"
  ],
  [
    10.991206170485096,
    16.09097755343754,
    1.579636061134238,
    "f"
  ],
  [
    10.993533105080502,
    16.175357597155216,
    1.579635835538511,
    "f"
  ],
  [
    10.995956690730303,
    16.26324244440745,
    1.579635622379726,
    "f"
  ],
  [
    10.998479313880296,
    16.35471863355313,
    1.5796354208320054,
    "f"
  ],
  [
    11.001103360976257,
    16.44987270295113,
    1.5796352301298384,
    "f"
  ],
  [
    11.003831218463985,
    16.54879119096033,
    1.5796350495634215,
    "f"
  ],
  [
    11.006665272789258,
    16.651560635939607,
    1.5796348784747352,
    "f"
  ],
  [
    11.009607910397877,
    16.75826757624784,
    1.5796347162538495,
    "f"
  ],
  [
    11.012661517735612,
    16.868998550243905,
    1.5796345623351726,
    "f"
  ],
  [
    11.01582848124827,
    16.98384009628668,
    1.5796344161940965,
    "f"
  ],
  [
    11.019111187381622,
    17.102878752735045,
    1.5796342773437573,
    "f"
  ]
]