[
  [
    0.0,
    0.0,
    90.192,
    "f"
  ],
  [
    0.11835492140870493,
    -0.00039661263296528193,
    90.192,
    "f"
  ],
  [
    0.23107426927906716,
    -0.0007743402070524846,
    90.192,
    "f"
  ],
  [
    0.33827424100362985,
    -0.0011335721049189063,
    90.192,
    "f"
  ],
  [
    0.4400710339749362,
    -0.0014746977092219005,
    90.192,
    "f"
  ],
  [
    0.5365808455855294,
    -0.0017981064026185711,
    90.192,
    "f"
  ],
  [
    0.6279198732279524,
    -0.0021041875677664246,
    90.192,
    "f"
  ],
  [
    0.7142043142947486,
    -0.0023933305873225508,
    90.192,
    "f"
  ],
  [
    0.7955503661784611,
    -0.002665924843944234,
    90.192,
    "f"
  ],
  [
    0.8720742262716326,
    -0.0029223597202888696,
    90.192,
    "f"
  ],
  [
    0.943892091966807,
    -0.0031630245990136863,
    90.192,
    "f"
  ],
  [
    1.011120160656527,
    -0.003388308862775913,
    90.192,
    "f"
  ],
  [
    1.0738746297333353,
    -0.003598601894233,
    90.192,
    "f"
  ],
  [
    1.1322716965897766,
    -0.0037942930760419546,
    90.192,
    "f"
  ],
  [
    1.1864275586183919,
    -0.003975771790860283,
    90.192,
    "f"
  ],
  [
    1.2364584132117264,
    -0.004143427421345214,
    90.192,
    "f"
  ],
  [
    1.2824804577623214,
    -0.004297649350153976,
    90.192,
    "f"
  ],
  [
    1.3246098896627219,
    -0.004438826959943798,
    90.192,
    "f"
  ],
  [
    1.362962906305469,
    -0.004567349633372131,
    90.192,
    "f"
  ],
  [
    1.3976557050831078,
    -0.004683606753096092,
    90.192,
    "f"
  ],
  [
    1.4288044833881806,
    -0.004787987701773022,
    90.192,
    "f"
  ],
  [
    1.4565254386132298,
    -0.004880881862060149,
    90.192,
    "f"
  ],
  [
    1.4809347681508,
    -0.004962678616614924,
    90.192,
    "f"
  ],
  [
    1.5021486693934334,
    -0.0050337673480943534,
    90.192,
    "f"
  ],
  [
    1.5202833397336737,
    -0.0050945374391559994,
    90.192,
    "f"
  ],
  [
    1.5354549765640628,
    -0.005145378272457202,
    90.192,
    "f"
  ],
  [
    1.547779777277146,
    -0.005186679230654745,
    90.192,
    "f"
  ],
  [
    1.5573739392654649,
    -0.005218829696406524,
    90.192,
    "f"
  ],
  [
    1.5643536599215626,
    -0.0052422190523689904,
    90.192,
    "f"
  ],
  [
    1.5688351366379822,
    -0.005257236681200594,
    90.192,
    "f"
  ],
  [
    1.5709345668072683,
    -0.005264271965557565,
    90.192,
    "f"
  ],
  [
    1.570768147821962,
    -0.005263714288097687,
    90.192,
    "f"
  ],
  [
    1.5684520770746078,
    -0.005255953031478189,
    90.192,
    "f"
  ],
  [
    1.5641025519577494,
    -0.005241377578356188,
    90.192,
    "f"
  ],
  [
    1.5578357698639282,
    -0.005220377311389024,
    90.192,
    "f"
  ],
  [
    1.5497679281856884,
    -0.005193341613234148,
    90.192,
    "f"
  ],
  [
    1.540015224315573,
    -0.0051606598665489,
    90.192,
    "f"
  ],
  [
    1.5286938556461254,
    -0.0051227214539900645,
    90.192,
    "f"
  ],
  [
    1.5159200195698876,
    -0.005079915758215203,
    90.192,
    "f"
  ],
  [
    1.5018099134794036,
    -0.005032632161881878,
    90.192,
    "f"
  ],
  [
    1.486479734767218,
    -0.004981260047646763,
    90.192,
    "f"
  ],
  [
    1.4700456808258715,
    -0.004926188798168085,
    90.192,
    "f"
  ],
  [
    1.4526239490479078,
    -0.004867807796101964,
    90.192,
    "f"
  ],
  [
    1.434330736825871,
    -0.004806506424106627,
    90.192,
    "f"
  ],
  [
    1.4152822415523043,
    -0.004742674064838859,
    90.192,
    "f"
  ],
  [
    1.3955946606197491,
    -0.004676700100955888,
    90.192,
    "f"
  ],
  [
    1.3753841914207507,
    -0.0046089739151151665,
    90.192,
    "f"
  ],
  [
    1.3547670313478508,
    -0.004539884889974144,
    90.192,
    "f"
  ],
  [
    1.3338593777935936,
    -0.0044698224081898275,
    90.192,
    "f"
  ],
  [
    1.3127774281505207,
    -0.004399175852419668,
    90.192,
    "f"
  ],
  [
    1.291637379811177,
    -0.004328334605320672,
    90.192,
    "f"
  ],
  [
    1.2705554301681048,
    -0.004257688049550512,
    90.192,
    "f"
  ],
  [
    1.249647776613847,
    -0.0041876255677660845,
    90.192,
    "f"
  ],
  [
    1.2290306165409475,
    -0.004118536542625062,
    90.192,
    "f"
  ],
  [
    1.2088201473419484,
    -0.004050810356784451,
    90.192,
    "f"
  ],
  [
    1.1891325664093944,
    -0.003984836392901703,
    90.192,
    "f"
  ],
  [
    1.1700840711358265,
    -0.003921004033633824,
    90.192,
    "f"
  ],
  [
    1.1517908589137902,
    -0.0038597026616382646,
    90.192,
    "f"
  ],
  [
    1.1343691271358272,
    -0.0038013216595723653,
    90.192,
    "f"
  ],
  [
    1.1179350731944804,
    -0.0037462504100935767,
    90.192,
    "f"
  ],
  [
    1.1026048944822942,
    -0.0036948782958584614,
    90.192,
    "f"
  ],
  [
    1.0884947883918106,
    -0.0036475946995250252,
    90.192,
    "f"
  ],
  [
    1.075720952315573,
    -0.003604789003750386,
    90.192,
    "f"
  ],
  [
    1.064399583646125,
    -0.0035668505911915505,
    90.192,
    "f"
  ],
  [
    1.0546468797760096,
    -0.0035341688445061914,
    90.192,
    "f"
  ],
  [
    1.0465790380977702,
    -0.0035071331463512045,
    90.192,
    "f"
  ],
  [
    1.040312256003949,
    -0.0034861328793842072,
    90.192,
    "f"
  ],
  [
    1.0359627308870898,
    -0.0034715574262622617,
    90.192,
    "f"
  ],
  [
    1.0336466601397358,
    -0.0034637961696426522,
    90.192,
    "f"
  ],
  [
    1.0334802411544302,
    -0.003463238492182885,
    90.192,
    "f"
  ],
  [
    1.035579671323716,
    -0.003470273776539856,
    90.192,
    "f"
  ],
  [
    1.0400611480401363,
    -0.0034852914053710715,
    90.192,
    "f"
  ],
  [
    1.0470408686962338,
    -0.0035086807613340376,
    90.192,
    "f"
  ],
  [
    1.0566350306845527,
    -0.0035408312270854836,
    90.192,
    "f"
  ],
  [
    1.0689598313976352,
    -0.003582132185283249,
    90.192,
    "f"
  ],
  [
    1.0841314682280252,
    -0.003632973018584118,
    90.192,
    "f"
  ],
  [
    1.1022661385682648,
    -0.003693743109645764,
    90.192,
    "f"
  ],
  [
    1.1234800398108984,
    -0.0037648318411254156,
    90.192,
    "f"
  ],
  [
    1.1478893693484684,
    -0.0038466285956800794,
    90.192,
    "f"
  ],
  [
    1.175610324573518,
    -0.003939522755967317,
    90.192,
    "f"
  ],
  [
    1.206759102878591,
    -0.004043903704644247,
    90.192,
    "f"
  ],
  [
    1.2414519016562293,
    -0.00416016082436832,
    90.192,
    "f"
  ],
  [
    1.279804918298977,
    -0.0042886834977965416,
    90.192,
    "f"
  ],
  [
    1.3219343501993772,
    -0.004429861107586364,
    90.192,
    "f"
  ],
  [
    1.3679563947499722,
    -0.004584083036395237,
    90.192,
    "f"
  ],
  [
    1.4179872493433066,
    -0.0047517386668800565,
    90.192,
    "f"
  ],
  [
    1.4721431113719223,
    -0.004933217381698274,
    90.192,
    "f"
  ],
  [
    1.5305401782283634,
    -0.0051289085635074505,
    90.192,
    "f"
  ],
  [
    1.593294647305172,
    -0.005339201594964482,
    90.192,
    "f"
  ],
  [
    1.6605227159948923,
    -0.00556448585872682,
    90.192,
    "f"
  ],
  [
    1.7323405816900665,
    -0.005805150737451359,
    90.192,
    "f"
  ],
  [
    1.8088644417832378,
    -0.0060615856137961055,
    90.192,
    "f"
  ],
  [
    1.8902104936669506,
    -0.006334179870417844,
    90.192,
    "f"
  ],
  [
    1.9764949347337462,
    -0.006623322889974248,
    90.192,
    "f"
  ],
  [
    2.06783396237617,
    -0.00692940405512199,
    90.192,
    "f"
  ],
  [
    2.1643437739867624,
    -0.0072528127485183,
    90.192,
    "f"
  ],
  [
    2.266140566958069,
    -0.0075939383528214055,
    90.192,
    "f"
  ],
  [
    2.3733405386826325,
    -0.007953170250687869,
    90.192,
    "f"
  ],
  [
    2.4860598865529937,
    -0.008330897824775363,
    90.192,
    "f"
  ],
  [
    2.604414807961698,
    -0.00872751045774045,
    90.192,
    "f"
  ],
  [
    2.604414807961698,
    -0.00872751045774045,
    90.192,
    "f"
  ],
  [
    2.7256539636728863,
    -0.008469647184878193,
    89.56457356623126,
    "f"
  ],
  [
    2.8469319914948645,
    -0.006885057398505978,
    88.93853483304069,
    "f"
  ],
  [
    2.9682240543864333,
    -0.0039757960168134154,
    88.3136469231806,
    "f"
  ],
  [
    3.089505315306387,
    0.0002560820420069998,
    87.68967321959006,
    "f"
  ],
  [
    3.2107509372135254,
    0.0058085218597658805,
    87.06637728361282,
    "f"
  ],
  [
    3.331936083066643,
    0.01267946851827051,
    86.44352277019628,
    "f"
  ],
  [
    3.4530359158245374,
    0.020866867099331277,
    85.82087334075656,
    "f"
  ],
  [
    3.574025598446008,
    0.03036866268475702,
    85.1981925743854,
    "f"
  ],
  [
    3.694880293889848,
    0.041182800356356575,
    84.57524387806261,
    "f"
  ],
  [
    3.8155751651148586,
    0.05330722519593922,
    83.95179039653821,
    "f"
  ],
  [
    3.9360853750798332,
    0.06673988228531313,
    83.32759492254682,
    "f"
  ],
  [
    4.056386086743572,
    0.08147871670628848,
    82.70241980802415,
    "f"
  ],
  [
    4.176452463064873,
    0.09752167354067454,
    82.07602687700818,
    "f"
  ],
  [
    4.296259667002528,
    0.11486669787027992,
    81.44817734092042,
    "f"
  ],
  [
    4.415782861515339,
    0.13351173477691258,
    80.81863171694714,
    "f"
  ],
  [
    4.5349972095621,
    0.1534547293423838,
    80.18714975026352,
    "f"
  ],
  [
    4.653877874101612,
    0.17469362664850063,
    79.55349034087685,
    "f"
  ],
  [
    4.772400018092667,
    0.19722637177707236,
    78.9174114758993,
    "f"
  ],
  [
    4.890538804494067,
    0.22105090980991005,
    78.27867016810363,
    "f"
  ],
  [
    5.008269396264607,
    0.2461651858288203,
    77.63702240165894,
    "f"
  ],
  [
    5.125566956363083,
    0.2725671449156142,
    76.99222308599745,
    "f"
  ],
  [
    5.242406647748294,
    0.3002547321520983,
    76.34402601881736,
    "f"
  ],
  [
    5.358763633379034,
    0.32922589262008506,
    75.6921838592887,
    "f"
  ],
  [
    5.474613076214106,
    0.3594785714013806,
    75.03644811259566,
    "f"
  ],
  [
    5.5899301392123,
    0.39101071357779427,
    74.37656912701759,
    "f"
  ],
  [
    5.70468998533242,
    0.4238202642311375,
    73.71229610482776,
    "f"
  ],
  [
    5.81886777753326,
    0.4579051684432174,
    73.04337712836688,
    "f"
  ],
  [
    5.9324386787736145,
    0.4932633712958432,
    72.36955920273066,
    "f"
  ],
  [
    6.045377852012284,
    0.5298928178708238,
    71.69058831659736,
    "f"
  ],
  [
    6.157660460208065,
    0.5677914532499693,
    71.00620952280978,
    "f"
  ],
  [
    6.269261666319753,
    0.6069572225150881,
    70.31616704041487,
    "f"
  ],
  [
    6.380156633306148,
    0.6473880707479891,
    69.6202043799568,
    "f"
  ],
  [
    6.490320524126047,
    0.6890819430304824,
    68.91806449390866,
    "f"
  ],
  [
    6.599728501738243,
    0.7320367844443738,
    68.20948995421837,
    "f"
  ],
  [
    6.708355729101536,
    0.7762505400714765,
    67.49422315902846,
    "f"
  ],
  [
    6.8161773691747225,
    0.8217211549935981,
    66.77200657071255,
    "f"
  ],
  [
    6.923168584916603,
    0.8684465742925473,
    66.04258298744229,
    "f"
  ],
  [
    7.029304539285969,
    0.9164247430501327,
    65.3056958505661,
    "f"
  ],
  [
    7.13456039524162,
    0.9656536063481633,
    64.56108959012987,
    "f"
  ],
  [
    7.238911315742355,
    1.0161311092684495,
    63.80851001090842,
    "f"
  ],
  [
    7.3423324637469705,
    1.0678551968928005,
    63.04770472133286,
    "f"
  ],
  [
    7.4447990022142605,
    1.1208238143030242,
    62.27842360769601,
    "f"
  ],
  [
    7.546286094103024,
    1.1750349065809296,
    61.50041935598209,
    "f"
  ],
  [
    7.646768902372061,
    1.2304864188083258,
    60.713448023608166,
    "f"
  ],
  [
    7.746222589980164,
    1.2871762960670226,
    59.91726966325949,
    "f"
  ],
  [
    7.844622319886131,
    1.3451024834388283,
    59.111649000861505,
    "f"
  ],
  [
    7.941943255048763,
    1.4042629260055532,
    58.29635616953918,
    "f"
  ],
  [
    8.038160558426853,
    1.4646555688490048,
    57.4711675011702,
    "f"
  ],
  [
    8.133249392979199,
    1.5262783570509932,
    56.63586637683481,
    "f"
  ],
  [
    8.227184921664602,
    1.5891292356933273,
    55.79024413709338,
    "f"
  ],
  [
    8.319942307441853,
    1.6532061498578159,
    54.934101052582136,
    "f"
  ],
  [
    8.41149671326975,
    1.7185070446262682,
    54.06724735489557,
    "f"
  ],
  [
    8.501823302107095,
    1.7850298650804937,
    53.18950432712052,
    "f"
  ],
  [
    8.59089723691268,
    1.8527725563023005,
    52.300705452697116,
    "f"
  ],
  [
    8.678693680645308,
    1.9217330633734977,
    51.400697620497624,
    "f"
  ],
  [
    8.76518779626377,
    1.9919093313758958,
    50.489342383140695,
    "f"
  ],
  [
    8.850354746726865,
    2.063299305391302,
    49.566517264587844,
    "f"
  ],
  [
    8.93416969499339,
    2.135900930501526,
    48.63211711201092,
    "f"
  ],
  [
    9.016607804022144,
    2.209712151788378,
    47.68605548577,
    "f"
  ],
  [
    9.097644236771922,
    2.2847309143336663,
    46.72826608011479,
    "f"
  ],
  [
    9.177254156201522,
    2.3609551632191987,
    45.758704165927554,
    "f"
  ],
  [
    9.255412725269743,
    2.438382843526786,
    44.77734804547356,
    "f"
  ],
  [
    9.332095106935379,
    2.517011900338237,
    43.78420050774173,
    "f"
  ],
  [
    9.407276464157228,
    2.5968402787353613,
    42.77929027155756,
    "f"
  ],
  [
    9.480931959894086,
    2.677865923799964,
    41.76267340226957,
    "f"
  ],
  [
    9.553036757104753,
    2.7600867806138605,
    40.73443468647389,
    "f"
  ],
  [
    9.623566018748024,
    2.8435007942588544,
    39.69468894798996,
    "f"
  ],
  [
    9.692494907782699,
    2.92810590981676,
    38.64358228717197,
    "f"
  ],
  [
    9.759798587167571,
    3.0139000723693807,
    37.58129322468096,
    "f"
  ],
  [
    9.82545221986144,
    3.100881226998529,
    36.50803373009472,
    "f"
  ],
  [
    9.889430968823103,
    3.1890473187860144,
    35.42405011524494,
    "f"
  ],
  [
    9.951709997011353,
    3.278396292813642,
    34.32962377199351,
    "f"
  ],
  [
    10.012264467384995,
    3.368926094163226,
    33.225071734326946,
    "f"
  ],
  [
    10.07106954290282,
    3.460634667916572,
    32.11074704521508,
    "f"
  ],
  [
    10.128100386523627,
    3.553519959155492,
    30.987038909664705,
    "f"
  ],
  [
    10.18333216120621,
    3.64757991296179,
    29.85437261684251,
    "f"
  ],
  [
    10.23674002990937,
    3.7428124744172804,
    28.713209216046437,
    "f"
  ],
  [
    10.288299155591904,
    3.8392155886037704,
    27.564044933683135,
    "f"
  ],
  [
    10.337984701212607,
    3.936787200603067,
    26.4074103212414,
    "f"
  ],
  [
    10.38577182973028,
    4.035525255496983,
    25.243869127519815,
    "f"
  ],
  [
    10.431635704103716,
    4.135427698367324,
    24.074016892013105,
    "f"
  ],
  [
    10.47555148729171,
    4.236492474295902,
    22.89847926034298,
    "f"
  ],
  [
    10.51749434225307,
    4.338717528364525,
    21.71791002684131,
    "f"
  ],
  [
    10.55743943194658,
    4.442100805655,
    20.53298891377858,
    "f"
  ],
  [
    10.595361919331044,
    4.546640251249139,
    19.34441910116834,
    "f"
  ],
  [
    10.63123696736526,
    4.6523338102287495,
    18.152924525457877,
    "f"
  ],
  [
    10.665039739008021,
    4.759179427675641,
    16.959246969619358,
    "f"
  ],
  [
    10.696745397218127,
    4.867175048671623,
    15.764142971068111,
    "f"
  ],
  [
    10.726329104954376,
    4.976318618298504,
    14.568380577333869,
    "f"
  ],
  [
    10.75376602517556,
    5.086608081638092,
    13.37273598239915,
    "f"
  ],
  [
    10.779031320840483,
    5.198041383772197,
    12.177990078998675,
    "f"
  ],
  [
    10.802100154907938,
    5.310616469782631,
    10.984924963868139,
    "f"
  ],
  [
    10.82294769033672,
    5.424331284751196,
    9.794320433891244,
    "f"
  ],
  [
    10.841549090085632,
    5.539183773759708,
    8.606950511282832,
    "f"
  ],
  [
    10.857879517113465,
    5.655171881889973,
    7.423580035360601,
    "f"
  ],
  [
    10.871914134379024,
    5.7722935542238005,
    6.244961357118427,
    "f"
  ],
  [
    10.883628104841097,
    5.890546735843001,
    5.071831170760049,
    "f"
  ],
  [
    10.892996591458488,
    6.009929371829379,
    3.904907513651665,
    "f"
  ],
  [
    10.899994757189992,
    6.130439407264749,
    2.7448869628905754,
    "f"
  ],
  [
    10.899994757189992,
    6.130439407264749,
    2.7448869628905754,
    "f"
  ],
  [
    10.90569756645315,
    6.249386689070542,
    2.7448877692505675,
    "f"
  ],
  [
    10.911199305544132,
    6.364140082069754,
    2.7448886179510055,
    "f"
  ],
  [
    10.916504120239692,
    6.474786058196545,
    2.744889511818826,
    "f"
  ],
  [
    10.921616156316567,
    6.581411089385067,
    2.744890453900723,
    "f"
  ],
  [
    10.92653955955151,
    6.684101647569479,
    2.744891447481507,
    "f"
  ],
  [
    10.931278475721264,
    6.782944204683937,
    2.7448924961037164,
    "f"
  ],
  [
    10.935837050602574,
    6.878025232662597,
    2.744893603588366,
    "f"
  ],
  [
    10.940219429972188,
    6.9694312034396155,
    2.7448947740571725,
    "f"
  ],
  [
    10.944429759606846,
    7.057248588949146,
    2.744896011956371,
    "f"
  ],
  [
    10.948472185283302,
    7.1415638611253485,
    2.7448973220814423,
    "f"
  ],
  [
    10.952350852778293,
    7.222463491902378,
    2.7448987096025235,
    "f"
  ],
  [
    10.956069907868578,
    7.300033953214393,
    2.744900180091406,
    "f"
  ],
  [
    10.959633496330893,
    7.374361716995546,
    2.7449017395481405,
    "f"
  ],
  [
    10.96304576394198,
    7.445533255179993,
    2.7449033944274106,
    "f"
  ],
  [
    10.966310856478596,
    7.513635039701896,
    2.7449051516644545,
    "f"
  ],
  [
    10.969432919717475,
    7.578753542495402,
    2.744907018697745,
    "f"
  ],
  [
    10.972416099435375,
    7.640975235494677,
    2.7449090034889423,
    "f"
  ],
  [
    10.975264541409029,
    7.700386590633868,
    2.7449111145363645,
    "f"
  ],
  [
    10.977982391415196,
    7.757074079847143,
    2.7449133608809575,
    "f"
  ],
  [
    10.980573795230617,
    7.81112417506865,
    2.7449157521000984,
    "f"
  ],
  [
    10.983042898632029,
    7.8626233482325425,
    2.7449182982861657,
    "f"
  ],
  [
    10.985393847396189,
    7.911658071272985,
    2.7449210100033383,
    "f"
  ],
  [
    10.987630787299835,
    7.958314816124127,
    2.744923898217394,
    "f"
  ],
  [
    10.989757864119722,
    8.00268005472013,
    2.744926974188047,
    "f"
  ],
  [
    10.991779223632589,
    8.044840258995148,
    2.7449302493164964,
    "f"
  ],
  [
    10.993699011615183,
    8.084881900883337,
    2.744933734932715,
    "f"
  ],
  [
    10.995521373844252,
    8.122891452318854,
    2.7449374420102117,
    "f"
  ],
  [
    10.997250456096538,
    8.158955385235853,
    2.7449413807908627,
    "f"
  ],
  [
    10.998890404148787,
    8.193160171568492,
    2.744945560299925,
    "f"
  ],
  [
    11.00044536377775,
    8.225592283250927,
    2.74494998773298,
    "f"
  ],
  [
    11.00191948076017,
    8.256338192217317,
    2.7449546676923546,
    "f"
  ],
  [
    11.003316900872788,
    8.28548437040181,
    2.744959601257392,
    "f"
  ],
  [
    11.004641769892356,
    8.313117289738576,
    2.7449647848734458,
    "f"
  ],
  [
    11.00589823359562,
    8.33932342216176,
    2.744970209059545,
    "f"
  ],
  [
    11.00709043775932,
    8.364189239605519,
    2.7449758569485425,
    "f"
  ],
  [
    11.008222528160207,
    8.387801214004016,
    2.7449817027010113,
    "f"
  ],
  [
    11.00929865057503,
    8.410245817291402,
    2.7449877098666775,
    "f"
  ],
  [
    11.010322950780525,
    8.431609521401834,
    2.744993829817531,
    "f"
  ],
  [
    11.01129957455344,
    8.451978798269467,
    2.745000000420191,
    "f"
  ],
  [
    11.012232667670531,
    8.471440119828463,
    2.7450061451771717,
    "f"
  ],
  [
    11.013126375908536,
    8.490079958012974,
    2.745012173109103,
    "f"
  ],
  [
    11.013984845044195,
    8.507984784757152,
    2.745017979668603,
    "f"
  ],
  [
    11.014812220854267,
    8.525241071995161,
    2.745023448957113,
    "f"
  ],
  [
    11.015612649115493,
    8.541935291661158,
    2.7450284574333637,
    "f"
  ],
  [
    11.016390275604609,
    8.55815391568929,
    2.745032879139785,
    "f"
  ],
  [
    11.017149246098372,
    8.573983416013718,
    2.7450365922574633,
    "f"
  ],
  [
    11.017893706373528,
    8.589510264568604,
    2.7450394865240924,
    "f"
  ],
  [
    11.018627802206815,
    8.604820933288096,
    2.7450414708064272,
    "f"
  ],
  [
    11.019355679374986,
    8.620001894106354,
    2.7450424799417874,
    "f"
  ],
  [
    11.020081483654785,
    8.635139618957535,
    2.7450424799417874,
    "f"
  ],
  [
    11.020809360822952,
    8.650320579775792,
    2.745041470806541,
    "f"
  ],
  [
    11.021543456656241,
    8.665631248495284,
    2.745039486524149,
    "f"
  ],
  [
    11.022287916931395,
    8.681158097050169,
    2.745036592257634,
    "f"
  ],
  [
    11.023046887425156,
    8.696987597374598,
    2.745032879139842,
    "f"
  ],
  [
    11.023824513914278,
    8.713206221402732,
    2.745028457433307,
    "f"
  ],
  [
    11.024624942175498,
    8.729900441068725,
    2.7450234489572267,
    "f"
  ],
  [
    11.02545231798557,
    8.747156728306736,
    2.745017979668546,
    "f"
  ],
  [
    11.026310787121233,
    8.765061555050915,
    2.745012173109046,
    "f"
  ],
  [
    11.027204495359236,
    8.783701393235424,
    2.7450061451771717,
    "f"
  ],
  [
    11.028137588476325,
    8.80316271479442,
    2.745000000420191,
    "f"
  ],
  [
    11.029114212249246,
    8.823531991662055,
    2.744993829817588,
    "f"
  ],
  [
    11.030138512454739,
    8.844895695772484,
    2.7449877098666207,
    "f"
  ],
  [
    11.03121463486956,
    8.867340299059874,
    2.7449817027008407,
    "f"
  ],
  [
    11.032346725270449,
    8.890952273458367,
    2.7449758569485425,
    "f"
  ],
  [
    11.03353892943415,
    8.915818090902128,
    2.744970209059602,
    "f"
  ],
  [
    11.03479539313741,
    8.942024223325312,
    2.7449647848734458,
    "f"
  ],
  [
    11.03612026215698,
    8.969657142662074,
    2.744959601257392,
    "f"
  ],
  [
    11.0375176822696,
    8.998803320846573,
    2.7449546676923546,
    "f"
  ],
  [
    11.038991799252017,
    9.029549229812961,
    2.744949987732923,
    "f"
  ],
  [
    11.040546758880978,
    9.061981341495397,
    2.744945560299925,
    "f"
  ],
  [
    11.042186706933231,
    9.096186127828037,
    2.7449413807908627,
    "f"
  ],
  [
    11.043915789185517,
    9.132250060745035,
    2.7449374420102686,
    "f"
  ],
  [
    11.045738151414582,
    9.170259612180551,
    2.7449337349326584,
    "f"
  ],
  [
    11.047657939397176,
    9.210301254068739,
    2.7449302493164964,
    "f"
  ],
  [
    11.049679298910045,
    9.252461458343756,
    2.744926974188047,
    "f"
  ],
  [
    11.051806375729928,
    9.296826696939759,
    2.744923898217394,
    "f"
  ],
  [
    11.05404331563358,
    9.343483441790903,
    2.744921010003395,
    "f"
  ],
  [
    11.056394264397738,
    9.392518164831344,
    2.7449182982861657,
    "f"
  ],
  [
    11.058863367799155,
    9.44401733799524,
    2.7449157521000984,
    "f"
  ],
  [
    11.06145477161457,
    9.498067433216745,
    2.7449133608809575,
    "f"
  ],
  [
    11.064172621620736,
    9.554754922430018,
    2.7449111145363645,
    "f"
  ],
  [
    11.067021063594392,
    9.614166277569211,
    2.7449090034889423,
    "f"
  ],
  [
    11.070004243312292,
    9.676387970568486,
    2.744907018697745,
    "f"
  ],
  [
    11.073126306551174,
    9.741506473361994,
    2.7449051516645113,
    "f"
  ],
  [
    11.076391399087786,
    9.809608257883895,
    2.7449033944274106,
    "f"
  ],
  [
    11.079803666698876,
    9.880779796068342,
    2.7449017395481405,
    "f"
  ],
  [
    11.083367255161189,
    9.955107559849496,
    2.744900180091463,
    "f"
  ],
  [
    11.08708631025147,
    10.032678021161509,
    2.7448987096025235,
    "f"
  ],
  [
    11.090964977746465,
    10.11357765193854,
    2.744897322081499,
    "f"
  ],
  [
    11.095007403422919,
    10.197892924114742,
    2.7448960119564276,
    "f"
  ],
  [
    11.099217733057582,
    10.285710309624275,
    2.7448947740571157,
    "f"
  ],
  [
    11.103600112427195,
    10.377116280401292,
    2.7448936035883094,
    "f"
  ],
  [
    11.108158687308503,
    10.472197308379952,
    2.7448924961037164,
    "f"
  ],
  [
    11.112897603478256,
    10.57103986549441,
    2.744891447481507,
    "f"
  ],
  [
    11.117821006713198,
    10.67373042367882,
    2.744890453900666,
    "f"
  ],
  [
    11.122933042790077,
    10.780355454867344,
    2.7448895118187693,
    "f"
  ],
  [
    11.128237857485633,
    10.891001430994134,
    2.7448886179510623,
    "f"
  ],
  [
    11.13373959657662,
    11.005754823993346,
    2.7448877692505675,
    "f"
  ],
  [
    11.139442405839777,
    11.124702105799138,
    2.7448869628905754,
    "f"
  ],
  [
    11.139442405839777,
    11.124702105799138,
    2.7448869628906323,
    "f"
  ],
  [
    11.145145214870642,
    11.243649387431411,
    2.7448875508271158,
    "f"
  ],
  [
    11.150646953271048,
    11.358402779914769,
    2.7448881696351464,
    "f"
  ],
  [
    11.155951766827197,
    11.469048755190435,
    2.7448888213757527,
    "f"
  ],
  [
    11.161063801325275,
    11.575673785199612,
    2.7448895082704325,
    "f"
  ],
  [
    11.165987202551486,
    11.678364341883523,
    2.7448902327142264,
    "f"
  ],
  [
    11.170726116292022,
    11.777206897183383,
    2.7448909972900424,
    "f"
  ],
  [
    11.175284688333068,
    11.872287923040398,
    2.7448918047838333,
    "f"
  ],
  [
    11.179667064460835,
    11.963693891395792,
    2.7448926582010245,
    "f"
  ],
  [
    11.183877390461506,
    12.051511274190773,
    2.744893560783339,
    "f"
  ],
  [
    11.187919812121281,
    12.135826543366562,
    2.744894516027159,
    "f"
  ],
  [
    11.191798475226356,
    12.216726170864368,
    2.744895527702397,
    "f"
  ],
  [
    11.195517525562924,
    12.294296628625409,
    2.744896599871538,
    "f"
  ],
  [
    11.19908110891718,
    12.368624388590904,
    2.744897736909195,
    "f"
  ],
  [
    11.20249337107532,
    12.439795922702057,
    2.7448989435217754,
    "f"
  ],
  [
    11.205758457823535,
    12.50789770290009,
    2.7449002247658996,
    "f"
  ],
  [
    11.208880514948024,
    12.573016201126213,
    2.7449015860652253,
    "f"
  ],
  [
    11.211863688234986,
    12.635237889321651,
    2.7449030332246025,
    "f"
  ],
  [
    11.214712123470605,
    12.694649239427601,
    2.744904572440589,
    "f"
  ],
  [
    11.217429966441085,
    12.751336723385297,
    2.7449062103049755,
    "f"
  ],
  [
    11.22002136293262,
    12.805386813135945,
    2.7449079538010324,
    "f"
  ],
  [
    11.222490458731398,
    12.85688598062075,
    2.744909810287254,
    "f"
  ],
  [
    11.224841399623623,
    12.905920697780946,
    2.7449117874662647,
    "f"
  ],
  [
    11.227078331395486,
    12.952577436557734,
    2.7449138933334325,
    "f"
  ],
  [
    11.229205399833178,
    12.996942668892332,
    2.7449161360986523,
    "f"
  ],
  [
    11.231226750722906,
    13.039102866725958,
    2.7449185240746488,
    "f"
  ],
  [
    11.233146529850849,
    13.07914450199982,
    2.7449210655225897,
    "f"
  ],
  [
    11.234968883003217,
    13.117154046655143,
    2.7449237684433,
    "f"
  ],
  [
    11.236697955966196,
    13.153217972633133,
    2.744926640304584,
    "f"
  ],
  [
    11.238337894525978,
    13.187422751875003,
    2.7449296876869766,
    "f"
  ],
  [
    11.23989284446877,
    13.219854856321977,
    2.7449329158367846,
    "f"
  ],
  [
    11.24136695158075,
    13.250600757915258,
    2.744936328110043,
    "f"
  ],
  [
    11.242764361648128,
    13.279746928596069,
    2.7449399252934654,
    "f"
  ],
  [
    11.2440892204571,
    13.30737984030563,
    2.7449437047953325,
    "f"
  ],
  [
    11.245345673793848,
    13.333585964985144,
    2.744947659702973,
    "f"
  ],
  [
    11.246537867444577,
    13.358451774575828,
    2.744951777718029,
    "f"
  ],
  [
    11.247669947195474,
    13.3820637410189,
    2.744956040000204,
    "f"
  ],
  [
    11.248746058832744,
    13.404508336255576,
    2.7449604199732676,
    "f"
  ],
  [
    11.249770348142572,
    13.425872032227065,
    2.744964882181023,
    "f"
  ],
  [
    11.250746960911156,
    13.446241300874583,
    2.7449693813201748,
    "f"
  ],
  [
    11.2516800429247,
    13.465702614139351,
    2.7449738616149943,
    "f"
  ],
  [
    11.252573739969392,
    13.484342443962582,
    2.7449782567300645,
    "f"
  ],
  [
    11.253432197831424,
    13.502247262285483,
    2.744982490437053,
    "f"
  ],
  [
    11.254259562296992,
    13.519503541049275,
    2.744986478231624,
    "f"
  ],
  [
    11.255059979152296,
    13.536197752195175,
    2.7449901300366264,
    "f"
  ],
  [
    11.255837594183525,
    13.552416367664389,
    2.744993354013218,
    "f"
  ],
  [
    11.256596553176875,
    13.568245859398138,
    2.744996061340032,
    "f"
  ],
  [
    11.257341001918544,
    13.583772699337638,
    2.744998171622285,
    "f"
  ],
  [
    11.258075086194728,
    13.5990833594241,
    2.74499961841218,
    "f"
  ],
  [
    11.258802951791614,
    13.614264311598735,
    2.7450003541978845,
    "f"
  ],
  [
    11.259528744495407,
    13.629402027802772,
    2.7450003541979413,
    "f"
  ],
  [
    11.260256610092299,
    13.644582979977411,
    2.7449996184121233,
    "f"
  ],
  [
    11.260990694368482,
    13.659893640063872,
    2.7449981716222283,
    "f"
  ],
  [
    11.261735143110151,
    13.675420480003373,
    2.7449960613399753,
    "f"
  ],
  [
    11.262494102103501,
    13.69124997173712,
    2.7449933540132747,
    "f"
  ],
  [
    11.263271717134733,
    13.707468587206339,
    2.7449901300365127,
    "f"
  ],
  [
    11.264072133990034,
    13.724162798352236,
    2.744986478231624,
    "f"
  ],
  [
    11.264899498455602,
    13.741419077116028,
    2.7449824904369393,
    "f"
  ],
  [
    11.265757956317634,
    13.759323895438932,
    2.7449782567299508,
    "f"
  ],
  [
    11.26665165336232,
    13.777963725262158,
    2.744973861615051,
    "f"
  ],
  [
    11.267584735375863,
    13.797425038526924,
    2.7449693813202316,
    "f"
  ],
  [
    11.268561348144452,
    13.817794307174447,
    2.744964882181023,
    "f"
  ],
  [
    11.269585637454284,
    13.83915800314594,
    2.7449604199732676,
    "f"
  ],
  [
    11.270661749091552,
    13.861602598382614,
    2.744956040000204,
    "f"
  ],
  [
    11.271793828842455,
    13.885214564825686,
    2.744951777718029,
    "f"
  ],
  [
    11.272986022493178,
    13.910080374416369,
    2.74494765970303,
    "f"
  ],
  [
    11.27424247582993,
    13.936286499095884,
    2.7449437047953325,
    "f"
  ],
  [
    11.275567334638897,
    13.963919410805438,
    2.7449399252934654,
    "f"
  ],
  [
    11.276964744706273,
    13.99306558148625,
    2.744936328110043,
    "f"
  ],
  [
    11.27843885181826,
    14.023811483079538,
    2.7449329158367846,
    "f"
  ],
  [
    11.27999380176105,
    14.05624358752651,
    2.7449296876869766,
    "f"
  ],
  [
    11.281633740320833,
    14.090448366768381,
    2.744926640304584,
    "f"
  ],
  [
    11.283362813283809,
    14.126512292746368,
    2.744923768443357,
    "f"
  ],
  [
    11.285185166436177,
    14.16452183740169,
    2.744921065522533,
    "f"
  ],
  [
    11.287104945564119,
    14.20456347267555,
    2.7449185240746488,
    "f"
  ],
  [
    11.289126296453844,
    14.246723670509176,
    2.7449161360985954,
    "f"
  ],
  [
    11.29125336489154,
    14.291088902843779,
    2.7449138933333757,
    "f"
  ],
  [
    11.293490296663403,
    14.337745641620566,
    2.7449117874663216,
    "f"
  ],
  [
    11.295841237555624,
    14.386780358780758,
    2.744909810287254,
    "f"
  ],
  [
    11.298310333354408,
    14.438279526265571,
    2.744907953801089,
    "f"
  ],
  [
    11.300901729845942,
    14.492329616016216,
    2.7449062103049755,
    "f"
  ],
  [
    11.30361957281642,
    14.549017099973906,
    2.744904572440646,
    "f"
  ],
  [
    11.306468008052041,
    14.608428450079863,
    2.7449030332246593,
    "f"
  ],
  [
    11.309451181339002,
    14.670650138275299,
    2.7449015860652253,
    "f"
  ],
  [
    11.31257323846349,
    14.735768636501422,
    2.7449002247659564,
    "f"
  ],
  [
    11.315838325211706,
    14.803870416699455,
    2.7448989435217754,
    "f"
  ],
  [
    11.319250587369847,
    14.87504195081061,
    2.744897736909195,
    "f"
  ],
  [
    11.322814170724103,
    14.9493697107761,
    2.744896599871481,
    "f"
  ],
  [
    11.32653322106067,
    15.026940168537141,
    2.744895527702397,
    "f"
  ],
  [
    11.330411884165745,
    15.107839796034952,
    2.744894516027216,
    "f"
  ],
  [
    11.33445430582552,
    15.19215506521074,
    2.744893560783339,
    "f"
  ],
  [
    11.338664631826191,
    15.279972448005719,
    2.7448926582010245,
    "f"
  ],
  [
    11.343047007953958,
    15.371378416361114,
    2.74489180478389,
    "f"
  ],
  [
    11.347605579995006,
    15.466459442218131,
    2.7448909972900424,
    "f"
  ],
  [
    11.352344493735538,
    15.56530199751799,
    2.7448902327142264,
    "f"
  ],
  [
    11.357267894961746,
    15.667992554201895,
    2.7448895082704325,
    "f"
  ],
  [
    11.36237992945983,
    15.774617584211079,
    2.7448888213757527,
    "f"
  ],
  [
    11.367684743015976,
    15.885263559486738,
    2.7448881696351464,
    "f"
  ],
  [
    11.373186481416383,
    16.0000169519701,
    2.7448875508271158,
    "f"
  ],
  [
    11.378889290447251,
    16.118964233602373,
    2.7448869628906323,
    "f"
  ]
]