[
  [
    -0.0,
    -0.0,
    268.799,
    "r"
  ],
  [
    0.11930661112481576,
    0.002501200450354499,
    268.799,
    "r"
  ],
  [
    0.2349064110945498,
    0.004924689551412769,
    268.799,
    "r"
  ],
  [
    0.34687582900518316,
    0.007272069599036594,
    268.799,
    "r"
  ],
  [
    0.45529129395269696,
    0.009544942889087762,
    268.799,
    "r"
  ],
  [
    0.5602292350330723,
    0.011744911717428023,
    268.799,
    "r"
  ],
  [
    0.6617660813422901,
    0.01387357837991917,
    268.799,
    "r"
  ],
  [
    0.7599782619763317,
    0.015932545172422985,
    268.799,
    "r"
  ],
  [
    0.8549422060311778,
    0.017923414390801223,
    268.799,
    "r"
  ],
  [
    0.9467343426028093,
    0.019847788330915703,
    268.799,
    "r"
  ],
  [
    1.0354311007872081,
    0.021707269288628206,
    268.799,
    "r"
  ],
  [
    1.1211089096803548,
    0.023503459559800446,
    268.799,
    "r"
  ],
  [
    1.20384419837823,
    0.02523796144029425,
    268.799,
    "r"
  ],
  [
    1.2837133959768159,
    0.026912377225971396,
    268.799,
    "r"
  ],
  [
    1.3607929315720921,
    0.028528309212693656,
    268.799,
    "r"
  ],
  [
    1.4351592342600412,
    0.03008735969632277,
    268.799,
    "r"
  ],
  [
    1.5068887331366427,
    0.03159113097272054,
    268.799,
    "r"
  ],
  [
    1.5760578572978792,
    0.03304122533774878,
    268.799,
    "r"
  ],
  [
    1.6427430358397304,
    0.034439245087269255,
    268.799,
    "r"
  ],
  [
    1.7070206978581788,
    0.0357867925171437,
    268.799,
    "r"
  ],
  [
    1.7689672724492043,
    0.037085469923233916,
    268.799,
    "r"
  ],
  [
    1.8286591887087877,
    0.038336879601401724,
    268.799,
    "r"
  ],
  [
    1.886172875732912,
    0.03954262384750881,
    268.799,
    "r"
  ],
  [
    1.9415847626175555,
    0.04070430495741703,
    268.799,
    "r"
  ],
  [
    1.9949712784587021,
    0.04182352522698812,
    268.799,
    "r"
  ],
  [
    2.046408852352331,
    0.04290188695208391,
    268.799,
    "r"
  ],
  [
    2.095973913394424,
    0.04394099242856617,
    268.799,
    "r"
  ],
  [
    2.1437428906809615,
    0.044942443952296574,
    268.799,
    "r"
  ],
  [
    2.189792213307925,
    0.04590784381913701,
    268.799,
    "r"
  ],
  [
    2.2341983103712955,
    0.04683879432494922,
    268.799,
    "r"
  ],
  [
    2.2770376109670547,
    0.04773689776559503,
    268.799,
    "r"
  ],
  [
    2.318386544191182,
    0.048603756436936124,
    268.799,
    "r"
  ],
  [
    2.3583215391396597,
    0.049440972634834324,
    268.799,
    "r"
  ],
  [
    2.396919024908471,
    0.0502501486551514,
    268.799,
    "r"
  ],
  [
    2.434255430593593,
    0.05103288679374923,
    268.799,
    "r"
  ],
  [
    2.470407185291008,
    0.05179078934648937,
    268.799,
    "r"
  ],
  [
    2.505450718096698,
    0.0525254586092338,
    268.799,
    "r"
  ],
  [
    2.5394624581066436,
    0.053238496877844266,
    268.799,
    "r"
  ],
  [
    2.572518834416827,
    0.053931506448182426,
    268.799,
    "r"
  ],
  [
    2.6046962761232257,
    0.054606089616110215,
    268.799,
    "r"
  ],
  [
    2.6360712123218253,
    0.05526384867748932,
    268.799,
    "r"
  ],
  [
    2.666720072108604,
    0.05590638592818151,
    268.799,
    "r"
  ],
  [
    2.6967192845795434,
    0.056535303664048575,
    268.799,
    "r"
  ],
  [
    2.726145278830625,
    0.05715220418095232,
    268.799,
    "r"
  ],
  [
    2.7550744839578307,
    0.05775868977475454,
    268.799,
    "r"
  ],
  [
    2.783583329057139,
    0.05835636274131695,
    268.799,
    "r"
  ],
  [
    2.8117482432245327,
    0.05894682537650142,
    268.799,
    "r"
  ],
  [
    2.8396456555559935,
    0.05953167997616962,
    268.799,
    "r"
  ],
  [
    2.867351995147502,
    0.060112528836183315,
    268.799,
    "r"
  ],
  [
    2.894943691095037,
    0.06069097425240444,
    268.799,
    "r"
  ],
  [
    2.9224971724945834,
    0.06126861852069465,
    268.799,
    "r"
  ],
  [
    2.950088868442119,
    0.06184706393691575,
    268.799,
    "r"
  ],
  [
    2.9777952080336267,
    0.06242791279692947,
    268.799,
    "r"
  ],
  [
    3.005692620365087,
    0.06301276739659772,
    268.799,
    "r"
  ],
  [
    3.033857534532481,
    0.06360323003178209,
    268.799,
    "r"
  ],
  [
    3.062366379631791,
    0.06420090299834452,
    268.799,
    "r"
  ],
  [
    3.0912955847589956,
    0.06480738859214674,
    268.799,
    "r"
  ],
  [
    3.1207215790100764,
    0.06542428910905052,
    268.799,
    "r"
  ],
  [
    3.1507207914810165,
    0.06605320684491767,
    268.799,
    "r"
  ],
  [
    3.1813696512677954,
    0.0666957440956098,
    268.799,
    "r"
  ],
  [
    3.212744587466394,
    0.0673535031569889,
    268.799,
    "r"
  ],
  [
    3.2449220291727943,
    0.06802808632491669,
    268.799,
    "r"
  ],
  [
    3.2779784054829766,
    0.06872109589525488,
    268.799,
    "r"
  ],
  [
    3.3119901454929224,
    0.06943413416386535,
    268.799,
    "r"
  ],
  [
    3.3470336782986125,
    0.07016880342660975,
    268.799,
    "r"
  ],
  [
    3.3831854329960285,
    0.07092670597934991,
    268.799,
    "r"
  ],
  [
    3.4205218386811502,
    0.07170944411794772,
    268.799,
    "r"
  ],
  [
    3.45911932444996,
    0.07251862013826482,
    268.799,
    "r"
  ],
  [
    3.4990543193984376,
    0.07335583633616305,
    268.799,
    "r"
  ],
  [
    3.5404032526225664,
    0.07422269500750411,
    268.799,
    "r"
  ],
  [
    3.583242553218325,
    0.0751207984481499,
    268.799,
    "r"
  ],
  [
    3.6276486502816963,
    0.0760517489539621,
    268.799,
    "r"
  ],
  [
    3.673697972908659,
    0.07701714882080252,
    268.799,
    "r"
  ],
  [
    3.721466950195197,
    0.07801860034453295,
    268.799,
    "r"
  ],
  [
    3.7710320112372893,
    0.07905770582101523,
    268.799,
    "r"
  ],
  [
    3.822469585130919,
    0.08013606754611097,
    268.799,
    "r"
  ],
  [
    3.8758561009720642,
    0.08125528781568209,
    268.799,
    "r"
  ],
  [
    3.9312679878567085,
    0.08241696892559025,
    268.799,
    "r"
  ],
  [
    3.9887816748808325,
    0.08362271317169745,
    268.799,
    "r"
  ],
  [
    4.048473591140416,
    0.08487412284986523,
    268.799,
    "r"
  ],
  [
    4.110420165731442,
    0.08617280025595542,
    268.799,
    "r"
  ],
  [
    4.17469782774989,
    0.08752034768582989,
    268.799,
    "r"
  ],
  [
    4.241383006291742,
    0.08891836743535031,
    268.799,
    "r"
  ],
  [
    4.310552130452979,
    0.09036846180037855,
    268.799,
    "r"
  ],
  [
    4.382281629329579,
    0.09187223307677639,
    268.799,
    "r"
  ],
  [
    4.456647932017528,
    0.09343128356040553,
    268.799,
    "r"
  ],
  [
    4.533727467612805,
    0.0950472155471278,
    268.799,
    "r"
  ],
  [
    4.613596665211391,
    0.09672163133280487,
    268.799,
    "r"
  ],
  [
    4.696331953909267,
    0.0984561332132986,
    268.799,
    "r"
  ],
  [
    4.782009762802414,
    0.100252323484471,
    268.799,
    "r"
  ],
  [
    4.870706520986812,
    0.10211180444218332,
    268.799,
    "r"
  ],
  [
    4.962498657558442,
    0.10403617838229778,
    268.799,
    "r"
  ],
  [
    5.05746260161329,
    0.1060270476006761,
    268.799,
    "r"
  ],
  [
    5.15567478224733,
    0.10808601439318005,
    268.799,
    "r"
  ],
  [
    5.25721162855655,
    0.11021468105567106,
    268.799,
    "r"
  ],
  [
    5.362149569636924,
    0.11241464988401123,
    268.799,
    "r"
  ],
  [
    5.470565034584437,
    0.1146875231740625,
    268.799,
    "r"
  ],
  [
    5.582534452495071,
    0.11703490322168625,
    268.799,
    "r"
  ],
  [
    5.698134252464805,
    0.11945839232274463,
    268.799,
    "r"
  ],
  [
    5.817440863589621,
    0.12195959277309915,
    268.799,
    "r"
  ],
  [
    5.817440863589621,
    0.12195959277309915,
    268.799,
    "r"
  ],
  [
    5.938712432631742,
    0.12540611975862526,
    267.9468972001098,
    "r"
  ],
  [
    6.0601388660527915,
    0.13065612442157298,
    267.10335705265527,
    "r"
  ],
  [
    6.181694232497853,
    0.13769701299236559,
    266.26814882767496,
    "r"
  ],
  [
    6.303352600612011,
    0.14651619170142605,
    265.4410355187167,
    "r"
  ],
  [
    6.425088039040346,
    0.15710106677917823,
    264.62177453973345,
    "r"
  ],
  [
    6.546874616427942,
    0.16943904445604496,
    263.8101183715146,
    "r"
  ],
  [
    6.66868640141988,
    0.1835175309624496,
    263.0058151590399,
    "r"
  ],
  [
    6.790497462661244,
    0.19932393252881564,
    262.2086092613541,
    "r"
  ],
  [
    6.912281868797115,
    0.2168456553855661,
    261.4182417557274,
    "r"
  ],
  [
    7.034013688472581,
    0.2360701057631246,
    260.6344508980004,
    "r"
  ],
  [
    7.155666990332717,
    0.25698468989191414,
    259.85697254110084,
    "r"
  ],
  [
    7.277215843022612,
    0.2795768140023581,
    259.0855405137876,
    "r"
  ],
  [
    7.398634315187347,
    0.30383388432488,
    258.31988696171493,
    "r"
  ],
  [
    7.5198964754720015,
    0.32974330708990285,
    257.55974265292343,
    "r"
  ],
  [
    7.6409763925216625,
    0.3572924885278502,
    256.8048372498638,
    "r"
  ],
  [
    7.761848134981409,
    0.38646883486914463,
    256.0548995500394,
    "r"
  ],
  [
    7.882485771496327,
    0.41725975234421087,
    255.309657697322,
    "r"
  ],
  [
    8.002863370711495,
    0.4496526471834703,
    254.56883936595477,
    "r"
  ],
  [
    8.122955001272006,
    0.4836349256173481,
    253.8321719192072,
    "r"
  ],
  [
    8.242734731822932,
    0.5191939938762665,
    253.09938254459098,
    "r"
  ],
  [
    8.362176631009355,
    0.5563172581906486,
    252.37019836748857,
    "r"
  ],
  [
    8.481254767476365,
    0.5949921247909183,
    251.64434654498564,
    "r"
  ],
  [
    8.599943209869041,
    0.6352059999074986,
    250.92155434163521,
    "r"
  ],
  [
    8.718216026832467,
    0.6769462897708132,
    250.20154918882258,
    "r"
  ],
  [
    8.836047287011723,
    0.7202004006112845,
    249.48405872933927,
    "r"
  ],
  [
    8.953411059051897,
    0.7649557386593372,
    248.7688108487156,
    "r"
  ],
  [
    9.070281411598067,
    0.8111997101453932,
    248.0555336948098,
    "r"
  ],
  [
    9.186632413295314,
    0.8589197212998767,
    247.34395568710033,
    "r"
  ],
  [
    9.302438132788726,
    0.9081031783532099,
    246.63380551707655,
    "r"
  ],
  [
    9.417672638723387,
    0.9587374875358174,
    245.92481214109125,
    "r"
  ],
  [
    9.53230999974437,
    1.0108100550781218,
    245.21670476699018,
    "r"
  ],
  [
    9.646324284496764,
    1.064308287210547,
    244.5092128358101,
    "r"
  ],
  [
    9.759689561625656,
    1.1192195901635154,
    243.80206599980738,
    "r"
  ],
  [
    9.872379899776126,
    1.1755313701674508,
    243.09499409805824,
    "r"
  ],
  [
    9.98436936759325,
    1.2332310334527758,
    242.38772713085825,
    "r"
  ],
  [
    10.095632033722117,
    1.292305986249915,
    241.67999523413744,
    "r"
  ],
  [
    10.20614196680781,
    1.3527436347892912,
    240.97152865510662,
    "r"
  ],
  [
    10.315873235495408,
    1.4145313853013268,
    240.2620577303494,
    "r"
  ],
  [
    10.424799908429994,
    1.477656644016446,
    239.55131286758558,
    "r"
  ],
  [
    10.532896054256657,
    1.5421068171650725,
    238.8390245323427,
    "r"
  ],
  [
    10.640135741620476,
    1.6078693109776285,
    238.12492324079352,
    "r"
  ],
  [
    10.746493039166527,
    1.6749315316845372,
    237.4087395600381,
    "r"
  ],
  [
    10.851942015539906,
    1.743280885516223,
    236.69020411714348,
    "r"
  ],
  [
    10.956456739385686,
    1.8129047787031092,
    235.96904761828193,
    "r"
  ],
  [
    11.060011279348952,
    1.8837906174756176,
    235.2450008793512,
    "r"
  ],
  [
    11.162579704074785,
    1.955925808064173,
    234.51779486949982,
    "r"
  ],
  [
    11.264136082208271,
    2.029297756699198,
    233.7871607690263,
    "r"
  ],
  [
    11.364654482394492,
    2.1038938696111162,
    233.05283004316925,
    "r"
  ],
  [
    11.464108973278528,
    2.17970155303035,
    232.31453453335473,
    "r"
  ],
  [
    11.562473623505468,
    2.256708213187325,
    231.57200656751735,
    "r"
  ],
  [
    11.659722501720386,
    2.3349012563124614,
    230.82497909116466,
    "r"
  ],
  [
    11.755829676568373,
    2.4142680886361845,
    230.07318582090124,
    "r"
  ],
  [
    11.850769216694504,
    2.4947961163889163,
    229.31636142217758,
    "r"
  ],
  [
    11.944515190743866,
    2.576472745801082,
    228.55424171307385,
    "r"
  ],
  [
    12.037041667361546,
    2.659285383103103,
    227.7865638959621,
    "r"
  ],
  [
    12.128322715192619,
    2.743221434525405,
    227.01306681892504,
    "r"
  ],
  [
    12.218332402882169,
    2.8282683062984075,
    226.23349126882738,
    "r"
  ],
  [
    12.307044799075285,
    2.9144134046525365,
    225.44758029794377,
    "r"
  ],
  [
    12.39443397241704,
    3.001644135818216,
    224.65507958604303,
    "r"
  ],
  [
    12.480473991552525,
    3.0899479060258663,
    223.85573783980135,
    "r"
  ],
  [
    12.565138925126819,
    3.1793121215059146,
    223.04930723137352,
    "r"
  ],
  [
    12.648402841785007,
    3.26972418848878,
    222.23554387788283,
    "r"
  ],
  [
    12.730239810172167,
    3.3611715132048907,
    221.41420836348976,
    "r"
  ],
  [
    12.810623898933386,
    3.453641501884663,
    220.5850663055736,
    "r"
  ],
  [
    12.889529176713744,
    3.5471215607585265,
    219.7478889663946,
    "r"
  ],
  [
    12.966929712158327,
    3.6415990960569022,
    218.9024539113991,
    "r"
  ],
  [
    13.042799573912216,
    3.7370615140102137,
    218.04854571507974,
    "r"
  ],
  [
    13.117112830620494,
    3.833496220848884,
    217.18595671500748,
    "r"
  ],
  [
    13.189843550928245,
    3.9308906228033367,
    216.31448781429862,
    "r"
  ],
  [
    13.260965803480545,
    4.029232126103995,
    215.4339493323729,
    "r"
  ],
  [
    13.330453656922487,
    4.128508136981281,
    214.54416190339407,
    "r"
  ],
  [
    13.398281179899143,
    4.228706061665619,
    213.64495742125064,
    "r"
  ],
  [
    13.464422441055607,
    4.329813306387433,
    212.7361800293403,
    "r"
  ],
  [
    13.528851509036953,
    4.431817277377146,
    211.81768715276155,
    "r"
  ],
  [
    13.591542452488268,
    4.534705380865182,
    210.88935056978505,
    "r"
  ],
  [
    13.65246934005463,
    4.638465023081961,
    209.95105751868533,
    "r"
  ],
  [
    13.711606240381128,
    4.74308361025791,
    209.00271183516065,
    "r"
  ],
  [
    13.768927222112842,
    4.848548548623451,
    208.04423511465598,
    "r"
  ],
  [
    13.824406353894855,
    4.954847244409006,
    207.07556789294426,
    "r"
  ],
  [
    13.878017704372246,
    5.061967103845001,
    206.09667083732438,
    "r"
  ],
  [
    13.929735342190103,
    5.1698955331618555,
    205.10752593976736,
    "r"
  ],
  [
    13.979533335993507,
    5.278619938589997,
    204.10813770230766,
    "r"
  ],
  [
    14.027385754427538,
    5.388127726359845,
    203.09853430394924,
    "r"
  ],
  [
    14.073266666137282,
    5.498406302701825,
    202.07876873735768,
    "r"
  ],
  [
    14.117150139767823,
    5.609443073846361,
    201.04891990266543,
    "r"
  ],
  [
    14.159010243964241,
    5.721225446023875,
    200.00909364485426,
    "r"
  ],
  [
    14.198821047371618,
    5.8337408254647904,
    198.9594237204272,
    "r"
  ],
  [
    14.236556618635039,
    5.94697661839953,
    197.90007267846875,
    "r"
  ],
  [
    14.272191026399584,
    6.06092023105852,
    196.8312326407571,
    "r"
  ],
  [
    14.305698339310338,
    6.175559069672177,
    195.75312596535719,
    "r"
  ],
  [
    14.337052626012385,
    6.290880540470931,
    194.66600577813017,
    "r"
  ],
  [
    14.366227955150805,
    6.406872049685204,
    193.57015635686457,
    "r"
  ],
  [
    14.393198395370678,
    6.523521003545415,
    192.465893353298,
    "r"
  ],
  [
    14.417938015317095,
    6.640814808281995,
    191.3535638391736,
    "r"
  ],
  [
    14.44042088363513,
    6.75874087012536,
    190.23354616367942,
    "r"
  ],
  [
    14.460621068969871,
    6.877286595305936,
    189.10624961115536,
    "r"
  ],
  [
    14.4785126399664,
    6.996439390054147,
    187.97211384982643,
    "r"
  ],
  [
    14.4940696652698,
    7.116186660600418,
    186.8316081645114,
    "r"
  ],
  [
    14.507266213525153,
    7.236515813175164,
    185.68523046874998,
    "r"
  ],
  [
    14.507266213525153,
    7.236515813175164,
    185.68523046874998,
    "r"
  ],
  [
    14.519063052056888,
    7.355013965148222,
    185.68523064093955,
    "r"
  ],
  [
    14.530443953112998,
    7.46933406007323,
    185.68523082217047,
    "r"
  ],
  [
    14.541417492723916,
    7.579562243456333,
    185.68523101304635,
    "r"
  ],
  [
    14.551992246920058,
    7.685784660803677,
    185.68523121421794,
    "r"
  ],
  [
    14.562176791731854,
    7.788087457621406,
    185.68523142638662,
    "r"
  ],
  [
    14.571979703189733,
    7.886556779415664,
    185.6852316503087,
    "r"
  ],
  [
    14.581409557324106,
    7.981278771692601,
    185.68523188680035,
    "r"
  ],
  [
    14.590474930165412,
    8.072339579958356,
    185.68523213674155,
    "r"
  ],
  [
    14.599184397744068,
    8.159825349719082,
    185.68523240108186,
    "r"
  ],
  [
    14.60754653609051,
    8.24382222648092,
    185.68523268084527,
    "r"
  ],
  [
    14.615569921235148,
    8.324416355750017,
    185.6852329771358,
    "r"
  ],
  [
    14.623263129208421,
    8.401693883032516,
    185.68523329114333,
    "r"
  ],
  [
    14.63063473604075,
    8.475740953834565,
    185.68523362414896,
    "r"
  ],
  [
    14.637693317762551,
    8.546643713662306,
    185.6852339775312,
    "r"
  ],
  [
    14.644447450404265,
    8.61448830802189,
    185.68523435277092,
    "r"
  ],
  [
    14.6509057099963,
    8.67936088241945,
    185.6852347514565,
    "r"
  ],
  [
    14.6570766725691,
    8.74134758236115,
    185.68523517528814,
    "r"
  ],
  [
    14.662968914153074,
    8.800534553353117,
    185.68523562608055,
    "r"
  ],
  [
    14.66859101077866,
    8.857007940901514,
    185.6852361057645,
    "r"
  ],
  [
    14.673951538476274,
    8.910853890512474,
    185.68523661638483,
    "r"
  ],
  [
    14.679059073276342,
    8.962158547692141,
    185.68523716009702,
    "r"
  ],
  [
    14.683922191209293,
    9.011008057946672,
    185.68523773915672,
    "r"
  ],
  [
    14.688549468305546,
    9.057488566782197,
    185.6852383559057,
    "r"
  ],
  [
    14.692949480595539,
    9.101686219704876,
    185.6852390127484,
    "r"
  ],
  [
    14.697130804109683,
    9.143687162220846,
    185.68523971211948,
    "r"
  ],
  [
    14.701102014878416,
    9.183577539836255,
    185.68524045643818,
    "r"
  ],
  [
    14.704871688932151,
    9.221443498057251,
    185.6852412480481,
    "r"
  ],
  [
    14.70844840230132,
    9.25737118238997,
    185.68524208913618,
    "r"
  ],
  [
    14.711840731016345,
    9.291446738340568,
    185.6852429816298,
    "r"
  ],
  [
    14.71505725110766,
    9.323756311415188,
    185.68524392706541,
    "r"
  ],
  [
    14.718106538605674,
    9.354386047119966,
    185.68524492642604,
    "r"
  ],
  [
    14.720997169540821,
    9.383422090961059,
    185.68524597994212,
    "r"
  ],
  [
    14.723737719943536,
    9.410950588444608,
    185.68524708685464,
    "r"
  ],
  [
    14.726336765844236,
    9.43705768507676,
    185.68524824513923,
    "r"
  ],
  [
    14.728802883273334,
    9.461829526363656,
    185.68524945119395,
    "r"
  ],
  [
    14.731144648261273,
    9.485352257811446,
    185.68525069950118,
    "r"
  ],
  [
    14.733370636838472,
    9.507712024926272,
    185.68525198227752,
    "r"
  ],
  [
    14.735489425035354,
    9.52899497321428,
    185.68525328913864,
    "r"
  ],
  [
    14.737509588882341,
    9.549287248181617,
    185.68525460681667,
    "r"
  ],
  [
    14.739439704409873,
    9.568674995334433,
    185.68525591897622,
    "r"
  ],
  [
    14.741288347648364,
    9.587244360178861,
    185.68525720618936,
    "r"
  ],
  [
    14.743064094628233,
    9.605081488221055,
    185.68525844613117,
    "r"
  ],
  [
    14.74477552137992,
    9.622272524967158,
    185.68525961405203,
    "r"
  ],
  [
    14.746431203933845,
    9.638903615923322,
    185.68526068357068,
    "r"
  ],
  [
    14.748039718320426,
    9.655060906595681,
    185.68526162779006,
    "r"
  ],
  [
    14.749609640570089,
    9.670830542490382,
    185.6852624206963,
    "r"
  ],
  [
    14.751149546713274,
    9.686298669113583,
    185.68526303874359,
    "r"
  ],
  [
    14.752668012780392,
    9.701551431971417,
    185.68526346247108,
    "r"
  ],
  [
    14.754173614801871,
    9.71667497657003,
    185.6852636779637,
    "r"
  ],
  [
    14.75567492880814,
    9.731755448415578,
    185.6852636779638,
    "r"
  ],
  [
    14.757180530829618,
    9.746878993014192,
    185.6852634624712,
    "r"
  ],
  [
    14.758698996896737,
    9.762131755872025,
    185.68526303874359,
    "r"
  ],
  [
    14.760238903039914,
    9.777599882495222,
    185.6852624206963,
    "r"
  ],
  [
    14.761808825289583,
    9.793369518389929,
    185.68526162779,
    "r"
  ],
  [
    14.763417339676167,
    9.809526809062291,
    185.68526068357073,
    "r"
  ],
  [
    14.765073022230087,
    9.826157900018448,
    185.6852596140521,
    "r"
  ],
  [
    14.766784448981772,
    9.843348936764556,
    185.68525844613117,
    "r"
  ],
  [
    14.76856019596165,
    9.861186064806748,
    185.68525720618953,
    "r"
  ],
  [
    14.770408839200133,
    9.87975542965118,
    185.68525591897628,
    "r"
  ],
  [
    14.772338954727662,
    9.899143176803989,
    185.68525460681673,
    "r"
  ],
  [
    14.774359118574658,
    9.919435451771328,
    185.68525328913864,
    "r"
  ],
  [
    14.776477906771534,
    9.940718400059335,
    185.68525198227752,
    "r"
  ],
  [
    14.778703895348738,
    9.963078167174167,
    185.68525069950113,
    "r"
  ],
  [
    14.781045660336673,
    9.986600898621955,
    185.685249451194,
    "r"
  ],
  [
    14.783511777765776,
    10.01137273990885,
    185.68524824513918,
    "r"
  ],
  [
    14.786110823666473,
    10.037479836541,
    185.68524708685464,
    "r"
  ],
  [
    14.788851374069182,
    10.06500833402455,
    185.68524597994207,
    "r"
  ],
  [
    14.791742005004334,
    10.094044377865641,
    185.68524492642598,
    "r"
  ],
  [
    14.794791292502353,
    10.124674113570427,
    185.68524392706547,
    "r"
  ],
  [
    14.79800781259366,
    10.156983686645042,
    185.6852429816297,
    "r"
  ],
  [
    14.801400141308688,
    10.191059242595639,
    185.68524208913618,
    "r"
  ],
  [
    14.804976854677859,
    10.226986926928358,
    185.6852412480481,
    "r"
  ],
  [
    14.808746528731593,
    10.264852885149354,
    185.68524045643818,
    "r"
  ],
  [
    14.812717739500323,
    10.304743262764763,
    185.68523971211948,
    "r"
  ],
  [
    14.81689906301447,
    10.346744205280732,
    185.6852390127484,
    "r"
  ],
  [
    14.82129907530446,
    10.390941858203412,
    185.68523835590565,
    "r"
  ],
  [
    14.825926352400716,
    10.437422367038941,
    185.68523773915678,
    "r"
  ],
  [
    14.830789470333665,
    10.486271877293467,
    185.68523716009696,
    "r"
  ],
  [
    14.835897005133734,
    10.53757653447314,
    185.68523661638483,
    "r"
  ],
  [
    14.84125753283135,
    10.591422484084099,
    185.68523610576443,
    "r"
  ],
  [
    14.846879629456932,
    10.64789587163249,
    185.6852356260806,
    "r"
  ],
  [
    14.85277187104091,
    10.707082842624462,
    185.68523517528814,
    "r"
  ],
  [
    14.858942833613707,
    10.769069542566157,
    185.6852347514565,
    "r"
  ],
  [
    14.865401093205747,
    10.833942116963723,
    185.68523435277086,
    "r"
  ],
  [
    14.872155225847454,
    10.901786711323304,
    185.6852339775312,
    "r"
  ],
  [
    14.879213807569261,
    10.972689471151046,
    185.68523362414902,
    "r"
  ],
  [
    14.886585414401587,
    11.046736541953095,
    185.68523329114328,
    "r"
  ],
  [
    14.894278622374857,
    11.124014069235592,
    185.6852329771358,
    "r"
  ],
  [
    14.9023020075195,
    11.20460819850469,
    185.68523268084533,
    "r"
  ],
  [
    14.910664145865939,
    11.288605075266528,
    185.68523240108192,
    "r"
  ],
  [
    14.919373613444597,
    11.376090845027253,
    185.68523213674155,
    "r"
  ],
  [
    14.928438986285903,
    11.46715165329301,
    185.68523188680035,
    "r"
  ],
  [
    14.937868840420279,
    11.561873645569946,
    185.6852316503087,
    "r"
  ],
  [
    14.947671751878154,
    11.660342967364207,
    185.6852314263865,
    "r"
  ],
  [
    14.957856296689947,
    11.762645764181933,
    185.68523121421794,
    "r"
  ],
  [
    14.968431050886092,
    11.868868181529276,
    185.68523101304635,
    "r"
  ],
  [
    14.979404590497007,
    11.97909636491238,
    185.68523082217052,
    "r"
  ],
  [
    14.990785491553119,
    12.093416459837385,
    185.6852306409395,
    "r"
  ],
  [
    15.002582330084856,
    12.211914611810444,
    185.68523046874998,
    "r"
  ],
  [
    15.002582330084856,
    12.211914611810444,
    185.68523046874998,
    "r"
  ],
  [
    15.014379168640511,
    12.330412764072461,
    185.6852306362294,
    "r"
  ],
  [
    15.025760069767728,
    12.444732859856503,
    185.68523081250277,
    "r"
  ],
  [
    15.036733609495968,
    12.554961044656963,
    185.68523099815735,
    "r"
  ],
  [
    15.047308363854672,
    12.661183463968237,
    185.68523119382593,
    "r"
  ],
  [
    15.057492908873304,
    12.763486263284713,
    185.68523140019067,
    "r"
  ],
  [
    15.067295820581307,
    12.861955588100786,
    185.68523161798748,
    "r"
  ],
  [
    15.076725675008136,
    12.956677583910835,
    185.68523184801,
    "r"
  ],
  [
    15.085791048183248,
    13.047738396209263,
    185.68523209111413,
    "r"
  ],
  [
    15.094500516136085,
    13.135224170490453,
    185.6852323482235,
    "r"
  ],
  [
    15.102862654896109,
    13.219221052248809,
    185.6852326203341,
    "r"
  ],
  [
    15.110886040492767,
    13.299815186978707,
    185.68523290851965,
    "r"
  ],
  [
    15.118579248955514,
    13.377092720174547,
    185.68523321393747,
    "r"
  ],
  [
    15.125950856313807,
    13.451139797330718,
    185.68523353783382,
    "r"
  ],
  [
    15.133009438597083,
    13.52204256394161,
    185.68523388154938,
    "r"
  ],
  [
    15.139763571834813,
    13.589887165501619,
    185.68523424652443,
    "r"
  ],
  [
    15.146221832056428,
    13.654759747505128,
    185.68523463430404,
    "r"
  ],
  [
    15.1523927952914,
    13.716746455446536,
    185.6852350465419,
    "r"
  ],
  [
    15.15828503756917,
    13.77593343482023,
    185.68523548500286,
    "r"
  ],
  [
    15.1639071349192,
    13.832406831120606,
    185.685235951565,
    "r"
  ],
  [
    15.169267663370935,
    13.886252789842048,
    185.68523644821744,
    "r"
  ],
  [
    15.174375198953822,
    13.937557456478947,
    185.68523697705632,
    "r"
  ],
  [
    15.17923831769732,
    13.986406976525705,
    185.6852375402758,
    "r"
  ],
  [
    15.183865595630882,
    14.032887495476695,
    185.68523814015361,
    "r"
  ],
  [
    15.188265608783963,
    14.077085158826328,
    185.68523877902828,
    "r"
  ],
  [
    15.192446933186009,
    14.119086112068983,
    185.6852394592679,
    "r"
  ],
  [
    15.196418144866477,
    14.158976500699058,
    185.6852401832257,
    "r"
  ],
  [
    15.200187819854815,
    14.196842470210939,
    185.685240953181,
    "r"
  ],
  [
    15.203764534180475,
    14.232770166099016,
    185.68524177126085,
    "r"
  ],
  [
    15.20715686387291,
    14.266845733857682,
    185.68524263933995,
    "r"
  ],
  [
    15.210373384961581,
    14.299155318981335,
    185.68524355891282,
    "r"
  ],
  [
    15.213422673475925,
    14.329785066964353,
    185.6852445309355,
    "r"
  ],
  [
    15.216313305445405,
    14.358821123301137,
    185.68524555563226,
    "r"
  ],
  [
    15.219053856899471,
    14.386349633486077,
    185.68524663226452,
    "r"
  ],
  [
    15.221652903867579,
    14.412456743013564,
    185.68524775886345,
    "r"
  ],
  [
    15.224119022379169,
    14.437228597377986,
    185.6852489319258,
    "r"
  ],
  [
    15.226460788463706,
    14.460751342073735,
    185.68525014608468,
    "r"
  ],
  [
    15.228686778150639,
    14.483111122595206,
    185.6852513937696,
    "r"
  ],
  [
    15.230805567469412,
    14.50439408443678,
    185.6852526648804,
    "r"
  ],
  [
    15.232825732449484,
    14.52468637309286,
    185.6852539465121,
    "r"
  ],
  [
    15.234755849120317,
    14.544074134057837,
    185.68525522277616,
    "r"
  ],
  [
    15.236604493511349,
    14.562643512826096,
    185.6852564747764,
    "r"
  ],
  [
    15.238380241652035,
    14.580480654892023,
    185.68525768079792,
    "r"
  ],
  [
    15.240091669571827,
    14.597671705750026,
    185.68525881676885,
    "r"
  ],
  [
    15.241747353300184,
    14.614302810894483,
    185.6852598570294,
    "r"
  ],
  [
    15.24335586886655,
    14.630460115819787,
    185.68526077541821,
    "r"
  ],
  [
    15.244925792300382,
    14.64622976602033,
    185.68526154663323,
    "r"
  ],
  [
    15.246465699631132,
    14.661697906990508,
    185.68526214777302,
    "r"
  ],
  [
    15.24798416688825,
    14.676950684224705,
    185.68526255990906,
    "r"
  ],
  [
    15.249489770101189,
    14.692074243217313,
    185.68526276950666,
    "r"
  ],
  [
    15.250991085299408,
    14.707154729462733,
    185.68526276950683,
    "r"
  ],
  [
    15.252496688512347,
    14.72227828845534,
    185.685262559909,
    "r"
  ],
  [
    15.254015155769466,
    14.737531065689538,
    185.68526214777313,
    "r"
  ],
  [
    15.255555063100214,
    14.752999206659714,
    185.68526154663334,
    "r"
  ],
  [
    15.257124986534043,
    14.768768856860254,
    185.68526077541833,
    "r"
  ],
  [
    15.258733502100414,
    14.784926161785563,
    185.6852598570294,
    "r"
  ],
  [
    15.26038918582877,
    14.801557266930018,
    185.6852588167689,
    "r"
  ],
  [
    15.262100613748562,
    14.818748317788016,
    185.68525768079786,
    "r"
  ],
  [
    15.263876361889249,
    14.836585459853952,
    185.68525647477645,
    "r"
  ],
  [
    15.265725006280281,
    14.855154838622203,
    185.68525522277616,
    "r"
  ],
  [
    15.267655122951108,
    14.87454259958718,
    185.68525394651215,
    "r"
  ],
  [
    15.269675287931186,
    14.894834888243265,
    185.6852526648803,
    "r"
  ],
  [
    15.271794077249963,
    14.916117850084838,
    185.6852513937697,
    "r"
  ],
  [
    15.274020066936894,
    14.938477630606313,
    185.68525014608474,
    "r"
  ],
  [
    15.276361833021427,
    14.962000375302058,
    185.68524893192586,
    "r"
  ],
  [
    15.278827951533021,
    14.986772229666485,
    185.6852477588635,
    "r"
  ],
  [
    15.281426998501125,
    15.012879339193967,
    185.68524663226452,
    "r"
  ],
  [
    15.28416754995519,
    15.040407849378905,
    185.68524555563215,
    "r"
  ],
  [
    15.287058181924673,
    15.069443905715687,
    185.68524453093556,
    "r"
  ],
  [
    15.290107470439018,
    15.10007365369871,
    185.68524355891282,
    "r"
  ],
  [
    15.293323991527684,
    15.132383238822362,
    185.6852426393399,
    "r"
  ],
  [
    15.296716321220124,
    15.166458806581032,
    185.68524177126085,
    "r"
  ],
  [
    15.300293035545783,
    15.202386502469109,
    185.68524095318105,
    "r"
  ],
  [
    15.304062710534122,
    15.240252471980986,
    185.6852401832257,
    "r"
  ],
  [
    15.308033922214587,
    15.28014286061106,
    185.68523945926785,
    "r"
  ],
  [
    15.312215246616635,
    15.322143813853717,
    185.68523877902828,
    "r"
  ],
  [
    15.316615259769712,
    15.366341477203347,
    185.68523814015361,
    "r"
  ],
  [
    15.321242537703275,
    15.412821996154344,
    185.6852375402758,
    "r"
  ],
  [
    15.326105656446776,
    15.461671516201095,
    185.6852369770562,
    "r"
  ],
  [
    15.331213192029667,
    15.512976182837999,
    185.68523644821744,
    "r"
  ],
  [
    15.336573720481399,
    15.566822141559438,
    185.685235951565,
    "r"
  ],
  [
    15.342195817831424,
    15.623295537859814,
    185.68523548500286,
    "r"
  ],
  [
    15.348088060109196,
    15.682482517233508,
    185.68523504654183,
    "r"
  ],
  [
    15.354259023344168,
    15.744469225174914,
    185.68523463430404,
    "r"
  ],
  [
    15.360717283565789,
    15.809341807178427,
    185.68523424652443,
    "r"
  ],
  [
    15.367471416803514,
    15.877186408738437,
    185.68523388154938,
    "r"
  ],
  [
    15.374529999086795,
    15.948089175349326,
    185.68523353783388,
    "r"
  ],
  [
    15.381901606445084,
    16.022136252505497,
    185.68523321393752,
    "r"
  ],
  [
    15.389594814907827,
    16.099413785701337,
    185.68523290851965,
    "r"
  ],
  [
    15.397618200504485,
    16.18000792043124,
    185.6852326203341,
    "r"
  ],
  [
    15.405980339264511,
    16.26400480218959,
    185.68523234822356,
    "r"
  ],
  [
    15.41468980721735,
    16.351490576470784,
    185.68523209111413,
    "r"
  ],
  [
    15.423755180392458,
    16.44255138876921,
    185.68523184800995,
    "r"
  ],
  [
    15.433185034819289,
    16.537273384579258,
    185.68523161798748,
    "r"
  ],
  [
    15.442987946527294,
    16.635742709395334,
    185.68523140019073,
    "r"
  ],
  [
    15.453172491545923,
    16.738045508711807,
    185.68523119382587,
    "r"
  ],
  [
    15.463747245904628,
    16.84426792802308,
    185.6852309981573,
    "r"
  ],
  [
    15.474720785632865,
    16.95449611282354,
    185.68523081250277,
    "r"
  ],
  [
    15.486101686760087,
    17.068816208607586,
    185.68523063622933,
    "r"
  ],
  [
    15.49789852531574,
    17.1873143608696,
    185.68523046874998,
    "r"
  ]
]