[
  [
    0.0,
    0.0,
    82.86,
    "f"
  ],
  [
    0.11754319293130251,
    0.01472411963355641,
    82.86,
    "f"
  ],
  [
    0.22970243705605597,
    0.02877381564162139,
    82.86,
    "f"
  ],
  [
    0.3365887416280037,
    0.04216299366595758,
    82.86,
    "f"
  ],
  [
    0.43831311590088884,
    0.05490555934832769,
    82.86,
    "f"
  ],
  [
    0.5349865691284548,
    0.06701541833049454,
    82.86,
    "f"
  ],
  [
    0.6267201105644448,
    0.07850647625422075,
    82.86,
    "f"
  ],
  [
    0.7136247494626022,
    0.08939263876126896,
    82.86,
    "f"
  ],
  [
    0.7958114950766702,
    0.09968781149340206,
    82.86,
    "f"
  ],
  [
    0.8733913566603919,
    0.10940590009238271,
    82.86,
    "f"
  ],
  [
    0.9464753434675113,
    0.11856081019997361,
    82.86,
    "f"
  ],
  [
    1.0151744647517709,
    0.12716644745793726,
    82.86,
    "f"
  ],
  [
    1.0795997297669138,
    0.13523671750803673,
    82.86,
    "f"
  ],
  [
    1.1398621477666846,
    0.14278552599203453,
    82.86,
    "f"
  ],
  [
    1.1960727280048247,
    0.14982677855169324,
    82.86,
    "f"
  ],
  [
    1.2483424797350793,
    0.15637438082877597,
    82.86,
    "f"
  ],
  [
    1.29678241221119,
    0.16244223846504502,
    82.86,
    "f"
  ],
  [
    1.3415035346869013,
    0.16804425710226323,
    82.86,
    "f"
  ],
  [
    1.3826168564159556,
    0.17319434238219333,
    82.86,
    "f"
  ],
  [
    1.420233386652097,
    0.1779063999465983,
    82.86,
    "f"
  ],
  [
    1.4544641346490685,
    0.1821943354372405,
    82.86,
    "f"
  ],
  [
    1.485420109660613,
    0.1860720544958826,
    82.86,
    "f"
  ],
  [
    1.5132123209404742,
    0.18955346276428764,
    82.86,
    "f"
  ],
  [
    1.5379517777423946,
    0.1926524658842177,
    82.86,
    "f"
  ],
  [
    1.5597494893201187,
    0.1953829694974364,
    82.86,
    "f"
  ],
  [
    1.578716464927389,
    0.197758879245706,
    82.86,
    "f"
  ],
  [
    1.5949637138179495,
    0.19979410077078896,
    82.86,
    "f"
  ],
  [
    1.6086022452455422,
    0.20150253971444831,
    82.86,
    "f"
  ],
  [
    1.6197430684639111,
    0.20289810171844636,
    82.86,
    "f"
  ],
  [
    1.6284971927267997,
    0.2039946924245466,
    82.86,
    "f"
  ],
  [
    1.6349756272879512,
    0.2048062174745111,
    82.86,
    "f"
  ],
  [
    1.6392893814011087,
    0.20534658251010252,
    82.86,
    "f"
  ],
  [
    1.6415494643200148,
    0.20562969317308422,
    82.86,
    "f"
  ],
  [
    1.6418668852984148,
    0.20566945510521806,
    82.86,
    "f"
  ],
  [
    1.6403526535900501,
    0.20547977394826755,
    82.86,
    "f"
  ],
  [
    1.6371177784486644,
    0.20507455534399477,
    82.86,
    "f"
  ],
  [
    1.6322732691280015,
    0.20446770493416278,
    82.86,
    "f"
  ],
  [
    1.6259301348818043,
    0.20367312836053397,
    82.86,
    "f"
  ],
  [
    1.6181993849638157,
    0.20270473126487176,
    82.86,
    "f"
  ],
  [
    1.609192028627779,
    0.201576419288938,
    82.86,
    "f"
  ],
  [
    1.5990190751274391,
    0.20030209807449595,
    82.86,
    "f"
  ],
  [
    1.5877915337165376,
    0.19889567326330815,
    82.86,
    "f"
  ],
  [
    1.5756204136488177,
    0.1973710504971371,
    82.86,
    "f"
  ],
  [
    1.5626167241780233,
    0.195742135417746,
    82.86,
    "f"
  ],
  [
    1.5488914745578986,
    0.19402283366689732,
    82.86,
    "f"
  ],
  [
    1.5345556740421844,
    0.1922270508863535,
    82.86,
    "f"
  ],
  [
    1.519720331884626,
    0.1903686927178776,
    82.86,
    "f"
  ],
  [
    1.5044964573389665,
    0.18846166480323223,
    82.86,
    "f"
  ],
  [
    1.4889950596589487,
    0.18651987278417992,
    82.86,
    "f"
  ],
  [
    1.4733271480983157,
    0.1845572223024835,
    82.86,
    "f"
  ],
  [
    1.4576037319108115,
    0.18258761899990594,
    82.86,
    "f"
  ],
  [
    1.4419358203501784,
    0.18062496851820975,
    82.86,
    "f"
  ],
  [
    1.4264344226701606,
    0.17868317649915744,
    82.86,
    "f"
  ],
  [
    1.411210548124501,
    0.17677614858451196,
    82.86,
    "f"
  ],
  [
    1.3963752059669423,
    0.17491779041603595,
    82.86,
    "f"
  ],
  [
    1.3820394054512293,
    0.17312200763549257,
    82.86,
    "f"
  ],
  [
    1.3683141558311034,
    0.17140270588464357,
    82.86,
    "f"
  ],
  [
    1.3553104663603097,
    0.16977379080525212,
    82.86,
    "f"
  ],
  [
    1.3431393462925902,
    0.16824916803908152,
    82.86,
    "f"
  ],
  [
    1.3319118048816883,
    0.1668427432278934,
    82.86,
    "f"
  ],
  [
    1.321738851381348,
    0.16556842201345157,
    82.86,
    "f"
  ],
  [
    1.3127314950453117,
    0.1644401100375178,
    82.86,
    "f"
  ],
  [
    1.3050007451273236,
    0.16347171294185536,
    82.86,
    "f"
  ],
  [
    1.298657610881126,
    0.16267713636822678,
    82.86,
    "f"
  ],
  [
    1.2938131015604628,
    0.1620702859583948,
    82.86,
    "f"
  ],
  [
    1.2905782264190773,
    0.161665067354122,
    82.86,
    "f"
  ],
  [
    1.2890639947107125,
    0.1614753861971714,
    82.86,
    "f"
  ],
  [
    1.2893814156891121,
    0.16151514812930545,
    82.86,
    "f"
  ],
  [
    1.2916414986080187,
    0.16179825879228693,
    82.86,
    "f"
  ],
  [
    1.2959552527211762,
    0.16233862382787867,
    82.86,
    "f"
  ],
  [
    1.3024336872823277,
    0.16315014887784307,
    82.86,
    "f"
  ],
  [
    1.3111878115452162,
    0.1642467395839431,
    82.86,
    "f"
  ],
  [
    1.3223286347635854,
    0.16564230158794147,
    82.86,
    "f"
  ],
  [
    1.3359671661911787,
    0.16735074053160082,
    82.86,
    "f"
  ],
  [
    1.3522144150817383,
    0.16938596205668377,
    82.86,
    "f"
  ],
  [
    1.371181390689009,
    0.1717618718049534,
    82.86,
    "f"
  ],
  [
    1.3929791022667326,
    0.17449237541817175,
    82.86,
    "f"
  ],
  [
    1.4177185590686538,
    0.17759137853810214,
    82.86,
    "f"
  ],
  [
    1.4455107703485146,
    0.18107278680650707,
    82.86,
    "f"
  ],
  [
    1.4764667453600593,
    0.18495050586514916,
    82.86,
    "f"
  ],
  [
    1.510697493357031,
    0.1892384413557915,
    82.86,
    "f"
  ],
  [
    1.5483140235931718,
    0.193950498920196,
    82.86,
    "f"
  ],
  [
    1.5894273453222267,
    0.19910058420012633,
    82.86,
    "f"
  ],
  [
    1.6341484677979379,
    0.20470260283734465,
    82.86,
    "f"
  ],
  [
    1.6825884002740485,
    0.2107704604736137,
    82.86,
    "f"
  ],
  [
    1.7348581520043032,
    0.21731806275069632,
    82.86,
    "f"
  ],
  [
    1.7910687322424435,
    0.22435931531035502,
    82.86,
    "f"
  ],
  [
    1.8513311502422143,
    0.231908123794353,
    82.86,
    "f"
  ],
  [
    1.9157564152573572,
    0.2399783938444523,
    82.86,
    "f"
  ],
  [
    1.9844555365416174,
    0.24858403110241611,
    82.86,
    "f"
  ],
  [
    2.057539523348736,
    0.25773894121000696,
    82.86,
    "f"
  ],
  [
    2.135119384932458,
    0.26745702980898745,
    82.86,
    "f"
  ],
  [
    2.2173061305465263,
    0.27775220254112054,
    82.86,
    "f"
  ],
  [
    2.3042107694446834,
    0.288638365048169,
    82.86,
    "f"
  ],
  [
    2.395944310880674,
    0.30012942297189515,
    82.86,
    "f"
  ],
  [
    2.492617764108239,
    0.3122392819540618,
    82.86,
    "f"
  ],
  [
    2.594342138381124,
    0.3249818476364319,
    82.86,
    "f"
  ],
  [
    2.701228442953072,
    0.3383710256607684,
    82.86,
    "f"
  ],
  [
    2.8133876870778254,
    0.35242072166883287,
    82.86,
    "f"
  ],
  [
    2.9309308800091274,
    0.36714484130238967,
    82.86,
    "f"
  ],
  [
    2.9309308800091274,
    0.36714484130238967,
    82.86,
    "f"
  ],
  [
    3.0509635153764996,
    0.38341263104833834,
    81.70488063524776,
    "f"
  ],
  [
    3.170503913312788,
    0.40206570379698436,
    80.55859224422714,
    "f"
  ],
  [
    3.2895323228267332,
    0.42307651479520003,
    79.42140616847637,
    "f"
  ],
  [
    3.408028992927069,
    0.4464175192898556,
    78.29355867712376,
    "f"
  ],
  [
    3.5259741726225347,
    0.47206117252782276,
    77.17525152618161,
    "f"
  ],
  [
    3.6433481109218664,
    0.4999799297559724,
    76.06665267946435,
    "f"
  ],
  [
    3.7601310568338002,
    0.5301462462211739,
    74.96789717214124,
    "f"
  ],
  [
    3.8763032593670745,
    0.5625325771703018,
    73.87908809785556,
    "f"
  ],
  [
    3.9918449675304233,
    0.5971113778502237,
    72.80029770058034,
    "f"
  ],
  [
    4.106736430332588,
    0.6338551035078128,
    71.73156855289317,
    "f"
  ],
  [
    4.220957896782302,
    0.6727362093899389,
    70.67291480309687,
    "f"
  ],
  [
    4.334489615888304,
    0.7137271507434735,
    69.62432347454488,
    "f"
  ],
  [
    4.447311836659332,
    0.7568003828152876,
    68.58575580161066,
    "f"
  ],
  [
    4.559404808104119,
    0.8019283608522523,
    67.55714858792912,
    "f"
  ],
  [
    4.670748779231407,
    0.8490835401012391,
    66.53841557379495,
    "f"
  ],
  [
    4.781323999049928,
    0.8982383758091177,
    65.52944880090341,
    "f"
  ],
  [
    4.891110716568423,
    0.9493653232227612,
    64.53011996392642,
    "f"
  ],
  [
    5.000089180795625,
    1.002436837589038,
    63.54028173970998,
    "f"
  ],
  [
    5.108239640740276,
    1.0574253741548216,
    62.55976908613995,
    "f"
  ],
  [
    5.2155423454111105,
    1.1143033881669826,
    61.58840050392824,
    "f"
  ],
  [
    5.32197754381686,
    1.1730433348723905,
    60.625979255716445,
    "f"
  ],
  [
    5.427525484966271,
    1.2336176695179173,
    59.67229453796237,
    "f"
  ],
  [
    5.5321664178680745,
    1.2959988473504351,
    58.72712260206315,
    "f"
  ],
  [
    5.63588059153101,
    1.3601593236168124,
    57.79022782207521,
    "f"
  ],
  [
    5.738648254963812,
    1.4260715535639226,
    56.86136370720838,
    "f"
  ],
  [
    5.840449657175221,
    1.4937079924386358,
    55.940273858008354,
    "f"
  ],
  [
    5.941265047173972,
    1.5630410954878236,
    55.026692865790935,
    "f"
  ],
  [
    6.041074673968801,
    1.6340433179583567,
    54.12034715546564,
    "f"
  ],
  [
    6.139858786568442,
    1.7066871150971044,
    53.22095577237978,
    "f"
  ],
  [
    6.23759763398164,
    1.7809449421509411,
    52.328231114244076,
    "f"
  ],
  [
    6.334271465217126,
    1.8567892543667361,
    51.441879609558086,
    "f"
  ],
  [
    6.429860529283639,
    1.9341925069913595,
    50.561602344257935,
    "f"
  ],
  [
    6.524345075189917,
    2.013127155271684,
    49.68709563855576,
    "f"
  ],
  [
    6.617705351944695,
    2.0935656544545806,
    48.81805157614046,
    "f"
  ],
  [
    6.709921608556707,
    2.1754804597869173,
    47.95415848806714,
    "f"
  ],
  [
    6.8009740940346965,
    2.2588440265155696,
    47.09510139378311,
    "f"
  ],
  [
    6.890843057387398,
    2.343628809887406,
    46.240562401827546,
    "f"
  ],
  [
    6.979508747623546,
    2.429807265149298,
    45.390221072802305,
    "f"
  ],
  [
    7.066951413751877,
    2.517351847548116,
    44.54375474725178,
    "f"
  ],
  [
    7.153151304781135,
    2.606235012330733,
    43.70083884110828,
    "f"
  ],
  [
    7.238088669720051,
    2.6964292147440188,
    42.86114711136513,
    "f"
  ],
  [
    7.321743757577361,
    2.7879069100348435,
    42.02435189463324,
    "f"
  ],
  [
    7.404096817361806,
    2.8806405534500787,
    41.19012432122082,
    "f"
  ],
  [
    7.4851280980821215,
    2.9746026002365964,
    40.358134507354976,
    "f"
  ],
  [
    7.564817848747041,
    3.0697655056412674,
    39.52805172813862,
    "f"
  ],
  [
    7.6431463183653054,
    3.1661017249109613,
    38.69954457380885,
    "f"
  ],
  [
    7.720093755945653,
    3.2635837132925505,
    37.872281091836555,
    "f"
  ],
  [
    7.7956404104968176,
    3.3621839260329063,
    37.04592891738105,
    "f"
  ],
  [
    7.869766531027534,
    3.461874818378899,
    36.22015539459102,
    "f"
  ],
  [
    7.942452366546545,
    3.5626288455774007,
    35.394627691223434,
    "f"
  ],
  [
    8.013678166062586,
    3.664418462875281,
    34.56901290903909,
    "f"
  ],
  [
    8.083424178584389,
    3.767216125519411,
    33.74297819242048,
    "f"
  ],
  [
    8.151670653120696,
    3.8709942887566613,
    32.91619083765738,
    "f"
  ],
  [
    8.218397838680243,
    3.9757254078339055,
    32.088318405343045,
    "f"
  ],
  [
    8.283585984271767,
    4.081381937998013,
    31.25902883833305,
    "f"
  ],
  [
    8.347215338904002,
    4.187936334495855,
    30.42799058772823,
    "f"
  ],
  [
    8.40926615158569,
    4.295361052574302,
    29.59487274936174,
    "f"
  ],
  [
    8.469718671325564,
    4.403628547480226,
    28.75934521328861,
    "f"
  ],
  [
    8.528553147132364,
    4.5127112744604965,
    27.921078828801058,
    "f"
  ],
  [
    8.585749828014823,
    4.622581688761986,
    27.07974558751772,
    "f"
  ],
  [
    8.641288962981681,
    4.733212245631565,
    26.23501882712145,
    "f"
  ],
  [
    8.695150801041674,
    4.844575400316105,
    25.38657345834548,
    "f"
  ],
  [
    8.74731559120354,
    4.956643608062477,
    24.534086217830065,
    "f"
  ],
  [
    8.797763582476012,
    5.06938932411755,
    23.67723594949001,
    "f"
  ],
  [
    8.846475023867834,
    5.182785003728197,
    22.815703917041844,
    "f"
  ],
  [
    8.893430164387736,
    5.296803102141292,
    21.94917415034115,
    "f"
  ],
  [
    8.93860925304446,
    5.4114160746037,
    21.07733382816457,
    "f"
  ],
  [
    8.98199253884674,
    5.526596376362297,
    20.199873700042303,
    "f"
  ],
  [
    9.023560270803312,
    5.642316462663949,
    19.31648854969336,
    "f"
  ],
  [
    9.063292697922918,
    5.758548788755533,
    18.426877702540025,
    "f"
  ],
  [
    9.10117006921429,
    5.875265809883915,
    17.530745579672327,
    "f"
  ],
  [
    9.137172633686166,
    5.992439981295968,
    16.627802300490032,
    "f"
  ],
  [
    9.171280640347286,
    6.110043758238565,
    15.717764336071468,
    "f"
  ],
  [
    9.203474338206384,
    6.228049595958574,
    14.800355215090747,
    "f"
  ],
  [
    9.233733976272196,
    6.346429949702867,
    13.87530628382865,
    "f"
  ],
  [
    9.26203980355346,
    6.465157274718317,
    12.94235752148927,
    "f"
  ],
  [
    9.288372069058914,
    6.584204026251792,
    12.00125841163839,
    "f"
  ],
  [
    9.312711021797295,
    6.703542659550162,
    11.051768870116575,
    "f"
  ],
  [
    9.33503691077734,
    6.823145629860304,
    10.093660229244392,
    "f"
  ],
  [
    9.355329985007785,
    6.942985392429085,
    9.12671627752195,
    "f"
  ],
  [
    9.373570493497366,
    7.063034402503375,
    8.150734353333405,
    "f"
  ],
  [
    9.389738685254821,
    7.183265115330046,
    7.1655264903862985,
    "f"
  ],
  [
    9.403814809288887,
    7.303649986155971,
    6.170920611754013,
    "f"
  ],
  [
    9.415779114608302,
    7.424161470228018,
    5.166761768442825,
    "f"
  ],
  [
    9.4256118502218,
    7.544772022793061,
    4.152913417375828,
    "f"
  ],
  [
    9.433293265138124,
    7.665454099097969,
    3.129258732580638,
    "f"
  ],
  [
    9.438803608366007,
    7.7861801543896165,
    2.0957019421951486,
    "f"
  ],
  [
    9.442123128914181,
    7.906922643914868,
    1.0521696826756397,
    "f"
  ],
  [
    9.443232075791391,
    8.0276540229206,
    359.9986123603168,
    "f"
  ],
  [
    9.44211069800637,
    8.148346746653683,
    358.9350055089,
    "f"
  ],
  [
    9.438739244567858,
    8.268973270360984,
    357.86135113098686,
    "f"
  ],
  [
    9.433097964484586,
    8.389506049289379,
    356.77767900910436,
    "f"
  ],
  [
    9.425167106765297,
    8.509917538685736,
    355.68404797185417,
    "f"
  ],
  [
    9.414926920418726,
    8.63018019379693,
    354.58054709885334,
    "f"
  ],
  [
    9.402357654453608,
    8.750266469869825,
    353.4672968474195,
    "f"
  ],
  [
    9.387439557878682,
    8.870148822151297,
    352.3444500830882,
    "f"
  ],
  [
    9.370152879702683,
    8.989799705888217,
    351.2121929954336,
    "f"
  ],
  [
    9.350477868934352,
    9.109191576327456,
    350.070745880306,
    "f"
  ],
  [
    9.32839477458242,
    9.228296888715882,
    348.92036376953126,
    "f"
  ],
  [
    9.32839477458242,
    9.228296888715882,
    348.92036376953126,
    "f"
  ],
  [
    9.305510040009063,
    9.345161198095584,
    348.92036407953816,
    "f"
  ],
  [
    9.283432184778947,
    9.457905061115332,
    348.92036440582297,
    "f"
  ],
  [
    9.262144572204598,
    9.566613435432037,
    348.92036474947236,
    "f"
  ],
  [
    9.241630565598516,
    9.671371278702598,
    348.9203651116578,
    "f"
  ],
  [
    9.221873528273216,
    9.772263548583929,
    348.9203654936422,
    "f"
  ],
  [
    9.202856823541206,
    9.86937520273293,
    348.9203658967873,
    "f"
  ],
  [
    9.184563814714995,
    9.96279119880651,
    348.92036632256224,
    "f"
  ],
  [
    9.166977865107102,
    10.05259649446158,
    348.9203667725516,
    "f"
  ],
  [
    9.150082338030021,
    10.138876047355033,
    348.9203672484647,
    "f"
  ],
  [
    9.133860596796282,
    10.221714815143791,
    348.9203677521452,
    "f"
  ],
  [
    9.11829600471838,
    10.301197755484749,
    348.9203682855807,
    "f"
  ],
  [
    9.103371925108835,
    10.377409826034821,
    348.9203688509134,
    "f"
  ],
  [
    9.08907172128015,
    10.450435984450909,
    348.92036945045,
    "f"
  ],
  [
    9.075378756544838,
    10.520361188389916,
    348.92037008667205,
    "f"
  ],
  [
    9.062276394215413,
    10.587270395508757,
    348.92037076224574,
    "f"
  ],
  [
    9.049747997604378,
    10.651248563464325,
    348.92037148003084,
    "f"
  ],
  [
    9.03777693002425,
    10.712380649913541,
    348.9203722430882,
    "f"
  ],
  [
    9.026346554787535,
    10.7707516125133,
    348.92037305468506,
    "f"
  ],
  [
    9.015440235206748,
    10.826446408920518,
    348.9203739182972,
    "f"
  ],
  [
    9.005041334594397,
    10.879549996792095,
    348.9203748376067,
    "f"
  ],
  [
    8.995133216262987,
    10.930147333784934,
    348.9203758164936,
    "f"
  ],
  [
    8.985699243525037,
    10.978323377555949,
    348.9203768590193,
    "f"
  ],
  [
    8.97672277969305,
    11.024163085762039,
    348.92037796939957,
    "f"
  ],
  [
    8.968187188079543,
    11.06775141606012,
    348.92037915196335,
    "f"
  ],
  [
    8.96007583199702,
    11.109173326107086,
    348.9203804110937,
    "f"
  ],
  [
    8.952372074757998,
    11.148513773559854,
    348.9203817511465,
    "f"
  ],
  [
    8.94505927967498,
    11.185857716075324,
    348.92038317634075,
    "f"
  ],
  [
    8.93812081006048,
    11.221290111310402,
    348.92038469061373,
    "f"
  ],
  [
    8.93154002922701,
    11.254895916921997,
    348.92038629743524,
    "f"
  ],
  [
    8.92530030048708,
    11.286760090567016,
    348.92038799957163,
    "f"
  ],
  [
    8.919384987153196,
    11.316967589902362,
    348.92038979879237,
    "f"
  ],
  [
    8.91377745253787,
    11.345603372584941,
    348.9203916955123,
    "f"
  ],
  [
    8.908461059953616,
    11.372752396271666,
    348.9203936883651,
    "f"
  ],
  [
    8.903419172712944,
    11.398499618619436,
    348.9203957737054,
    "f"
  ],
  [
    8.898635154128357,
    11.422929997285156,
    348.92039794504893,
    "f"
  ],
  [
    8.894092367512373,
    11.446128489925737,
    348.92040019246133,
    "f"
  ],
  [
    8.8897741761775,
    11.46818005419809,
    348.92040250192946,
    "f"
  ],
  [
    8.88566394343625,
    11.48916964775911,
    348.92040485475803,
    "f"
  ],
  [
    8.881745032601124,
    11.509182228265704,
    348.92040722705997,
    "f"
  ],
  [
    8.878000806984648,
    11.528302753374792,
    348.9204095894253,
    "f"
  ],
  [
    8.87441462989932,
    11.546616180743266,
    348.920411906877,
    "f"
  ],
  [
    8.870969864657651,
    11.564207468028032,
    348.9204141392218,
    "f"
  ],
  [
    8.867649874572162,
    11.58116157288601,
    348.9204162419019,
    "f"
  ],
  [
    8.864438022955355,
    11.597563452974097,
    348.9204181674216,
    "f"
  ],
  [
    8.861317673119737,
    11.613498065949194,
    348.9204198673564,
    "f"
  ],
  [
    8.858272188377823,
    11.629050369468214,
    348.9204212948728,
    "f"
  ],
  [
    8.855284932042126,
    11.644305321188066,
    348.9204224075799,
    "f"
  ],
  [
    8.852339267425151,
    11.65934787876565,
    348.9204231704417,
    "f"
  ],
  [
    8.84941855783941,
    11.674262999857874,
    348.920423558406,
    "f"
  ],
  [
    8.846506166597417,
    11.689135642121649,
    348.92042355840607,
    "f"
  ],
  [
    8.843585457011677,
    11.704050763213875,
    348.9204231704417,
    "f"
  ],
  [
    8.840639792394702,
    11.719093320791456,
    348.92042240757996,
    "f"
  ],
  [
    8.837652536059002,
    11.734348272511307,
    348.92042129487265,
    "f"
  ],
  [
    8.83460705131709,
    11.749900576030326,
    348.9204198673564,
    "f"
  ],
  [
    8.831486701481476,
    11.76583518900543,
    348.92041816742176,
    "f"
  ],
  [
    8.828274849864666,
    11.782237069093513,
    348.920416241902,
    "f"
  ],
  [
    8.824954859779172,
    11.799191173951487,
    348.92041413922175,
    "f"
  ],
  [
    8.821510094537507,
    11.816782461236256,
    348.92041190687723,
    "f"
  ],
  [
    8.81792391745218,
    11.835095888604734,
    348.92040958942533,
    "f"
  ],
  [
    8.8141796918357,
    11.854216413713814,
    348.9204072270599,
    "f"
  ],
  [
    8.810260781000581,
    11.874228994220415,
    348.92040485475815,
    "f"
  ],
  [
    8.806150548259325,
    11.895218587781432,
    348.9204025019294,
    "f"
  ],
  [
    8.801832356924454,
    11.917270152053783,
    348.9204001924613,
    "f"
  ],
  [
    8.79728957030847,
    11.940468644694365,
    348.9203979450489,
    "f"
  ],
  [
    8.792505551723886,
    11.964899023360088,
    348.9203957737054,
    "f"
  ],
  [
    8.78746366448321,
    11.990646245707858,
    348.9203936883651,
    "f"
  ],
  [
    8.782147271898955,
    12.017795269394579,
    348.9203916955123,
    "f"
  ],
  [
    8.776539737283631,
    12.04643105207716,
    348.92038979879237,
    "f"
  ],
  [
    8.770624423949748,
    12.076638551412506,
    348.9203879995716,
    "f"
  ],
  [
    8.764384695209818,
    12.108502725057527,
    348.92038629743524,
    "f"
  ],
  [
    8.757803914376346,
    12.14210853066912,
    348.9203846906137,
    "f"
  ],
  [
    8.750865444761846,
    12.1775409259042,
    348.92038317634075,
    "f"
  ],
  [
    8.743552649678831,
    12.21488486841967,
    348.9203817511466,
    "f"
  ],
  [
    8.735848892439806,
    12.254225315872436,
    348.9203804110937,
    "f"
  ],
  [
    8.727737536357285,
    12.295647225919407,
    348.9203791519633,
    "f"
  ],
  [
    8.719201944743777,
    12.339235556217481,
    348.9203779693995,
    "f"
  ],
  [
    8.710225480911792,
    12.385075264423575,
    348.9203768590193,
    "f"
  ],
  [
    8.70079150817384,
    12.433251308194588,
    348.9203758164936,
    "f"
  ],
  [
    8.690883389842433,
    12.48384864518743,
    348.92037483760674,
    "f"
  ],
  [
    8.680484489230079,
    12.536952233059006,
    348.9203739182972,
    "f"
  ],
  [
    8.66957816964929,
    12.592647029466221,
    348.92037305468506,
    "f"
  ],
  [
    8.658147794412576,
    12.651017992065983,
    348.9203722430882,
    "f"
  ],
  [
    8.646176726832449,
    12.712150078515197,
    348.92037148003084,
    "f"
  ],
  [
    8.633648330221416,
    12.776128246470769,
    348.9203707622457,
    "f"
  ],
  [
    8.620545967891989,
    12.843037453589606,
    348.92037008667205,
    "f"
  ],
  [
    8.606853003156678,
    12.912962657528615,
    348.9203694504501,
    "f"
  ],
  [
    8.592552799327994,
    12.985988815944703,
    348.92036885091346,
    "f"
  ],
  [
    8.577628719718446,
    13.062200886494772,
    348.92036828558076,
    "f"
  ],
  [
    8.562064127640546,
    13.141683826835735,
    348.9203677521452,
    "f"
  ],
  [
    8.545842386406804,
    13.224522594624487,
    348.9203672484647,
    "f"
  ],
  [
    8.528946859329729,
    13.310802147517945,
    348.9203667725516,
    "f"
  ],
  [
    8.511360909721832,
    13.400607443173012,
    348.92036632256224,
    "f"
  ],
  [
    8.493067900895623,
    13.494023439246593,
    348.92036589678736,
    "f"
  ],
  [
    8.474051196163614,
    13.591135093395597,
    348.9203654936422,
    "f"
  ],
  [
    8.454294158838312,
    13.692027363276924,
    348.9203651116578,
    "f"
  ],
  [
    8.43378015223223,
    13.79678520654749,
    348.9203647494724,
    "f"
  ],
  [
    8.412492539657878,
    13.905493580864192,
    348.9203644058229,
    "f"
  ],
  [
    8.390414684427768,
    14.01823744388394,
    348.92036407953816,
    "f"
  ],
  [
    8.367529949854406,
    14.13510175326364,
    348.92036376953126,
    "f"
  ],
  [
    8.367529949854406,
    14.13510175326364,
    348.92036376953126,
    "f"
  ],
  [
    8.344645215334568,
    14.251966062594459,
    348.9203641216505,
    "f"
  ],
  [
    8.322567360263577,
    14.364709925468887,
    348.92036449225884,
    "f"
  ],
  [
    8.301279747951767,
    14.473418299545822,
    348.9203648825908,
    "f"
  ],
  [
    8.280765741709466,
    14.578176142484148,
    348.92036529397666,
    "f"
  ],
  [
    8.261008704847011,
    14.679068411942776,
    348.920365727851,
    "f"
  ],
  [
    8.241992000674738,
    14.77618006558059,
    348.92036618576066,
    "f"
  ],
  [
    8.223698992502975,
    14.869596061056484,
    348.92036666937423,
    "f"
  ],
  [
    8.206113043642059,
    14.959401356029359,
    348.92036718049155,
    "f"
  ],
  [
    8.189217517402314,
    15.0456809081581,
    348.9203677210543,
    "f"
  ],
  [
    8.172995777094087,
    15.128519675101616,
    348.92036829315634,
    "f"
  ],
  [
    8.1574311860277,
    15.208002614518785,
    348.9203688990555,
    "f"
  ],
  [
    8.142507107513493,
    15.284214684068516,
    348.92036954118487,
    "f"
  ],
  [
    8.128206904861797,
    15.357240841409697,
    348.9203702221645,
    "f"
  ],
  [
    8.11451394138294,
    15.427166044201222,
    348.920370944813,
    "f"
  ],
  [
    8.10141158038726,
    15.494075250101986,
    348.9203717121588,
    "f"
  ],
  [
    8.08888318518509,
    15.558053416770884,
    348.9203725274501,
    "f"
  ],
  [
    8.076912119086767,
    15.619185501866813,
    348.92037339416373,
    "f"
  ],
  [
    8.065481745402613,
    15.677556463048665,
    348.92037431601057,
    "f"
  ],
  [
    8.054575427442972,
    15.733251257975338,
    348.9203752969387,
    "f"
  ],
  [
    8.044176528518172,
    15.786354844305727,
    348.92037634113024,
    "f"
  ],
  [
    8.034268411938543,
    15.836952179698715,
    348.9203774529923,
    "f"
  ],
  [
    8.024834441014423,
    15.885128221813211,
    348.9203786371381,
    "f"
  ],
  [
    8.015857979056143,
    15.9309679283081,
    348.92037989835615,
    "f"
  ],
  [
    8.007322389374043,
    15.974556256842288,
    348.9203812415633,
    "f"
  ],
  [
    7.999211035278442,
    16.015978165074653,
    348.92038267173814,
    "f"
  ],
  [
    7.991507280079686,
    16.05531861066411,
    348.9203841938283,
    "f"
  ],
  [
    7.984194487088101,
    16.092662551269537,
    348.9203858126256,
    "f"
  ],
  [
    7.977256019614021,
    16.128094944549833,
    348.9203875326025,
    "f"
  ],
  [
    7.97067524096778,
    16.161700748163895,
    348.92038935770006,
    "f"
  ],
  [
    7.964435514459714,
    16.19356491977062,
    348.92039129106047,
    "f"
  ],
  [
    7.95852020340015,
    16.223772417028893,
    348.92039333469353,
    "f"
  ],
  [
    7.952912671099426,
    16.252408197597617,
    348.9203954890705,
    "f"
  ],
  [
    7.9475962808678755,
    16.27955721913569,
    348.9203977526391,
    "f"
  ],
  [
    7.942554396015829,
    16.305304439302,
    348.9204001212592,
    "f"
  ],
  [
    7.937770379853616,
    16.329734815755437,
    348.92040258756555,
    "f"
  ],
  [
    7.933227595691578,
    16.352933306154906,
    348.9204051402741,
    "f"
  ],
  [
    7.928909406840042,
    16.3749848681593,
    348.92040776346875,
    "f"
  ],
  [
    7.924799176609339,
    16.3959744594275,
    348.92041043591394,
    "f"
  ],
  [
    7.920880268309809,
    16.415987037618414,
    348.9204131304774,
    "f"
  ],
  [
    7.917136045251784,
    16.435107560390943,
    348.9204158137551,
    "f"
  ],
  [
    7.9135498707455945,
    16.453420985403973,
    348.92041844601766,
    "f"
  ],
  [
    7.91010510810157,
    16.47101227031639,
    348.920420981612,
    "f"
  ],
  [
    7.906785120630051,
    16.487966372787103,
    348.9204233699276,
    "f"
  ],
  [
    7.903573271641369,
    16.504368250475004,
    348.9204255570171,
    "f"
  ],
  [
    7.900452924445849,
    16.52030286103897,
    348.9204274878772,
    "f"
  ],
  [
    7.897407442353831,
    16.53585516213792,
    348.9204291093124,
    "f"
  ],
  [
    7.894420188675652,
    16.55111011143074,
    348.9204303731739,
    "f"
  ],
  [
    7.891474526721639,
    16.566152666576325,
    348.9204312396653,
    "f"
  ],
  [
    7.888553819802124,
    16.58106778523356,
    348.92043168033234,
    "f"
  ],
  [
    7.8856414312274445,
    16.595940425061354,
    348.92043168033234,
    "f"
  ],
  [
    7.88272072430793,
    16.610855543718596,
    348.9204312396655,
    "f"
  ],
  [
    7.879775062353916,
    16.625898098864177,
    348.9204303731739,
    "f"
  ],
  [
    7.876787808675736,
    16.641153048156994,
    348.9204291093125,
    "f"
  ],
  [
    7.873742326583718,
    16.656705349255944,
    348.92042748787713,
    "f"
  ],
  [
    7.870621979388205,
    16.67263995981992,
    348.920425557017,
    "f"
  ],
  [
    7.867410130399517,
    16.689041837507816,
    348.9204233699276,
    "f"
  ],
  [
    7.8640901429279975,
    16.70599593997853,
    348.920420981612,
    "f"
  ],
  [
    7.8606453802839775,
    16.72358722489095,
    348.9204184460176,
    "f"
  ],
  [
    7.857059205777785,
    16.74190064990397,
    348.920415813755,
    "f"
  ],
  [
    7.853314982719758,
    16.7610211726765,
    348.92041313047747,
    "f"
  ],
  [
    7.849396074420229,
    16.78103375086742,
    348.92041043591394,
    "f"
  ],
  [
    7.845285844189528,
    16.802023342135623,
    348.92040776346863,
    "f"
  ],
  [
    7.840967655337993,
    16.824074904140012,
    348.92040514027417,
    "f"
  ],
  [
    7.836424871175952,
    16.84727339453948,
    348.9204025875655,
    "f"
  ],
  [
    7.831640855013743,
    16.871703770992923,
    348.92040012125926,
    "f"
  ],
  [
    7.826598970161694,
    16.89745099115923,
    348.920397752639,
    "f"
  ],
  [
    7.82128257993014,
    16.924600012697297,
    348.9203954890705,
    "f"
  ],
  [
    7.815675047629418,
    16.953235793266025,
    348.92039333469353,
    "f"
  ],
  [
    7.8097597365698554,
    16.9834432905243,
    348.92039129106047,
    "f"
  ],
  [
    7.803520010061787,
    17.01530746213102,
    348.92038935770006,
    "f"
  ],
  [
    7.796939231415548,
    17.048913265745085,
    348.9203875326025,
    "f"
  ],
  [
    7.790000763941468,
    17.08434565902538,
    348.9203858126256,
    "f"
  ],
  [
    7.782687970949885,
    17.121689599630812,
    348.9203841938283,
    "f"
  ],
  [
    7.774984215751129,
    17.16103004522026,
    348.9203826717382,
    "f"
  ],
  [
    7.766872861655532,
    17.202451953452634,
    348.9203812415633,
    "f"
  ],
  [
    7.758337271973423,
    17.246040281986815,
    348.92037989835615,
    "f"
  ],
  [
    7.749360810015144,
    17.291879988481707,
    348.9203786371381,
    "f"
  ],
  [
    7.739926839091027,
    17.3400560305962,
    348.9203774529922,
    "f"
  ],
  [
    7.7300187225113985,
    17.39065336598919,
    348.9203763411301,
    "f"
  ],
  [
    7.719619823586599,
    17.44375695231958,
    348.92037529693863,
    "f"
  ],
  [
    7.708713505626954,
    17.49945174724625,
    348.92037431601057,
    "f"
  ],
  [
    7.697283131942803,
    17.557822708428102,
    348.92037339416373,
    "f"
  ],
  [
    7.685312065844477,
    17.618954793524033,
    348.9203725274501,
    "f"
  ],
  [
    7.672783670642307,
    17.68293296019293,
    348.9203717121588,
    "f"
  ],
  [
    7.65968130964663,
    17.749842166093696,
    348.920370944813,
    "f"
  ],
  [
    7.6459883461677745,
    17.81976736888522,
    348.9203702221645,
    "f"
  ],
  [
    7.631688143516076,
    17.892793526226402,
    348.92036954118487,
    "f"
  ],
  [
    7.616764065001868,
    17.96900559577613,
    348.9203688990555,
    "f"
  ],
  [
    7.601199473935482,
    18.048488535193307,
    348.92036829315634,
    "f"
  ],
  [
    7.584977733627253,
    18.131327302136818,
    348.9203677210543,
    "f"
  ],
  [
    7.568082207387514,
    18.21760685426556,
    348.92036718049155,
    "f"
  ],
  [
    7.5504962585265964,
    18.307412149238438,
    348.92036666937423,
    "f"
  ],
  [
    7.532203250354832,
    18.40082814471433,
    348.92036618576066,
    "f"
  ],
  [
    7.513186546182555,
    18.497939798352142,
    348.920365727851,
    "f"
  ],
  [
    7.493429509320101,
    18.59883206781076,
    348.92036529397666,
    "f"
  ],
  [
    7.472915503077802,
    18.7035899107491,
    348.9203648825907,
    "f"
  ],
  [
    7.451627890765991,
    18.812298284826028,
    348.9203644922588,
    "f"
  ],
  [
    7.429550035695002,
    18.92504214770046,
    348.9203641216505,
    "f"
  ],
  [
    7.406665301175164,
    19.041906457031274,
    348.92036376953126,
    "f"
  ]
]