[
  [
    0.0,
    0.0,
    90.192,
    "f"
  ],
  [
    0.11838607839203097,
    -0.000396717041409346,
    90.192,
    "f"
  ],
  [
    0.23119805227723034,
    -0.0007747550094133332,
    90.192,
    "f"
  ],
  [
    0.33855085164542964,
    -0.0011344990395461274,
    90.192,
    "f"
  ],
  [
    0.4405594064864604,
    -0.0014763342673418667,
    90.192,
    "f"
  ],
  [
    0.5373386467901544,
    -0.0018006458283345572,
    90.192,
    "f"
  ],
  [
    0.629003502546343,
    -0.0021078188580583856,
    90.192,
    "f"
  ],
  [
    0.715668903744858,
    -0.002398238492047622,
    90.192,
    "f"
  ],
  [
    0.7974497803755309,
    -0.002672289865836286,
    90.192,
    "f"
  ],
  [
    0.874461062428193,
    -0.0029303581149584534,
    90.192,
    "f"
  ],
  [
    0.9468176798926764,
    -0.0031728283749482555,
    90.192,
    "f"
  ],
  [
    1.014634562758812,
    -0.00340008578133999,
    90.192,
    "f"
  ],
  [
    1.0780266410164319,
    -0.0036125154696676764,
    90.192,
    "f"
  ],
  [
    1.1371088446553683,
    -0.0038105025754654465,
    90.192,
    "f"
  ],
  [
    1.191996103665451,
    -0.003994432234267431,
    90.192,
    "f"
  ],
  [
    1.2428033480365137,
    -0.004164689581607761,
    90.192,
    "f"
  ],
  [
    1.2896455077583857,
    -0.004321659753020457,
    90.192,
    "f"
  ],
  [
    1.3326375128209005,
    -0.004465727884039872,
    90.192,
    "f"
  ],
  [
    1.3718942932138884,
    -0.0045972791102000254,
    90.192,
    "f"
  ],
  [
    1.4075307789271823,
    -0.004716698567035049,
    90.192,
    "f"
  ],
  [
    1.4396618999506128,
    -0.004824371390079074,
    90.192,
    "f"
  ],
  [
    1.4684025862740113,
    -0.004920682714866342,
    90.192,
    "f"
  ],
  [
    1.4938677678872103,
    -0.005006017676930763,
    90.192,
    "f"
  ],
  [
    1.51617237478004,
    -0.005080761411806689,
    90.192,
    "f"
  ],
  [
    1.5354313369423336,
    -0.005145299055027919,
    90.192,
    "f"
  ],
  [
    1.5517595843639214,
    -0.005200015742128916,
    90.192,
    "f"
  ],
  [
    1.5652720470346364,
    -0.005245296608643812,
    90.192,
    "f"
  ],
  [
    1.5760836549443091,
    -0.0052815267901062946,
    90.192,
    "f"
  ],
  [
    1.5843093380827709,
    -0.00530909142205116,
    90.192,
    "f"
  ],
  [
    1.5900640264398533,
    -0.005328375640012428,
    90.192,
    "f"
  ],
  [
    1.593462650005389,
    -0.005339764579523343,
    90.192,
    "f"
  ],
  [
    1.594620138769208,
    -0.005343643376119034,
    90.192,
    "f"
  ],
  [
    1.5936514227211434,
    -0.005340397165333521,
    90.192,
    "f"
  ],
  [
    1.5906714318510264,
    -0.0053304110827003814,
    90.192,
    "f"
  ],
  [
    1.5857950961486884,
    -0.005314070263754189,
    90.192,
    "f"
  ],
  [
    1.5791373456039601,
    -0.005291759844029076,
    90.192,
    "f"
  ],
  [
    1.5708131102066747,
    -0.005263864959059061,
    90.192,
    "f"
  ],
  [
    1.5609373199466627,
    -0.005230770744378277,
    90.192,
    "f"
  ],
  [
    1.5496249048137556,
    -0.0051928623355204095,
    90.192,
    "f"
  ],
  [
    1.5369907947977852,
    -0.0051505248680207005,
    90.192,
    "f"
  ],
  [
    1.523149919888584,
    -0.005104143477412282,
    90.192,
    "f"
  ],
  [
    1.508217210075983,
    -0.0050541032992297286,
    90.192,
    "f"
  ],
  [
    1.4923075953498124,
    -0.005000789469007061,
    90.192,
    "f"
  ],
  [
    1.4755360056999056,
    -0.004944587122278077,
    90.192,
    "f"
  ],
  [
    1.4580173711160942,
    -0.004885881394577574,
    90.192,
    "f"
  ],
  [
    1.4398666215882079,
    -0.004825057421439238,
    90.192,
    "f"
  ],
  [
    1.4211986871060798,
    -0.004762500338397313,
    90.192,
    "f"
  ],
  [
    1.4021284976595414,
    -0.00469859528098604,
    90.192,
    "f"
  ],
  [
    1.3827709832384243,
    -0.004633727384739217,
    90.192,
    "f"
  ],
  [
    1.3632410738325595,
    -0.00456828178519153,
    90.192,
    "f"
  ],
  [
    1.343653699431779,
    -0.004502643617876556,
    90.192,
    "f"
  ],
  [
    1.3241237900259144,
    -0.0044371980183286475,
    90.192,
    "f"
  ],
  [
    1.3047662756047966,
    -0.0043723301220820465,
    90.192,
    "f"
  ],
  [
    1.2856960861582587,
    -0.004308425064670662,
    90.192,
    "f"
  ],
  [
    1.2670281516761301,
    -0.004245867981628848,
    90.192,
    "f"
  ],
  [
    1.2488774021482447,
    -0.004185044008490513,
    90.192,
    "f"
  ],
  [
    1.2313587675644324,
    -0.0041263382807900095,
    90.192,
    "f"
  ],
  [
    1.214587177914526,
    -0.0040701359340611365,
    90.192,
    "f"
  ],
  [
    1.198677563188356,
    -0.004016822103838469,
    90.192,
    "f"
  ],
  [
    1.183744853375754,
    -0.003966781925655916,
    90.192,
    "f"
  ],
  [
    1.1699039784665528,
    -0.003920400535047497,
    90.192,
    "f"
  ],
  [
    1.1572698684505829,
    -0.0038780630675474548,
    90.192,
    "f"
  ],
  [
    1.145957453317676,
    -0.0038401546586900315,
    90.192,
    "f"
  ],
  [
    1.1360816630576638,
    -0.003807060444009247,
    90.192,
    "f"
  ],
  [
    1.1277574276603781,
    -0.0037791655590390105,
    90.192,
    "f"
  ],
  [
    1.1210996771156507,
    -0.003756855139313897,
    90.192,
    "f"
  ],
  [
    1.1162233414133123,
    -0.003740514320367705,
    90.192,
    "f"
  ],
  [
    1.1132433505431951,
    -0.003730528237734787,
    90.192,
    "f"
  ],
  [
    1.1122746344951302,
    -0.0037272820269490525,
    90.192,
    "f"
  ],
  [
    1.1134321232589497,
    -0.0037311608235447435,
    90.192,
    "f"
  ],
  [
    1.1168307468244854,
    -0.003742549763055991,
    90.192,
    "f"
  ],
  [
    1.1225854351815683,
    -0.0037618339810170376,
    90.192,
    "f"
  ],
  [
    1.13081111832003,
    -0.003789398612961792,
    90.192,
    "f"
  ],
  [
    1.1416227262297025,
    -0.003825628794424385,
    90.192,
    "f"
  ],
  [
    1.1551351889004167,
    -0.00387090966093917,
    90.192,
    "f"
  ],
  [
    1.171463436322005,
    -0.003925626348040279,
    90.192,
    "f"
  ],
  [
    1.1907223984842983,
    -0.003990163991261619,
    90.192,
    "f"
  ],
  [
    1.2130270053771286,
    -0.0040649077261375455,
    90.192,
    "f"
  ],
  [
    1.2384921869903274,
    -0.004150242688201855,
    90.192,
    "f"
  ],
  [
    1.2672328733137261,
    -0.004246554012989012,
    90.192,
    "f"
  ],
  [
    1.2993639943371569,
    -0.004354226836033037,
    90.192,
    "f"
  ],
  [
    1.33500048005045,
    -0.004473646292868061,
    90.192,
    "f"
  ],
  [
    1.3742572604434384,
    -0.004605197519027993,
    90.192,
    "f"
  ],
  [
    1.4172492655059532,
    -0.00474926565004774,
    90.192,
    "f"
  ],
  [
    1.4640914252278254,
    -0.004906235821460325,
    90.192,
    "f"
  ],
  [
    1.514898669598888,
    -0.005076493168800877,
    90.192,
    "f"
  ],
  [
    1.5697859286089706,
    -0.005260422827602751,
    90.192,
    "f"
  ],
  [
    1.628868132247907,
    -0.00545840993340041,
    90.192,
    "f"
  ],
  [
    1.6922602105055269,
    -0.0056708396217280965,
    90.192,
    "f"
  ],
  [
    1.7600770933716632,
    -0.005898097028119831,
    90.192,
    "f"
  ],
  [
    1.832433710836146,
    -0.006140567288109744,
    90.192,
    "f"
  ],
  [
    1.9094449928888082,
    -0.006398635537231967,
    90.192,
    "f"
  ],
  [
    1.9912258695194813,
    -0.006672686911020742,
    90.192,
    "f"
  ],
  [
    2.0778912707179957,
    -0.006963106545009756,
    90.192,
    "f"
  ],
  [
    2.1695561264741854,
    -0.007270279574733474,
    90.192,
    "f"
  ],
  [
    2.266335366777879,
    -0.0075945911357262474,
    90.192,
    "f"
  ],
  [
    2.3683439216189095,
    -0.007936426363521987,
    90.192,
    "f"
  ],
  [
    2.4756967209871092,
    -0.008296170393655045,
    90.192,
    "f"
  ],
  [
    2.588508694872308,
    -0.008674208361658664,
    90.192,
    "f"
  ],
  [
    2.706894773264339,
    -0.009070925403068086,
    90.192,
    "f"
  ],
  [
    2.706894773264339,
    -0.009070925403068086,
    90.192,
    "f"
  ],
  [
    2.8281003184709075,
    -0.008583276694460462,
    89.34782177987562,
    "f"
  ],
  [
    2.9492775982841426,
    -0.006315543055398942,
    88.50877510367239,
    "f"
  ],
  [
    3.070401900920518,
    -0.002279098085896658,
    87.67470325580523,
    "f"
  ],
  [
    3.191448514596499,
    0.003514684614033703,
    86.8454428300091,
    "f"
  ],
  [
    3.312392727528557,
    0.01105443144437901,
    86.02082413586531,
    "f"
  ],
  [
    3.4332098279331627,
    0.020328768805126574,
    85.20067158639652,
    "f"
  ],
  [
    3.5538751040267837,
    0.031326323096263486,
    84.38480406659038,
    "f"
  ],
  [
    3.6743638440258914,
    0.044035720717776616,
    83.57303528286467,
    "f"
  ],
  [
    3.7946513361469534,
    0.058445588069653054,
    82.76517409363008,
    "f"
  ],
  [
    3.914712868606443,
    0.07454455155188056,
    81.96102482123159,
    "f"
  ],
  [
    4.034523729620825,
    0.09232123756444532,
    81.16038754566351,
    "f"
  ],
  [
    4.154059207406572,
    0.1117642725073349,
    80.36305838055317,
    "f"
  ],
  [
    4.273294590180155,
    0.13286228278053658,
    79.56882973199912,
    "f"
  ],
  [
    4.392205166158039,
    0.15560389478403813,
    78.77749054092622,
    "f"
  ],
  [
    4.510766223556699,
    0.17997773491782443,
    77.98882650969203,
    "f"
  ],
  [
    4.6289530505925995,
    0.20597242958188522,
    77.20262031373765,
    "f"
  ],
  [
    4.746740935482213,
    0.23357660517620582,
    76.41865179913172,
    "f"
  ],
  [
    4.86410516644201,
    0.26277888810077377,
    75.63669816690172,
    "f"
  ],
  [
    4.981021031688458,
    0.29356790475557704,
    74.85653414509021,
    "f"
  ],
  [
    5.09746381943803,
    0.3259322815406014,
    74.07793214950867,
    "f"
  ],
  [
    5.213408817907189,
    0.35986064485583436,
    73.3006624341957,
    "f"
  ],
  [
    5.328831315312412,
    0.39534162110126303,
    72.52449323261554,
    "f"
  ],
  [
    5.443706599870162,
    0.4323638366768754,
    71.74919089066172,
    "f"
  ],
  [
    5.558009959796916,
    0.47091591798265897,
    70.97451999255337,
    "f"
  ],
  [
    5.671716683309137,
    0.5109864914185986,
    70.20024348073916,
    "f"
  ],
  [
    5.784802058623299,
    0.5525641833846824,
    69.42612277094598,
    "f"
  ],
  [
    5.89724137395587,
    0.5956376202808982,
    68.65191786353215,
    "f"
  ],
  [
    6.0090099175233185,
    0.6401954285072327,
    67.87738745233024,
    "f"
  ],
  [
    6.120082977542113,
    0.686226234463672,
    67.1022890321871,
    "f"
  ],
  [
    6.230435842228729,
    0.7337186645502047,
    66.32637900643344,
    "f"
  ],
  [
    6.340043799799631,
    0.782661345166817,
    65.54941279554201,
    "f"
  ],
  [
    6.448882138471289,
    0.8330429027134971,
    64.77114494825729,
    "f"
  ],
  [
    6.556926146460176,
    0.8848519635902319,
    63.99132925651047,
    "f"
  ],
  [
    6.6641511119827594,
    0.9380771541970065,
    63.20971887545822,
    "f"
  ],
  [
    6.770532323255506,
    0.9927071009338087,
    62.426066450016194,
    "f"
  ],
  [
    6.876045068494891,
    1.0487304302006288,
    61.640124249284995,
    "f"
  ],
  [
    6.98066463591738,
    1.1061357683974502,
    60.851644310298795,
    "f"
  ],
  [
    7.084366313739444,
    1.164911741924262,
    60.06037859255501,
    "f"
  ],
  [
    7.187125390177551,
    1.2250469771810493,
    59.26607914481336,
    "f"
  ],
  [
    7.288917153448175,
    1.2865301005678016,
    58.468498285679104,
    "f"
  ],
  [
    7.389716891767782,
    1.3493497384845052,
    57.66738879951332,
    "f"
  ],
  [
    7.489499893352839,
    1.413494517331146,
    56.86250414923255,
    "f"
  ],
  [
    7.588241446419824,
    1.4789530635077122,
    56.053598707580974,
    "f"
  ],
  [
    7.6859168391852,
    1.5457140034141919,
    55.24042800846972,
    "f"
  ],
  [
    7.782501359865438,
    1.6137659634505699,
    54.42274901998546,
    "f"
  ],
  [
    7.877970296677008,
    1.6830975700168342,
    53.600320440668085,
    "f"
  ],
  [
    7.972298937836378,
    1.7536974495129738,
    52.77290302064539,
    "f"
  ],
  [
    8.06546257156002,
    1.8255542283389725,
    51.940259909189066,
    "f"
  ],
  [
    8.157436486064404,
    1.8986565328948206,
    51.10215703022003,
    "f"
  ],
  [
    8.248195969565998,
    1.972992989580503,
    50.258363487236224,
    "f"
  ],
  [
    8.337716310281273,
    2.0485522247960075,
    49.40865199906527,
    "f"
  ],
  [
    8.425972796426697,
    2.1253228649413214,
    48.55279936775149,
    "f"
  ],
  [
    8.51294071621874,
    2.203293536416432,
    47.690586979770046,
    "f"
  ],
  [
    8.598595357873869,
    2.2824528656213254,
    46.82180134161939,
    "f"
  ],
  [
    8.682912009608561,
    2.3627894789559885,
    45.9462346506711,
    "f"
  ],
  [
    8.76586595963928,
    2.444292002820411,
    45.06368540195217,
    "f"
  ],
  [
    8.847432496182495,
    2.526949063614578,
    44.17395903129773,
    "f"
  ],
  [
    8.927586907454682,
    2.6107492877384755,
    43.276868595036206,
    "f"
  ],
  [
    9.006304481672302,
    2.695681301592095,
    42.37223548605351,
    "f"
  ],
  [
    9.08356050705183,
    2.7817337315754185,
    41.459890185726124,
    "f"
  ],
  [
    9.159330271809736,
    2.8688952040884352,
    40.53967305081164,
    "f"
  ],
  [
    9.233589064162485,
    2.9571543455311327,
    39.611435133939494,
    "f"
  ],
  [
    9.306312172326553,
    3.0464997823034987,
    38.67503903585413,
    "f"
  ],
  [
    9.377474884518403,
    3.136920140805517,
    37.73035978702421,
    "f"
  ],
  [
    9.44705248895451,
    3.228404047437178,
    36.77728575565283,
    "f"
  ],
  [
    9.51502027385134,
    3.320940128598467,
    35.815719578499795,
    "f"
  ],
  [
    9.581353527425367,
    3.4145170106893743,
    34.845579110266044,
    "f"
  ],
  [
    9.646027537893055,
    3.5091233201098837,
    33.866798386597566,
    "f"
  ],
  [
    9.709017593470879,
    3.6047476832599825,
    32.879328595044285,
    "f"
  ],
  [
    9.770298982375305,
    3.7013787265396587,
    31.88313904757291,
    "f"
  ],
  [
    9.829846992822803,
    3.7990050763489003,
    30.878218147484176,
    "f"
  ],
  [
    9.88763691302984,
    3.897615359087691,
    29.864574342845174,
    "f"
  ],
  [
    9.943644031212894,
    3.997198201156023,
    28.84223705782307,
    "f"
  ],
  [
    9.997843635588431,
    4.097742228953879,
    27.81125759261664,
    "f"
  ],
  [
    10.050211014372916,
    4.199236068881248,
    26.77170998204508,
    "f"
  ],
  [
    10.100721455782823,
    4.3016683473381185,
    25.723691802286567,
    "f"
  ],
  [
    10.149350248034619,
    4.405027690724474,
    24.667324914782682,
    "f"
  ],
  [
    10.196072679344775,
    4.509302725440304,
    23.602756135961727,
    "f"
  ],
  [
    10.24086403792976,
    4.6144820778855955,
    22.530157821203034,
    "f"
  ],
  [
    10.28369961200605,
    4.720554374460336,
    21.449728351388785,
    "f"
  ],
  [
    10.324554689790103,
    4.8275082415645105,
    20.36169251048841,
    "f"
  ],
  [
    10.363404559498397,
    4.935332305598108,
    19.266301742911196,
    "f"
  ],
  [
    10.4002245093474,
    5.044015192961117,
    18.16383427986426,
    "f"
  ],
  [
    10.434989827553581,
    5.1535455300535205,
    17.054595124669618,
    "f"
  ],
  [
    10.467675802333408,
    5.263911943275309,
    15.93891588794719,
    "f"
  ],
  [
    10.498257721903354,
    5.375103059026468,
    14.81715446474584,
    "f"
  ],
  [
    10.526710874479885,
    5.487107503706985,
    13.689694547115096,
    "f"
  ],
  [
    10.553010548279472,
    5.599913903716849,
    12.556944967235552,
    "f"
  ],
  [
    10.57713203151859,
    5.713510885456046,
    11.419338868053956,
    "f"
  ],
  [
    10.599050612413697,
    5.827887075324558,
    10.277332700377428,
    "f"
  ],
  [
    10.618741579181274,
    5.94303109972238,
    9.131405047537157,
    "f"
  ],
  [
    10.636180220037785,
    6.0589315850494945,
    7.982055280998566,
    "f"
  ],
  [
    10.651341823199699,
    6.17557715770589,
    6.829802052634989,
    "f"
  ],
  [
    10.66420167688349,
    6.292956444091555,
    5.675181631737985,
    "f"
  ],
  [
    10.674735069305623,
    6.411058070606472,
    4.5187460971682185,
    "f"
  ],
  [
    10.68291728868257,
    6.529870663650631,
    3.3610613972969645,
    "f"
  ],
  [
    10.6887236232308,
    6.649382849624023,
    2.2027052924963755,
    "f"
  ],
  [
    10.692129361166781,
    6.769583254926628,
    1.044265196858305,
    "f"
  ],
  [
    10.693109790706988,
    6.890460505958436,
    359.8863359375,
    "f"
  ],
  [
    10.693109790706988,
    6.890460505958436,
    359.8863359375,
    "f"
  ],
  [
    10.692873550866596,
    7.009544182562579,
    359.88633604671827,
    "f"
  ],
  [
    10.692645640686095,
    7.124429161045708,
    359.88633616167135,
    "f"
  ],
  [
    10.692425888419923,
    7.235202012503102,
    359.88633628274226,
    "f"
  ],
  [
    10.692214122322515,
    7.34194930803004,
    359.88633641034346,
    "f"
  ],
  [
    10.692010170648306,
    7.4447576187218045,
    359.88633654492,
    "f"
  ],
  [
    10.691813861651733,
    7.54371351567367,
    359.8863366869517,
    "f"
  ],
  [
    10.691625023587225,
    7.638903569980915,
    359.88633683695616,
    "f"
  ],
  [
    10.691443484709223,
    7.730414352738821,
    359.88633699549155,
    "f"
  ],
  [
    10.691269073272158,
    7.81833243504266,
    359.8863371631601,
    "f"
  ],
  [
    10.691101617530471,
    7.90274438798772,
    359.8863373406113,
    "f"
  ],
  [
    10.690940945738589,
    7.983736782669273,
    359.88633752854554,
    "f"
  ],
  [
    10.69078688615096,
    8.061396190182604,
    359.88633772771743,
    "f"
  ],
  [
    10.690639267022004,
    8.135809181622982,
    359.8863379389397,
    "f"
  ],
  [
    10.690497916606166,
    8.207062328085692,
    359.8863381630866,
    "f"
  ],
  [
    10.690362663157881,
    8.275242200666014,
    359.88633840109736,
    "f"
  ],
  [
    10.690233334931573,
    8.340435370459218,
    359.88633865397964,
    "f"
  ],
  [
    10.690109760181695,
    8.402728408560595,
    359.8863389228117,
    "f"
  ],
  [
    10.689991767162667,
    8.462207886065412,
    359.88633920874474,
    "f"
  ],
  [
    10.689879184128936,
    8.518960374068959,
    359.8863395130033,
    "f"
  ],
  [
    10.68977183933493,
    8.573072443666506,
    359.8863398368845,
    "f"
  ],
  [
    10.689669561035084,
    8.624630665953331,
    359.8863401817553,
    "f"
  ],
  [
    10.689572177483836,
    8.67372161202472,
    359.88634054904674,
    "f"
  ],
  [
    10.689479516935618,
    8.720431852975944,
    359.88634094024394,
    "f"
  ],
  [
    10.689391407644868,
    8.764847959902285,
    359.8863413568721,
    "f"
  ],
  [
    10.68930767786602,
    8.807056503899023,
    359.88634180047535,
    "f"
  ],
  [
    10.689228155853513,
    8.847144056061435,
    359.8863422725884,
    "f"
  ],
  [
    10.689152669861777,
    8.885197187484799,
    359.8863427746975,
    "f"
  ],
  [
    10.68908104814525,
    8.921302469264397,
    359.88634330818985,
    "f"
  ],
  [
    10.689013118958364,
    8.9555464724955,
    359.886343874288,
    "f"
  ],
  [
    10.68894871055556,
    8.988015768273398,
    359.8863444739665,
    "f"
  ],
  [
    10.688887651191266,
    9.018796927693357,
    359.8863451078486,
    "f"
  ],
  [
    10.68882976911992,
    9.047976521850662,
    359.88634577608076,
    "f"
  ],
  [
    10.688774892595962,
    9.075641121840595,
    359.88634647818134,
    "f"
  ],
  [
    10.688722849873825,
    9.101877298758431,
    359.8863472128662,
    "f"
  ],
  [
    10.688673469207936,
    9.126771623699446,
    359.8863479778508,
    "f"
  ],
  [
    10.68862657885274,
    9.150410667758923,
    359.88634876963533,
    "f"
  ],
  [
    10.688582007062669,
    9.172881002032138,
    359.88634958328265,
    "f"
  ],
  [
    10.688539582092156,
    9.194269197614371,
    359.8863504122063,
    "f"
  ],
  [
    10.688499132195638,
    9.214661825600896,
    359.88635124799055,
    "f"
  ],
  [
    10.688460485627553,
    9.234145457087001,
    359.88635208027404,
    "f"
  ],
  [
    10.688423470642334,
    9.25280666316796,
    359.8863528967343,
    "f"
  ],
  [
    10.688387915494411,
    9.270732014939044,
    359.8863536832105,
    "f"
  ],
  [
    10.688353648438232,
    9.288008083495544,
    359.8863544240046,
    "f"
  ],
  [
    10.68832049772822,
    9.304721439932731,
    359.88635510238333,
    "f"
  ],
  [
    10.68828829161881,
    9.320958655345885,
    359.88635570128656,
    "f"
  ],
  [
    10.688256858364447,
    9.336806300830286,
    359.8863562042141,
    "f"
  ],
  [
    10.688226026219562,
    9.352350947481215,
    359.88635659623145,
    "f"
  ],
  [
    10.688195623438588,
    9.367679166393945,
    359.88635686499487,
    "f"
  ],
  [
    10.688165478275957,
    9.382877528663755,
    359.88635700167845,
    "f"
  ],
  [
    10.688135418986114,
    9.39803260538593,
    359.88635700167833,
    "f"
  ],
  [
    10.688105273823485,
    9.41323096765574,
    359.8863568649949,
    "f"
  ],
  [
    10.68807487104251,
    9.42855918656847,
    359.8863565962314,
    "f"
  ],
  [
    10.688044038897623,
    9.444103833219396,
    359.88635620421405,
    "f"
  ],
  [
    10.688012605643255,
    9.459951478703797,
    359.88635570128645,
    "f"
  ],
  [
    10.687980399533854,
    9.476188694116956,
    359.8863551023833,
    "f"
  ],
  [
    10.68794724882384,
    9.492902050554141,
    359.8863544240046,
    "f"
  ],
  [
    10.687912981767658,
    9.510178119110641,
    359.8863536832105,
    "f"
  ],
  [
    10.687877426619737,
    9.528103470881728,
    359.88635289673414,
    "f"
  ],
  [
    10.687840411634518,
    9.546764676962685,
    359.8863520802741,
    "f"
  ],
  [
    10.68780176506643,
    9.566248308448786,
    359.88635124799043,
    "f"
  ],
  [
    10.687761315169917,
    9.586640936435316,
    359.8863504122062,
    "f"
  ],
  [
    10.687718890199404,
    9.608029132017547,
    359.8863495832826,
    "f"
  ],
  [
    10.687674318409334,
    9.630499466290765,
    359.8863487696352,
    "f"
  ],
  [
    10.687627428054137,
    9.65413851035024,
    359.88634797785085,
    "f"
  ],
  [
    10.687578047388248,
    9.679032835291256,
    359.88634721286627,
    "f"
  ],
  [
    10.68752600466611,
    9.70526901220909,
    359.88634647818134,
    "f"
  ],
  [
    10.687471128142151,
    9.732933612199021,
    359.8863457760807,
    "f"
  ],
  [
    10.687413246070806,
    9.762113206356327,
    359.8863451078486,
    "f"
  ],
  [
    10.687352186706516,
    9.79289436577629,
    359.88634447396646,
    "f"
  ],
  [
    10.687287778303705,
    9.825363661554183,
    359.886343874288,
    "f"
  ],
  [
    10.687219849116822,
    9.85960766478529,
    359.88634330818985,
    "f"
  ],
  [
    10.687148227400293,
    9.895712946564885,
    359.8863427746975,
    "f"
  ],
  [
    10.687072741408558,
    9.933766077988249,
    359.88634227258837,
    "f"
  ],
  [
    10.686993219396049,
    9.973853630150659,
    359.88634180047535,
    "f"
  ],
  [
    10.686909489617204,
    10.0160621741474,
    359.88634135687204,
    "f"
  ],
  [
    10.686821380326453,
    10.060478281073742,
    359.886340940244,
    "f"
  ],
  [
    10.686728719778237,
    10.107188522024966,
    359.88634054904674,
    "f"
  ],
  [
    10.686631336226988,
    10.156279468096352,
    359.8863401817554,
    "f"
  ],
  [
    10.686529057927142,
    10.207837690383181,
    359.8863398368845,
    "f"
  ],
  [
    10.686421713133138,
    10.261949759980729,
    359.8863395130033,
    "f"
  ],
  [
    10.686309130099403,
    10.318702247984271,
    359.88633920874474,
    "f"
  ],
  [
    10.686191137080375,
    10.37818172548909,
    359.8863389228118,
    "f"
  ],
  [
    10.686067562330496,
    10.440474763590467,
    359.8863386539796,
    "f"
  ],
  [
    10.685938234104192,
    10.505667933383673,
    359.88633840109736,
    "f"
  ],
  [
    10.685802980655906,
    10.573847805963993,
    359.8863381630865,
    "f"
  ],
  [
    10.685661630240066,
    10.645100952426704,
    359.8863379389397,
    "f"
  ],
  [
    10.685514011111115,
    10.719513943867083,
    359.88633772771743,
    "f"
  ],
  [
    10.68535995152348,
    10.797173351380412,
    359.8863375285456,
    "f"
  ],
  [
    10.6851992797316,
    10.878165746061965,
    359.8863373406113,
    "f"
  ],
  [
    10.685031823989913,
    10.962577699007024,
    359.8863371631601,
    "f"
  ],
  [
    10.68485741255285,
    11.050495781310865,
    359.8863369954915,
    "f"
  ],
  [
    10.684675873674847,
    11.14200656406877,
    359.88633683695616,
    "f"
  ],
  [
    10.68448703561034,
    11.237196618376016,
    359.8863366869517,
    "f"
  ],
  [
    10.684290726613765,
    11.336152515327882,
    359.8863365449201,
    "f"
  ],
  [
    10.684086774939555,
    11.438960826019644,
    359.88633641034346,
    "f"
  ],
  [
    10.683875008842147,
    11.545708121546584,
    359.8863362827422,
    "f"
  ],
  [
    10.683655256575976,
    11.65648097300398,
    359.88633616167135,
    "f"
  ],
  [
    10.683427346395476,
    11.771365951487109,
    359.88633604671827,
    "f"
  ],
  [
    10.683191106555084,
    11.890449628091247,
    359.8863359375,
    "f"
  ],
  [
    10.683191106555084,
    11.890449628091247,
    359.8863359375,
    "f"
  ],
  [
    10.682954866762776,
    12.009533304641147,
    359.88633609355713,
    "f"
  ],
  [
    10.682726956725215,
    12.124418282963012,
    359.88633625780847,
    "f"
  ],
  [
    10.682507204694886,
    12.235191134154334,
    359.88633643080124,
    "f"
  ],
  [
    10.682295438924267,
    12.341938429312592,
    359.88633661312497,
    "f"
  ],
  [
    10.682091487665842,
    12.444746739535283,
    359.8863368054154,
    "f"
  ],
  [
    10.681895179172084,
    12.543702635919878,
    359.88633700835817,
    "f"
  ],
  [
    10.681706341695474,
    12.638892689563871,
    359.88633722269276,
    "f"
  ],
  [
    10.681524803488493,
    12.730403471564745,
    359.8863374492169,
    "f"
  ],
  [
    10.681350392803616,
    12.818321553019981,
    359.88633768879106,
    "f"
  ],
  [
    10.68118293789333,
    12.902733505027074,
    359.8863379423432,
    "f"
  ],
  [
    10.681022267010105,
    12.983725898683497,
    359.88633821087404,
    "f"
  ],
  [
    10.68086820840643,
    13.061385305086745,
    359.88633849546187,
    "f"
  ],
  [
    10.680720590334781,
    13.135798295334304,
    359.8863387972679,
    "f"
  ],
  [
    10.680579241047631,
    13.207051440523646,
    359.8863391175414,
    "f"
  ],
  [
    10.68044398879747,
    13.275231311752272,
    359.88633945762444,
    "f"
  ],
  [
    10.680314661836764,
    13.340424480117651,
    359.8863398189566,
    "f"
  ],
  [
    10.680191088418004,
    13.402717516717285,
    359.8863402030789,
    "f"
  ],
  [
    10.680073096793667,
    13.462196992648648,
    359.88634061163583,
    "f"
  ],
  [
    10.679960515216228,
    13.51894947900923,
    359.88634104637725,
    "f"
  ],
  [
    10.679853171938174,
    13.573061546896517,
    359.8863415091567,
    "f"
  ],
  [
    10.67975089521197,
    13.624619767407983,
    359.8863420019273,
    "f"
  ],
  [
    10.679653513290113,
    13.67371071164113,
    359.88634252673364,
    "f"
  ],
  [
    10.67956085442507,
    13.72042095069343,
    359.88634308569794,
    "f"
  ],
  [
    10.679472746869326,
    13.764837055662378,
    359.8863436809993,
    "f"
  ],
  [
    10.679389018875355,
    13.80704559764545,
    359.88634431484434,
    "f"
  ],
  [
    10.679309498695645,
    13.84713314774014,
    359.88634498942554,
    "f"
  ],
  [
    10.679234014582674,
    13.88518627704393,
    359.886345706867,
    "f"
  ],
  [
    10.67916239478891,
    13.921291556654296,
    359.8863464691505,
    "f"
  ],
  [
    10.679094467566845,
    13.955535557668739,
    359.88634727802304,
    "f"
  ],
  [
    10.67903006116895,
    13.988004851184732,
    359.886348134877,
    "f"
  ],
  [
    10.678969003847705,
    14.018786008299761,
    359.8863490406031,
    "f"
  ],
  [
    10.678911123855595,
    14.047965600111318,
    359.8863499954103,
    "f"
  ],
  [
    10.678856249445104,
    14.07563019771689,
    359.8863509986106,
    "f"
  ],
  [
    10.6788042088687,
    14.101866372213951,
    359.8863520483692,
    "f"
  ],
  [
    10.678754830378862,
    14.126760694699993,
    359.88635314142186,
    "f"
  ],
  [
    10.678707942228074,
    14.1503997362725,
    359.88635427276756,
    "f"
  ],
  [
    10.678663372668819,
    14.17287006802896,
    359.8863554353522,
    "f"
  ],
  [
    10.678620949953565,
    14.194258261066848,
    359.88635661976446,
    "f"
  ],
  [
    10.678580502334801,
    14.21465088648366,
    359.88635781397954,
    "f"
  ],
  [
    10.67854185806501,
    14.234134515376883,
    359.88635900319275,
    "f"
  ],
  [
    10.678504845396661,
    14.252795718843998,
    359.88636016979655,
    "f"
  ],
  [
    10.678469292582234,
    14.270721067982478,
    359.88636129355757,
    "f"
  ],
  [
    10.678435027874219,
    14.287997133889828,
    359.88636235204564,
    "f"
  ],
  [
    10.678401879525083,
    14.304710487663524,
    359.8863633213511,
    "f"
  ],
  [
    10.678369675787312,
    14.320947700401048,
    359.8863641770974,
    "f"
  ],
  [
    10.678338244913384,
    14.33679534319989,
    359.88636489570854,
    "f"
  ],
  [
    10.678307415155778,
    14.352339987157535,
    359.8863654558447,
    "f"
  ],
  [
    10.678277014766977,
    14.367668203371469,
    359.886365839869,
    "f"
  ],
  [
    10.678246871999454,
    14.382866562939169,
    359.8863660351701,
    "f"
  ],
  [
    10.678216815105692,
    14.398021636958136,
    359.88636603517,
    "f"
  ],
  [
    10.67818667233817,
    14.413219996525836,
    359.886365839869,
    "f"
  ],
  [
    10.678156271949367,
    14.42854821273977,
    359.8863654558447,
    "f"
  ],
  [
    10.67812544219176,
    14.444092856697413,
    359.8863648957085,
    "f"
  ],
  [
    10.678094011317834,
    14.459940499496255,
    359.88636417709745,
    "f"
  ],
  [
    10.678061807580065,
    14.476177712233783,
    359.88636332135115,
    "f"
  ],
  [
    10.678028659230929,
    14.492891066007479,
    359.88636235204564,
    "f"
  ],
  [
    10.677994394522912,
    14.510167131914825,
    359.8863612935576,
    "f"
  ],
  [
    10.67795884170849,
    14.528092481053314,
    359.8863601697965,
    "f"
  ],
  [
    10.677921829040141,
    14.546753684520425,
    359.8863590031927,
    "f"
  ],
  [
    10.677883184770344,
    14.566237313413643,
    359.8863578139796,
    "f"
  ],
  [
    10.677842737151579,
    14.586629938830455,
    359.88635661976446,
    "f"
  ],
  [
    10.677800314436332,
    14.608018131868349,
    359.8863554353522,
    "f"
  ],
  [
    10.677755744877073,
    14.630488463624808,
    359.88635427276745,
    "f"
  ],
  [
    10.677708856726284,
    14.654127505197312,
    359.88635314142186,
    "f"
  ],
  [
    10.67765947823645,
    14.679021827683355,
    359.8863520483692,
    "f"
  ],
  [
    10.677607437660045,
    14.705258002180418,
    359.8863509986106,
    "f"
  ],
  [
    10.677552563249547,
    14.732922599785985,
    359.8863499954103,
    "f"
  ],
  [
    10.677494683257438,
    14.762102191597542,
    359.8863490406031,
    "f"
  ],
  [
    10.677433625936196,
    14.792883348712575,
    359.886348134877,
    "f"
  ],
  [
    10.677369219538301,
    14.82535264222857,
    359.886347278023,
    "f"
  ],
  [
    10.677301292316239,
    14.85959664324301,
    359.88634646915057,
    "f"
  ],
  [
    10.677229672522476,
    14.895701922853378,
    359.886345706867,
    "f"
  ],
  [
    10.6771541884095,
    14.933755052157167,
    359.8863449894256,
    "f"
  ],
  [
    10.677074668229785,
    14.973842602251853,
    359.88634431484434,
    "f"
  ],
  [
    10.676990940235822,
    15.016051144234927,
    359.88634368099935,
    "f"
  ],
  [
    10.676902832680078,
    15.060467249203874,
    359.88634308569794,
    "f"
  ],
  [
    10.676810173815033,
    15.107177488256177,
    359.8863425267337,
    "f"
  ],
  [
    10.676712791893172,
    15.15626843248932,
    359.8863420019273,
    "f"
  ],
  [
    10.67661051516698,
    15.207826653000794,
    359.88634150915675,
    "f"
  ],
  [
    10.676503171888918,
    15.261938720888075,
    359.88634104637725,
    "f"
  ],
  [
    10.676390590311481,
    15.318691207248659,
    359.8863406116359,
    "f"
  ],
  [
    10.676272598687142,
    15.378170683180022,
    359.8863402030789,
    "f"
  ],
  [
    10.676149025268383,
    15.440463719779654,
    359.8863398189566,
    "f"
  ],
  [
    10.67601969830768,
    15.505656888145037,
    359.8863394576244,
    "f"
  ],
  [
    10.675884446057514,
    15.57383675937366,
    359.88633911754135,
    "f"
  ],
  [
    10.675743096770368,
    15.645089904563006,
    359.88633879726797,
    "f"
  ],
  [
    10.675595478698716,
    15.71950289481056,
    359.88633849546187,
    "f"
  ],
  [
    10.675441420095037,
    15.797162301213808,
    359.88633821087404,
    "f"
  ],
  [
    10.675280749211817,
    15.878154694870236,
    359.88633794234323,
    "f"
  ],
  [
    10.675113294301527,
    15.962566646877324,
    359.88633768879106,
    "f"
  ],
  [
    10.674938883616653,
    16.050484728332563,
    359.8863374492169,
    "f"
  ],
  [
    10.674757345409672,
    16.141995510333437,
    359.8863372226928,
    "f"
  ],
  [
    10.674568507933063,
    16.237185563977427,
    359.88633700835817,
    "f"
  ],
  [
    10.674372199439304,
    16.336141460362025,
    359.88633680541545,
    "f"
  ],
  [
    10.674168248180877,
    16.43894977058471,
    359.8863366131249,
    "f"
  ],
  [
    10.67395648241026,
    16.54569706574297,
    359.88633643080124,
    "f"
  ],
  [
    10.673736730379932,
    16.656469916934295,
    359.88633625780847,
    "f"
  ],
  [
    10.673508820342372,
    16.77135489525616,
    359.88633609355713,
    "f"
  ],
  [
    10.673272580550062,
    16.890438571806058,
    359.8863359375,
    "f"
  ]
]