--start--
[0.00, -0.11]
[0.00, -0.11]
[0.00, -0.11]
[0.00, -0.22]
[0.00, -0.22]
[0.00, -0.22]
[0.00, -0.22]
[0.00, -0.22]
[0.00, -0.22]
[0.00, -0.22]
[0.00, -0.22]
[0.08, -0.22]
[0.16, -0.22]
[0.25, -0.22]
[0.33, -0.11]
[0.57, -0.11]
[0.74, -0.11]
[0.82, -0.11]
[0.98, -0.11]
[1.23, -0.11]
[1.39, -0.11]
[1.48, -0.11]
[1.72, -0.11]
[1.89, -0.11]
[2.05, -0.11]
[2.13, -0.11]
[2.38, 0.00]
[2.54, 0.00]
[2.63, 0.00]
[2.79, 0.00]
[2.87, 0.00]
[3.12, 0.00]
[3.20, 0.00]
[3.36, 0.00]
[3.61, 0.00]
[3.77, 0.00]
[3.94, 0.00]
[4.02, 0.00]
[4.27, 0.00]
[4.35, 0.00]
[4.51, 0.00]
[4.76, 0.00]
[4.84, 0.00]
[4.92, 0.00]
[5.09, 0.00]
[5.33, 0.00]
[5.42, 0.00]
[5.50, 0.00]
[5.66, 0.00]
[5.83, 0.00]
[5.99, -0.11]
[6.07, -0.11]
[6.24, -0.11]
[6.48, -0.11]
[6.56, -0.11]
[6.73, -0.11]
[6.81, -0.11]
[7.06, -0.11]
[7.06, -0.11]
[7.22, -0.11]
[7.47, -0.11]
[7.55, -0.11]
[7.71, -0.11]
[7.79, -0.11]
[8.04, -0.11]
[8.12, -0.22]
[8.12, -0.22]
[8.29, -0.22]
[8.45, -0.22]
[8.61, -0.22]
[8.70, -0.22]
[8.86, -0.22]
[9.03, -0.22]
[9.19, -0.22]
[9.19, -0.22]
[9.44, -0.22]
[9.60, -0.22]
[9.76, -0.22]
[9.76, -0.22]
[9.93, -0.22]
[10.01, -0.22]
[10.26, -0.22]
[10.26, -0.22]
[10.50, -0.22]
[10.75, -0.22]
[10.83, -0.22]
[10.91, -0.22]
[10.99, -0.22]
[11.08, -0.22]
[11.32, -0.22]
[11.32, -0.22]
[11.57, -0.22]
[11.65, -0.22]
[11.81, -0.22]
[11.81, -0.22]
[12.06, -0.22]
[12.14, -0.22]
[12.39, -0.22]
[12.39, -0.22]
[12.64, -0.22]
[12.72, -0.22]
[12.88, -0.22]
[12.88, -0.22]
[13.13, -0.22]
[13.21, -0.22]
[13.37, -0.22]
[13.37, -0.22]
[13.62, -0.33]
[13.70, -0.33]
[13.95, -0.33]
[13.95, -0.33]
[14.19, -0.33]
[14.28, -0.33]
[14.44, -0.22]
[14.44, -0.22]
[14.60, -0.22]
[14.77, -0.22]
[14.93, -0.22]
[14.93, -0.22]
[15.10, -0.22]
[15.26, -0.22]
[15.42, -0.22]
[15.42, -0.22]
[15.59, -0.22]
[15.75, -0.22]
[15.92, -0.22]
[15.92, -0.22]
[16.25, -0.22]
[16.25, -0.22]
[16.41, -0.22]
[16.49, -0.22]
[16.74, -0.22]
[16.74, -0.22]
[16.90, -0.22]
[16.90, -0.22]
[17.15, -0.11]
[17.31, -0.11]
[17.48, -0.11]
[17.56, -0.11]
[17.80, -0.11]
[17.80, -0.11]
[17.97, -0.11]
[17.97, -0.11]
[18.13, -0.11]
[18.30, -0.11]
[18.46, -0.11]
[18.46, -0.11]
[18.79, -0.11]
[18.79, -0.11]
[18.95, -0.11]
[18.95, -0.11]
[19.20, 0.00]
[19.20, 0.00]
[19.36, 0.00]
[19.36, 0.00]
[19.69, 0.00]
[19.86, 0.00]
[19.94, 0.00]
[20.02, 0.00]
[20.18, 0.00]
[20.18, 0.00]
[20.43, 0.11]
[20.59, 0.11]
[20.76, 0.11]
[20.76, 0.11]
[21.00, 0.11]
[21.09, 0.11]
[21.25, 0.22]
[21.25, 0.22]
[21.50, 0.22]
[21.58, 0.22]
[21.74, 0.22]
[21.74, 0.22]
[21.99, 0.22]
[22.07, 0.33]
[22.23, 0.33]
[22.23, 0.33]
[22.40, 0.33]
[22.40, 0.33]
[22.73, 0.33]
[22.73, 0.33]
[22.97, 0.45]
[23.06, 0.45]
[23.22, 0.45]
[23.22, 0.45]
[23.38, 0.45]
[23.38, 0.45]
[23.71, 0.56]
[23.71, 0.56]
[23.88, 0.56]
[23.88, 0.56]
[24.20, 0.67]
[24.20, 0.67]
[24.37, 0.67]
[24.45, 0.67]
[24.61, 0.67]
[24.61, 0.67]
[24.78, 0.78]
[24.86, 0.78]
[25.11, 0.78]
[25.11, 0.78]
[25.27, 0.89]
[25.43, 0.89]
[25.60, 0.89]
[25.60, 0.89]
[25.76, 1.00]
[25.93, 1.00]
[26.09, 1.00]
[26.09, 1.00]
[26.25, 1.11]
[26.25, 1.11]
[26.50, 1.11]
[26.50, 1.11]
[26.67, 1.22]
[26.83, 1.22]
[26.99, 1.34]
[27.08, 1.34]
[27.24, 1.34]
[27.32, 1.45]
[27.49, 1.45]
[27.49, 1.45]
[27.73, 1.56]
[27.73, 1.56]
[27.90, 1.67]
[27.90, 1.67]
[28.14, 1.78]
[28.14, 1.78]
[28.39, 1.89]
[28.39, 1.89]
[28.55, 1.89]
[28.63, 1.89]
[28.80, 2.00]
[28.80, 2.00]
[29.04, 2.23]
[29.04, 2.23]
[29.29, 2.23]
[29.29, 2.23]
[29.45, 2.34]
[29.54, 2.45]
[29.70, 2.56]
[29.70, 2.56]
[29.87, 2.56]
[29.95, 2.67]
[30.11, 2.78]
[30.11, 2.78]
[30.28, 2.89]
[30.36, 2.89]
[30.52, 3.12]
[30.52, 3.12]
[30.69, 3.23]
[30.77, 3.23]
[30.93, 3.45]
[30.93, 3.45]
[31.10, 3.67]
[31.10, 3.67]
[31.26, 3.78]
[31.26, 3.78]
[31.42, 3.90]
[31.42, 4.01]
[31.59, 4.12]
[31.59, 4.12]
[31.67, 4.34]
[31.75, 4.34]
[31.92, 4.56]
[31.92, 4.56]
[32.08, 4.79]
[32.08, 4.79]
[32.16, 5.01]
[32.16, 5.01]
[32.33, 5.12]
[32.33, 5.23]
[32.49, 5.45]
[32.49, 5.45]
[32.65, 5.68]
[32.65, 5.68]
[32.74, 5.79]
[32.74, 5.90]
[32.82, 6.01]
[32.82, 6.12]
[32.98, 6.35]
[32.98, 6.35]
[33.06, 6.57]
[33.06, 6.57]
[33.06, 6.68]
[33.06, 6.68]
[33.15, 6.90]
[33.23, 7.01]
[33.23, 7.24]
[33.23, 7.24]
[33.31, 7.46]
[33.31, 7.46]
[33.39, 7.68]
[33.39, 7.68]
[33.39, 7.90]
[33.48, 8.02]
[33.48, 8.24]
[33.48, 8.24]
[33.48, 8.35]
[33.56, 8.46]
[33.56, 8.68]
[33.56, 8.68]
[33.56, 9.02]
[33.56, 9.02]
[33.64, 9.24]
[33.64, 9.24]
[33.64, 9.46]
[33.64, 9.46]
[33.64, 9.80]
[33.64, 9.80]
[33.72, 10.02]
[33.72, 10.02]
[33.72, 10.13]
[33.72, 10.13]
[33.72, 10.46]
[33.72, 10.46]
[33.72, 10.69]
[33.72, 10.80]
[33.80, 10.91]
[33.80, 11.02]
[33.80, 11.24]
[33.80, 11.47]
[33.89, 11.69]
[33.89, 12.02]
[33.89, 12.25]
[33.89, 12.58]
[33.97, 12.80]
[33.97, 12.80]
[33.97, 13.02]
[33.97, 13.02]
[34.05, 13.25]
[34.05, 13.25]
[33.97, 13.25]
[33.97, 13.25]
[34.05, 13.25]
[34.05, 13.25]
[34.05, 13.25]
[34.05, 13.25]
[34.05, 13.25]
[34.05, 13.25]
[34.05, 13.25]
[34.05, 13.25]
[34.05, 13.25]
[34.05, 13.25]
[34.05, 13.25]
[34.05, 13.25]
[34.05, 13.25]
[34.05, 13.25]
[34.05, 13.25]
[34.05, 13.25]
[34.05, 13.25]
[34.05, 13.25]
[34.05, 13.25]
[34.05, 13.25]
[34.05, 13.25]
[34.05, 13.25]
[34.05, 13.36]
[34.05, 13.36]
[34.05, 13.36]
[34.05, 13.36]
[34.05, 13.36]
[34.05, 13.36]
[34.05, 13.36]
[34.05, 13.36]
[34.05, 13.36]
[34.05, 13.36]
[34.05, 13.36]
[34.05, 13.36]
[34.05, 13.36]
[34.05, 13.36]
[34.05, 13.36]
[34.05, 13.36]
[34.05, 13.36]
[34.05, 13.36]
[34.05, 13.36]
[34.05, 13.36]
[34.05, 13.36]
[34.05, 13.36]
[34.05, 13.36]
[34.05, 13.36]
[34.05, 13.36]
[34.05, 13.36]
[34.05, 13.36]
[34.05, 13.36]
[34.05, 13.36]
[34.05, 13.36]
[34.05, 13.36]
[34.05, 13.36]
[34.05, 13.36]
[34.05, 13.36]
[34.05, 13.36]
[34.05, 13.36]
[34.05, 13.36]
[34.05, 13.36]
[34.05, 13.25]
[34.05, 13.25]
[34.05, 13.25]
[34.05, 13.25]
[34.05, 13.25]
[34.05, 13.25]
[34.05, 13.25]
[34.05, 13.25]
[34.05, 13.25]
[34.05, 13.25]
[34.05, 13.25]
[34.05, 13.25]
[34.05, 13.25]
[34.05, 13.25]
[34.05, 13.25]
[34.05, 13.25]
[34.05, 13.25]
[34.05, 13.25]
[34.05, 13.25]
[34.05, 13.25]
[34.05, 13.25]
[34.05, 13.25]
[34.05, 13.25]
[34.05, 13.25]
[34.05, 13.25]
[34.05, 13.25]
[34.05, 13.25]
[34.05, 13.25]
[34.05, 13.25]
[34.05, 13.25]
[34.05, 13.25]
[34.05, 13.25]
[34.05, 13.36]
[34.05, 13.36]
[34.05, 13.36]
[34.05, 13.25]
[34.05, 13.25]
[34.05, 13.25]
[34.05, 13.25]
[34.05, 13.25]
[34.05, 13.25]
[34.05, 13.25]
[34.05, 13.25]
[34.05, 13.36]
[34.05, 13.36]
[34.05, 13.36]
[34.05, 13.36]
[34.05, 13.36]
[34.05, 13.36]
[34.05, 13.36]
[34.05, 13.36]
[34.05, 13.36]
[34.05, 13.36]
[34.05, 13.36]
[34.05, 13.36]
[34.05, 13.36]
[34.05, 13.36]
[34.05, 13.36]
[34.05, 13.36]
[34.05, 13.36]
[34.05, 13.36]
[34.05, 13.36]
[34.05, 13.36]
[34.05, 13.36]
[34.05, 13.36]
[34.05, 13.36]
[34.05, 13.36]
[34.05, 13.36]
[34.05, 13.36]
[34.05, 13.36]
[34.05, 13.36]
[34.05, 13.36]
[34.05, 13.36]
[34.05, 13.36]
[34.05, 13.36]
[34.05, 13.47]
[34.05, 13.47]
[34.05, 13.47]
[34.05, 13.47]
[34.05, 13.47]
[34.05, 13.47]
[34.05, 13.47]
[34.05, 13.47]
[34.05, 13.47]
[34.05, 13.47]
[34.05, 13.47]
[34.05, 13.47]
[34.05, 13.47]
[34.13, 13.47]
[34.13, 13.47]
[34.13, 13.47]
[34.13, 13.47]
[34.13, 13.47]
[34.13, 13.47]
[34.13, 13.47]
[34.13, 13.47]
[34.13, 13.47]
[34.13, 13.58]
[34.13, 13.58]
[34.13, 13.58]
[34.13, 13.58]
[34.13, 13.58]
[34.13, 13.58]
[34.13, 13.58]
[34.13, 13.58]
[34.13, 13.58]
[34.13, 13.58]
[34.13, 13.58]
[34.13, 13.58]
[34.13, 13.58]
[34.13, 13.58]
[34.13, 13.58]
[34.13, 13.58]
[34.13, 13.58]
[34.13, 13.58]
[34.13, 13.58]
[34.13, 13.58]
[34.13, 13.58]
[34.13, 13.58]
[34.13, 13.58]
[34.13, 13.58]
[34.13, 13.58]
[34.13, 13.58]
[34.13, 13.58]
[34.13, 13.58]
[34.13, 13.58]
[34.13, 13.58]
[34.13, 13.58]
[34.13, 13.58]
[34.13, 13.58]
[34.13, 13.58]
[34.13, 13.58]
[34.13, 13.58]
[34.13, 13.58]
[34.13, 13.58]
[34.13, 13.58]
[34.13, 13.58]
[34.13, 13.47]
[34.13, 13.47]
[34.13, 13.47]
[34.13, 13.47]
[34.13, 13.47]
[34.21, 13.47]
[34.21, 13.47]
[34.21, 13.47]
[34.21, 13.47]
[34.21, 13.47]
[34.21, 13.47]
[34.21, 13.47]
[34.21, 13.47]
[34.21, 13.47]
[34.21, 13.47]
[34.21, 13.47]
[34.21, 13.47]
[34.21, 13.47]
[34.21, 13.47]
[34.21, 13.47]
[34.21, 13.47]
[34.21, 13.47]
[34.21, 13.47]
[34.21, 13.47]
[34.21, 13.47]
[34.21, 13.47]
[34.21, 13.47]
[34.21, 13.47]
[34.21, 13.47]
[34.21, 13.47]
[34.21, 13.47]
[34.21, 13.47]
[34.21, 13.47]
[34.21, 13.47]
[34.21, 13.47]
[34.21, 13.47]
[34.21, 13.47]
[34.21, 13.47]
[34.21, 13.47]
[34.21, 13.47]
[34.21, 13.47]
[34.21, 13.47]
[34.21, 13.47]
[34.21, 13.47]
[34.21, 13.47]
[34.21, 13.47]
[34.21, 13.47]
[34.21, 13.47]
[34.21, 13.47]
[34.21, 13.47]
[34.21, 13.47]
[34.21, 13.47]
[34.21, 13.47]
[34.21, 13.47]
[34.21, 13.47]
[34.21, 13.47]
[34.21, 13.47]
[34.21, 13.47]
[34.21, 13.47]
[34.21, 13.47]
[34.21, 13.47]
[34.21, 13.47]
[34.21, 13.47]
[34.21, 13.47]
[34.21, 13.47]
[34.21, 13.47]
[34.21, 13.47]
[34.21, 13.47]
[34.21, 13.47]
[34.21, 13.47]
[34.21, 13.47]
[34.21, 13.47]
[34.21, 13.47]
[34.21, 13.47]
[34.21, 13.47]
[34.21, 13.47]
[34.21, 13.47]
[34.21, 13.47]
[34.21, 13.47]
[34.21, 13.47]
[34.21, 13.47]
[34.21, 13.47]
[34.21, 13.47]
[34.21, 13.47]
[34.21, 13.47]
[34.13, 13.47]
[34.13, 13.47]
[34.13, 13.47]
[34.13, 13.47]
[34.13, 13.47]
[34.13, 13.47]
[34.13, 13.47]
[34.13, 13.47]
[34.13, 13.47]
[34.13, 13.47]
[34.13, 13.47]
[34.13, 13.47]
[34.13, 13.47]
[34.13, 13.47]
[34.13, 13.47]
[34.13, 13.47]
[34.13, 13.47]
[34.13, 13.47]
[34.13, 13.47]
[34.13, 13.47]
[34.13, 13.47]
[34.13, 13.47]
[34.13, 13.47]
[34.13, 13.47]
[34.13, 13.47]
[34.13, 13.47]
[34.13, 13.47]
[34.13, 13.47]
[34.13, 13.47]
[34.13, 13.47]
[34.13, 13.36]
[34.13, 13.36]
[34.13, 13.36]
[34.13, 13.36]
[34.05, 13.36]
[34.05, 13.36]
[34.05, 13.36]
[34.05, 13.36]
[34.05, 13.36]
[34.05, 13.36]
[34.05, 13.36]
[34.05, 13.36]
[34.05, 13.36]
[34.05, 13.36]
[34.05, 13.36]
[34.05, 13.36]
[34.05, 13.36]
[34.05, 13.36]
[34.05, 13.36]
[34.05, 13.36]
[34.05, 13.36]
[34.05, 13.36]
[34.05, 13.36]
[34.05, 13.36]
[34.05, 13.36]
[34.05, 13.36]
[34.05, 13.36]
[34.05, 13.36]
[34.05, 13.36]
[34.05, 13.36]
[34.05, 13.36]
[34.05, 13.36]
[34.05, 13.36]
[34.05, 13.36]
[34.05, 13.36]
[34.05, 13.36]
[34.05, 13.36]
[34.05, 13.36]
[34.05, 13.36]
[34.05, 13.36]
[34.05, 13.36]
[34.05, 13.36]
[34.05, 13.36]
[34.05, 13.36]
[34.05, 13.36]
[34.05, 13.36]
[34.05, 13.25]
[34.05, 13.25]
[34.05, 13.25]
[34.05, 13.25]
[34.05, 13.25]
[34.05, 13.25]
[33.97, 13.25]
[33.97, 13.25]
[33.97, 13.25]
[33.97, 13.25]
[33.97, 13.25]
[33.97, 13.25]
[33.97, 13.25]
[33.97, 13.25]
[33.97, 13.25]
[33.97, 13.25]
[33.97, 13.25]
[33.97, 13.25]
[33.97, 13.25]
[33.97, 13.25]
[33.97, 13.25]
[33.97, 13.25]
[33.97, 13.25]
[33.97, 13.25]
[33.97, 13.25]
[33.97, 13.25]
[33.97, 13.25]
[33.97, 13.25]
[33.97, 13.25]
[33.97, 13.25]
[33.97, 13.25]
[33.97, 13.25]
[34.05, 13.25]
[34.05, 13.25]
[34.05, 13.14]
[34.05, 13.14]
[34.05, 13.14]
[34.05, 13.14]
[34.05, 13.14]
[34.05, 13.14]
[34.05, 13.14]
[34.05, 13.14]
[34.05, 13.14]
[34.05, 13.14]
[34.05, 13.14]
[34.05, 13.14]
[34.05, 13.14]
[34.05, 13.14]
[34.05, 13.14]
[34.05, 13.14]
[34.05, 13.14]
[34.05, 13.14]
[34.05, 13.14]
[34.05, 13.14]
[34.05, 13.14]
[34.05, 13.14]
[34.05, 13.14]
[34.05, 13.14]
[34.05, 13.14]
[34.05, 13.14]
[34.05, 13.14]
[34.05, 13.14]
[34.05, 13.14]
[34.05, 13.14]
[34.05, 13.14]
[34.05, 13.14]
[34.05, 13.14]
[34.05, 13.14]
[34.05, 13.14]
[34.05, 13.14]
[34.05, 13.14]
[34.05, 13.14]
[34.05, 13.14]
[34.05, 13.14]
[34.05, 13.14]
[34.05, 13.14]
[34.05, 13.14]
[34.05, 13.14]
[34.05, 13.14]
[34.05, 13.14]
[34.05, 13.14]
[34.05, 13.14]
[34.05, 13.14]
[34.05, 13.14]
[34.05, 13.14]
[34.05, 13.14]
[34.05, 13.14]
[34.05, 13.14]
[34.05, 13.14]
[34.05, 13.14]
[34.05, 13.14]
[34.05, 13.14]
[34.05, 13.14]
[34.05, 13.14]
[34.05, 13.14]
[34.05, 13.14]
[34.05, 13.14]
[34.05, 13.14]
[34.05, 13.14]
[34.05, 13.14]
[34.05, 13.14]
[34.05, 13.14]
[34.05, 13.14]
[34.05, 13.14]
[34.05, 13.14]
[34.05, 13.14]
[34.05, 13.14]
[34.05, 13.14]
[34.05, 13.14]
[34.05, 13.14]
[34.05, 13.14]
[34.05, 13.14]
[34.05, 13.14]
[34.05, 13.14]
[34.05, 13.14]
[34.05, 13.14]
[34.05, 13.14]
[34.05, 13.14]
[34.05, 13.14]
[34.05, 13.14]
[34.05, 13.14]
[34.05, 13.14]
[34.05, 13.14]
[34.05, 13.14]
[34.05, 13.14]
[34.05, 13.14]
[34.05, 13.14]
[34.05, 13.14]
[34.05, 13.14]
[34.05, 13.14]
[34.05, 13.14]
[34.05, 13.14]
[34.05, 13.14]
[34.05, 13.14]
[34.05, 13.02]
[34.05, 13.02]
[34.05, 13.02]
[34.05, 13.02]
[34.05, 13.02]
[34.05, 13.02]
[34.05, 13.02]
[34.05, 13.02]
[34.05, 13.02]
[34.05, 13.02]
[34.05, 13.02]
[34.05, 13.02]
[34.05, 13.02]
[34.05, 13.14]
[34.05, 13.14]
[34.05, 13.14]
[34.05, 13.14]
[34.05, 13.14]
[34.05, 13.14]
[34.05, 13.14]
[34.05, 13.14]
[34.05, 13.14]
[34.05, 13.14]
[34.05, 13.14]
[34.05, 13.14]
[34.05, 13.14]
[34.05, 13.14]
[34.05, 13.14]
[34.05, 13.14]
[34.05, 13.14]
[34.05, 13.14]
[34.05, 13.14]
[34.05, 13.14]
[34.05, 13.14]
[34.05, 13.14]
[34.05, 13.14]
[34.05, 13.14]
[34.05, 13.14]
[34.05, 13.14]
[34.05, 13.14]
[34.05, 13.14]
[34.05, 13.14]
[34.13, 13.14]
[34.13, 13.14]
[34.13, 13.14]
[34.13, 13.14]
[34.13, 13.14]
[34.13, 13.14]
[34.13, 13.14]
[34.13, 13.14]
[34.13, 13.14]
[34.13, 13.14]
[34.13, 13.14]
[34.13, 13.14]
[34.13, 13.14]
[34.13, 13.14]
[34.13, 13.14]
[34.13, 13.14]
[34.13, 13.14]
[34.13, 13.14]
[34.13, 13.14]
[34.13, 13.14]
[34.13, 13.14]
[34.13, 13.14]
[34.13, 13.14]
[34.13, 13.14]
[34.13, 13.14]
[34.13, 13.14]
[34.13, 13.14]
[34.13, 13.14]
[34.13, 13.14]
[34.13, 13.14]
[34.13, 13.14]
[34.13, 13.14]
[34.13, 13.14]
[34.13, 13.14]
[34.13, 13.14]
[34.13, 13.14]
[34.13, 13.14]
[34.13, 13.14]
[34.13, 13.14]
[34.13, 13.14]
[34.13, 13.14]
[34.13, 13.14]
[34.13, 13.14]
[34.13, 13.14]
[34.13, 13.14]
[34.13, 13.14]
[34.13, 13.14]
[34.13, 13.14]
[34.13, 13.14]
[34.13, 13.14]
[34.13, 13.14]
[34.13, 13.14]
[34.13, 13.14]
[34.13, 13.14]
[34.13, 13.14]
[34.13, 13.14]
[34.13, 13.14]
[34.13, 13.14]
[34.13, 13.14]
[34.13, 13.14]
[34.13, 13.14]
[34.13, 13.14]
[34.13, 13.14]
[34.13, 13.14]
[34.13, 13.14]
[34.13, 13.14]
[34.21, 13.14]
[34.21, 13.14]
[34.21, 13.14]
[34.21, 13.14]
[34.21, 13.14]
[34.21, 13.14]
[34.21, 13.14]
[34.21, 13.14]
[34.21, 13.14]
[34.21, 13.14]
[34.21, 13.14]
[34.21, 13.14]
[34.21, 13.14]
[34.21, 13.14]
[34.21, 13.14]
[34.21, 13.14]
[34.21, 13.14]
[34.21, 13.14]
[34.21, 13.14]
[34.21, 13.14]
[34.21, 13.14]
[34.21, 13.14]
[34.21, 13.14]
[34.21, 13.14]
[34.21, 13.14]
[34.21, 13.14]
[34.21, 13.14]
[34.21, 13.14]
[34.21, 13.14]
[34.21, 13.14]
[34.21, 13.14]
[34.21, 13.14]
[34.21, 13.14]
[34.21, 13.14]
[34.21, 13.14]
[34.21, 13.14]
[34.21, 13.14]
[34.21, 13.14]
[34.21, 13.14]
[34.21, 13.14]
[34.21, 13.14]
[34.21, 13.14]
[34.21, 13.14]
[34.21, 13.14]
[34.21, 13.14]
[34.21, 13.14]
[34.21, 13.14]
[34.21, 13.25]
[34.21, 13.25]
[34.21, 13.25]
[34.21, 13.25]
[34.21, 13.25]
[34.21, 13.25]
[34.21, 13.25]
[34.21, 13.25]
[34.21, 13.25]
[34.21, 13.25]
[34.21, 13.25]
[34.21, 13.25]
[34.21, 13.25]
[34.21, 13.25]
[34.21, 13.25]
[34.30, 13.25]
[34.30, 13.25]
[34.30, 13.25]
[34.30, 13.25]
[34.30, 13.25]
[34.30, 13.25]
[34.30, 13.25]
[34.30, 13.25]
[34.30, 13.36]
[34.30, 13.36]
[34.30, 13.36]
[34.30, 13.36]
[34.30, 13.36]
[34.30, 13.36]
[34.30, 13.36]
[34.30, 13.36]
[34.30, 13.36]
[34.30, 13.36]
[34.38, 13.36]
[34.38, 13.36]
[34.38, 13.36]
[34.38, 13.36]
[34.38, 13.36]
[34.38, 13.36]
[34.38, 13.36]
[34.38, 13.36]
[34.38, 13.47]
[34.38, 13.47]
[34.38, 13.47]
[34.38, 13.47]
[34.38, 13.47]
[34.38, 13.47]
[34.38, 13.47]
[34.38, 13.47]
[34.38, 13.47]
[34.38, 13.47]
[34.38, 13.47]
[34.38, 13.47]
[34.38, 13.47]
[34.38, 13.47]
[34.38, 13.47]
[34.38, 13.47]
[34.38, 13.47]
[34.38, 13.47]
[34.38, 13.47]
[34.38, 13.47]
[34.38, 13.47]
[34.38, 13.47]
[34.38, 13.47]
[34.38, 13.47]
[34.38, 13.47]
[34.38, 13.47]
[34.38, 13.47]
[34.38, 13.47]
[34.38, 13.47]
[34.38, 13.47]
[34.38, 13.47]
[34.38, 13.47]
[34.38, 13.47]
[34.38, 13.47]
[34.38, 13.47]
[34.38, 13.47]
[34.38, 13.47]
[34.38, 13.47]
[34.30, 13.47]
[34.30, 13.47]
[34.30, 13.47]
[34.30, 13.47]
[34.30, 13.47]
[34.30, 13.47]
[34.30, 13.47]
[34.30, 13.47]
[34.30, 13.47]
[34.30, 13.47]
[34.30, 13.47]
[34.30, 13.47]
[34.30, 13.47]
[34.30, 13.47]
[34.30, 13.47]
[34.30, 13.47]
[34.30, 13.47]
[34.30, 13.47]
[34.30, 13.47]
[34.30, 13.47]
[34.30, 13.47]
[34.30, 13.47]
[34.30, 13.47]
[34.30, 13.47]
[34.30, 13.47]
[34.30, 13.47]
[34.30, 13.47]
[34.30, 13.47]
[34.30, 13.47]
[34.30, 13.47]
[34.30, 13.47]
[34.30, 13.47]
[34.30, 13.47]
[34.30, 13.47]
[34.30, 13.47]
[34.30, 13.47]
[34.30, 13.47]
[34.30, 13.47]
[34.30, 13.47]
[34.30, 13.47]
[34.30, 13.47]
[34.30, 13.47]
[34.21, 13.47]
[34.21, 13.47]
[34.21, 13.47]
[34.21, 13.47]
[34.21, 13.47]
[34.21, 13.47]
[34.21, 13.47]
[34.21, 13.47]
[34.21, 13.47]
[34.21, 13.47]
[34.21, 13.47]
[34.21, 13.47]
[34.21, 13.47]
[34.21, 13.47]
[34.21, 13.47]
[34.21, 13.47]
[34.21, 13.47]
[34.21, 13.47]
[34.21, 13.47]
[34.21, 13.47]
[34.21, 13.47]
[34.21, 13.47]
[34.21, 13.47]
[34.21, 13.47]
[34.21, 13.47]
[34.21, 13.47]
[34.21, 13.47]
[34.21, 13.47]
[34.21, 13.47]
[34.21, 13.47]
[34.21, 13.47]
[34.21, 13.47]
[34.21, 13.47]
[34.21, 13.47]
[34.21, 13.47]
[34.21, 13.47]
[34.21, 13.47]
[34.21, 13.47]
[34.21, 13.47]
[34.21, 13.47]
[34.21, 13.47]
[34.21, 13.47]
[34.21, 13.47]
[34.21, 13.47]
[34.21, 13.47]
[34.21, 13.47]
[34.13, 13.47]
[34.13, 13.47]
[34.13, 13.47]
[34.13, 13.47]
[34.13, 13.47]
[34.13, 13.47]
[34.13, 13.47]
[34.13, 13.47]
[34.13, 13.47]
[34.13, 13.47]
[34.13, 13.47]
[34.13, 13.47]
[34.13, 13.47]
[34.13, 13.47]
[34.13, 13.47]
[34.13, 13.47]
[34.13, 13.47]
[34.13, 13.47]
[34.13, 13.47]
[34.13, 13.47]
[34.13, 13.47]
[34.13, 13.47]
[34.13, 13.47]
[34.13, 13.47]
[34.13, 13.36]
[34.13, 13.36]
[34.13, 13.36]
[34.13, 13.36]
[34.13, 13.36]
[34.13, 13.36]
[34.13, 13.36]
[34.13, 13.36]
[34.13, 13.36]
[34.13, 13.36]
[34.13, 13.36]
[34.13, 13.36]
[34.13, 13.36]
[34.05, 13.25]
[34.05, 13.25]
[34.05, 13.25]
[34.05, 13.25]
[34.05, 13.25]
[34.05, 13.25]
[34.13, 13.25]
[34.13, 13.25]
[34.13, 13.25]
[34.13, 13.25]
[34.13, 13.25]
[34.13, 13.25]
[34.13, 13.25]
[34.13, 13.25]
[34.13, 13.25]
[34.13, 13.25]
[34.13, 13.25]
[34.13, 13.25]
[34.13, 13.25]
[34.13, 13.25]
[34.13, 13.25]
[34.13, 13.25]
[34.13, 13.25]
[34.13, 13.25]
[34.13, 13.25]
[34.13, 13.25]
[34.13, 13.25]
[34.13, 13.25]
[34.13, 13.25]
[34.13, 13.25]
[34.13, 13.25]
[34.13, 13.25]
[34.13, 13.25]
[34.13, 13.25]
[34.13, 13.25]
[34.13, 13.25]
[34.13, 13.25]
[34.13, 13.25]
[34.13, 13.25]
[34.13, 13.25]
[34.13, 13.25]
[34.21, 13.25]
[34.21, 13.25]
[34.21, 13.25]
[34.21, 13.25]
[34.21, 13.25]
[34.21, 13.25]
[34.21, 13.25]
[34.21, 13.25]
[34.21, 13.25]
[34.21, 13.25]
[34.21, 13.25]
[34.21, 13.25]
[34.21, 13.25]
[34.21, 13.25]
[34.21, 13.25]
[34.21, 13.25]
[34.21, 13.25]
[34.21, 13.25]
[34.21, 13.25]
[34.21, 13.25]
[34.21, 13.25]
[34.21, 13.25]
[34.21, 13.25]
[34.21, 13.25]
[34.21, 13.25]
[34.21, 13.25]
[34.21, 13.25]
[34.21, 13.25]
[34.21, 13.25]
[34.21, 13.25]
[34.21, 13.25]
[34.21, 13.25]
[34.21, 13.25]
[34.21, 13.25]
[34.21, 13.25]
[34.21, 13.25]
[34.21, 13.25]
[34.21, 13.25]
[34.21, 13.25]
[34.21, 13.25]
[34.21, 13.25]
[34.21, 13.25]
[34.21, 13.25]
[34.21, 13.25]
[34.21, 13.25]
[34.21, 13.25]
[34.21, 13.25]
[34.21, 13.25]
[34.21, 13.25]
[34.21, 13.25]
[34.21, 13.25]
[34.21, 13.25]
[34.21, 13.25]
[34.21, 13.25]
[34.21, 13.25]
[34.21, 13.25]
[34.21, 13.25]
[34.21, 13.25]
[34.21, 13.25]
[34.21, 13.25]
[34.21, 13.25]
[34.21, 13.25]
[34.21, 13.25]
[34.21, 13.25]
[34.21, 13.25]
[34.21, 13.25]
[34.21, 13.25]
[34.21, 13.25]
[34.21, 13.25]
[34.21, 13.25]
[34.21, 13.25]
[34.21, 13.36]
[34.21, 13.36]
[34.21, 13.36]
[34.21, 13.36]
[34.21, 13.36]
[34.21, 13.36]
[34.21, 13.36]
[34.21, 13.36]
[34.21, 13.36]
[34.21, 13.36]
[34.21, 13.36]
[34.21, 13.36]
[34.21, 13.36]
[34.21, 13.36]
[34.21, 13.36]
[34.21, 13.36]
[34.21, 13.36]
[34.21, 13.36]
[34.21, 13.36]
[34.21, 13.36]
[34.21, 13.36]
[34.21, 13.36]
[34.21, 13.36]
[34.21, 13.36]
[34.21, 13.36]
[34.21, 13.36]
[34.21, 13.36]
[34.21, 13.36]
[34.21, 13.36]
[34.21, 13.36]
[34.21, 13.36]
[34.13, 13.36]
[34.13, 13.36]
[34.13, 13.36]
[34.13, 13.36]
[34.13, 13.36]
[34.13, 13.36]
[34.13, 13.36]
[34.13, 13.36]
[34.13, 13.36]
[34.13, 13.36]
[34.13, 13.36]
[34.13, 13.36]
[34.13, 13.36]
[34.13, 13.36]
[34.13, 13.36]
[34.13, 13.36]
[34.13, 13.36]
[34.13, 13.36]
[34.13, 13.36]
[34.13, 13.36]
[34.13, 13.36]
[34.13, 13.36]
[34.13, 13.36]
[34.13, 13.36]
[34.13, 13.36]
[34.13, 13.36]
[34.13, 13.36]
[34.13, 13.36]
[34.13, 13.36]
[34.13, 13.36]
[34.13, 13.36]
[34.13, 13.36]
[34.13, 13.36]
[34.13, 13.47]
[34.13, 13.47]
[34.13, 13.47]
[34.13, 13.47]
[34.13, 13.47]
[34.13, 13.47]
[34.13, 13.47]
[34.13, 13.47]
[34.13, 13.47]
[34.13, 13.47]
[34.13, 13.47]
[34.13, 13.47]
[34.13, 13.47]
[34.13, 13.47]
[34.13, 13.47]
[34.13, 13.47]
[34.13, 13.47]
[34.13, 13.47]
[34.13, 13.47]
[34.13, 13.47]
[34.13, 13.47]
[34.13, 13.47]
[34.13, 13.47]
[34.13, 13.47]
[34.13, 13.47]
[34.13, 13.47]
[34.13, 13.47]
[34.13, 13.47]
[34.13, 13.47]
[34.13, 13.47]
[34.13, 13.47]
[34.13, 13.47]
[34.13, 13.47]
[34.13, 13.47]
[34.13, 13.47]
[34.13, 13.47]
[34.13, 13.47]
[34.13, 13.47]
[34.13, 13.47]
[34.13, 13.47]
[34.13, 13.47]
[34.05, 13.47]
[34.05, 13.47]
[34.05, 13.47]
[34.05, 13.47]
[34.05, 13.47]
[34.05, 13.47]
[34.05, 13.47]
[34.05, 13.47]
[34.05, 13.47]
[34.05, 13.47]
[34.05, 13.47]
[34.05, 13.47]
[34.05, 13.47]
[34.05, 13.47]
[34.05, 13.47]
[34.05, 13.47]
[34.05, 13.47]
[34.05, 13.47]
[34.05, 13.47]
[34.05, 13.47]
[34.05, 13.47]
[34.05, 13.47]
[34.05, 13.47]
[34.05, 13.47]
[34.05, 13.36]
[34.05, 13.36]
[34.05, 13.36]
[34.05, 13.36]
[34.05, 13.36]
[34.05, 13.36]
[34.05, 13.36]
[34.05, 13.36]
[34.05, 13.36]
[34.05, 13.36]
[34.05, 13.36]
[34.05, 13.36]
[34.05, 13.36]
[34.05, 13.36]
[34.05, 13.36]
[34.05, 13.36]
[34.05, 13.36]
[34.05, 13.36]
[34.05, 13.36]
[34.05, 13.36]
[34.05, 13.36]
[34.05, 13.36]
[34.05, 13.36]
[34.05, 13.36]
[34.05, 13.36]
[34.05, 13.36]
[34.05, 13.36]
[34.05, 13.36]
[34.05, 13.36]
[34.05, 13.36]
[33.97, 13.36]
[33.97, 13.36]
[33.97, 13.36]
[33.97, 13.36]
[33.97, 13.36]
[33.97, 13.36]
[33.97, 13.36]
[33.97, 13.36]
[33.97, 13.36]
[33.97, 13.36]
[33.97, 13.36]
[33.97, 13.36]
[33.97, 13.36]
[33.97, 13.36]
[33.97, 13.36]
[33.97, 13.36]
[33.97, 13.36]
[33.97, 13.36]
[33.97, 13.36]
[33.97, 13.36]
[33.97, 13.36]
[33.97, 13.36]
[33.97, 13.36]
[33.97, 13.36]
[33.97, 13.36]
[33.97, 13.36]
[33.97, 13.36]
[33.97, 13.36]
[33.97, 13.36]
[33.97, 13.36]
[33.97, 13.36]
[33.97, 13.36]
[33.97, 13.36]
[33.97, 13.36]
[33.97, 13.25]
[33.97, 13.25]
[33.97, 13.25]
[33.97, 13.25]
[33.97, 13.36]
[33.97, 13.25]
[33.97, 13.36]
[33.97, 13.36]
[33.97, 13.36]
[33.97, 13.36]
[33.97, 13.36]
[33.97, 13.36]
[33.97, 13.36]
[33.97, 13.36]
[33.89, 13.36]
[33.89, 13.36]
[33.89, 13.36]
[33.89, 13.36]
[33.89, 13.36]
[33.89, 13.36]
[33.89, 13.36]
[33.89, 13.36]
[33.89, 13.36]
[33.89, 13.36]
[33.89, 13.36]
[33.89, 13.36]
[33.89, 13.36]
[33.89, 13.36]
[33.89, 13.36]
[33.89, 13.36]
[33.89, 13.36]
[33.89, 13.36]
[33.89, 13.36]
[33.89, 13.36]
[33.89, 13.25]
[33.89, 13.25]
[33.89, 13.25]
[33.89, 13.25]
[33.89, 13.25]
[33.89, 13.25]
[33.89, 13.25]
[33.89, 13.25]
[33.89, 13.25]
[33.89, 13.25]
[33.97, 13.25]
[33.97, 13.25]
[33.97, 13.25]
[33.97, 13.25]
[33.97, 13.25]
[33.97, 13.25]
[33.97, 13.25]
[33.97, 13.25]
[33.97, 13.25]
[33.97, 13.25]
[33.97, 13.25]
[33.97, 13.25]
[33.97, 13.25]
[33.97, 13.25]
[33.97, 13.25]
[33.97, 13.25]
[33.97, 13.25]
[33.97, 13.25]
[33.97, 13.25]
[33.97, 13.25]
[33.97, 13.25]
[33.97, 13.25]
[33.97, 13.25]
[33.97, 13.25]
[33.97, 13.25]
[33.97, 13.25]
[33.97, 13.25]
[33.97, 13.25]
[33.97, 13.25]
[33.97, 13.25]
[33.97, 13.25]
[33.97, 13.25]
[33.97, 13.25]
[34.05, 13.25]
[34.05, 13.25]
[34.05, 13.25]
[34.05, 13.25]
[34.05, 13.25]
[34.05, 13.25]
[34.05, 13.25]
[34.05, 13.25]
[34.05, 13.25]
[34.05, 13.25]
[34.05, 13.25]
[34.05, 13.25]
[34.05, 13.25]
[34.05, 13.25]
[34.05, 13.25]
[34.05, 13.25]
[34.05, 13.25]
[34.05, 13.25]
[34.05, 13.25]
[34.05, 13.25]
[34.05, 13.25]
[34.05, 13.25]
[34.05, 13.25]
[34.05, 13.25]
[34.13, 13.25]
[34.13, 13.25]
[34.13, 13.25]
[34.13, 13.25]
[34.13, 13.25]
[34.13, 13.25]
[34.13, 13.25]
[34.13, 13.25]
[34.13, 13.25]
[34.13, 13.25]
[34.13, 13.25]
[34.13, 13.25]
[34.13, 13.25]
[34.13, 13.25]
[34.13, 13.25]
[34.13, 13.25]
[34.13, 13.25]
[34.13, 13.25]
[34.13, 13.25]
[34.21, 13.25]
[34.21, 13.25]
[34.21, 13.25]
[34.21, 13.25]
[34.21, 13.25]
[34.21, 13.25]
[34.21, 13.25]
[34.21, 13.25]
