--start--
87.84
87.84
87.84
87.84
87.84
87.84
87.84
87.84
87.84
87.84
87.84
87.84
87.84
87.84
87.84
87.82
87.82
87.82
87.82
87.83
87.83
87.83
87.83
88.07
88.07
88.07
88.07
88.53
88.53
88.53
88.53
89.10
89.10
89.10
89.10
89.70
89.70
89.70
89.70
90.30
90.30
90.30
90.30
90.87
90.87
90.87
90.87
91.39
91.39
91.39
91.39
91.78
91.78
91.78
91.78
92.07
92.07
92.07
92.07
92.17
92.17
92.17
92.17
92.22
92.22
92.22
92.22
92.21
92.21
92.21
92.17
92.17
92.17
92.17
92.17
92.14
92.14
92.14
92.14
92.14
92.14
92.14
92.14
92.15
92.15
92.15
92.15
92.16
92.16
92.16
92.16
92.17
92.17
92.17
92.17
92.17
92.17
92.17
92.17
92.09
92.09
92.09
92.09
91.95
91.95
91.95
91.95
91.75
91.75
91.75
91.75
91.43
91.43
91.43
91.43
91.10
91.10
91.10
91.10
90.85
90.85
90.85
90.85
90.70
90.70
90.70
90.70
90.58
90.58
90.58
90.58
90.45
90.45
90.45
90.45
90.29
90.29
90.29
90.20
90.20
90.20
90.20
90.20
90.09
90.09
90.09
90.09
89.89
89.89
89.89
89.89
89.62
89.62
89.62
89.62
89.30
89.30
89.30
88.89
88.89
88.89
88.89
88.55
88.55
88.55
88.55
88.55
88.19
88.19
88.19
88.19
87.87
87.87
87.87
87.50
87.50
87.50
87.50
87.50
87.08
87.08
87.08
87.08
86.51
86.51
86.51
86.51
85.89
85.89
85.89
85.89
85.19
85.19
85.19
85.19
84.46
84.46
84.46
84.46
83.64
83.64
83.64
83.64
82.58
82.58
82.58
81.48
81.48
81.48
81.48
81.48
80.20
80.20
80.20
80.20
78.82
78.82
78.82
78.82
77.24
77.24
77.24
77.24
75.65
75.65
75.65
73.97
73.97
73.97
73.97
73.97
72.19
72.19
72.19
72.19
69.99
69.99
69.99
69.99
67.86
67.86
67.86
67.86
65.44
65.44
65.44
65.44
62.90
62.90
62.90
62.90
59.84
59.84
59.84
59.84
56.80
56.80
56.80
56.80
53.75
53.75
53.75
53.75
50.60
50.60
50.60
50.60
46.97
46.97
46.97
46.97
43.42
43.42
43.42
43.42
39.52
39.52
39.52
39.52
35.57
35.57
35.57
35.57
31.54
31.54
31.54
31.54
27.23
27.23
27.23
27.23
23.42
23.42
23.42
23.42
19.64
19.64
19.64
19.64
16.72
16.72
16.72
16.72
14.37
14.37
12.52
12.52
12.52
12.52
11.04
11.04
11.04
11.04
9.89
9.89
9.89
9.89
9.89
9.05
9.05
9.05
8.50
8.50
8.18
8.02
8.02
8.02
8.02
7.94
7.94
7.94
7.93
7.93
7.93
7.93
7.93
7.94
7.94
7.94
7.94
7.93
7.93
7.93
7.93
7.93
7.93
7.93
7.93
8.01
8.01
8.01
8.00
8.00
8.00
8.00
8.00
8.04
8.04
8.04
8.04
8.03
8.03
8.03
8.03
8.03
8.03
8.03
8.03
8.03
8.03
8.03
8.03
8.04
8.04
8.04
8.02
8.02
8.02
8.02
8.02
7.99
7.99
7.99
7.99
7.98
7.98
7.98
7.98
7.96
7.96
7.96
7.96
7.96
7.96
7.96
7.96
7.96
7.96
7.96
7.96
7.96
7.96
7.96
7.96
7.96
7.96
7.96
7.96
7.96
7.96
7.96
7.96
7.96
7.96
7.96
7.96
7.96
7.96
7.96
7.96
7.96
7.96
7.96
7.96
7.96
7.96
7.96
7.96
7.96
7.96
7.96
7.96
7.96
7.96
7.96
7.96
7.96
7.96
7.96
7.96
7.96
7.96
7.96
7.96
7.96
7.96
7.96
7.96
7.96
7.96
7.96
7.96
7.96
7.96
7.96
7.96
7.96
7.96
7.96
7.96
7.96
7.96
7.96
7.96
7.96
7.96
7.96
7.96
7.96
7.96
7.96
7.96
7.96
7.96
7.96
7.96
7.96
7.96
7.96
7.96
7.96
7.96
7.96
7.96
7.96
7.96
7.96
7.96
7.96
7.96
7.96
7.96
7.96
7.96
7.96
7.96
7.96
7.96
7.96
7.96
7.96
7.96
7.96
7.96
7.96
7.96
7.96
7.96
7.96
7.96
7.96
7.96
7.96
7.96
7.96
7.96
7.96
7.96
7.96
7.96
7.96
7.96
7.96
7.96
7.96
7.96
7.96
7.96
7.96
7.96
7.96
7.96
7.96
7.96
7.96
7.96
7.96
7.96
7.96
7.96
7.96
7.96
7.96
7.96
7.96
7.96
7.96
7.96
7.96
7.96
7.96
7.96
7.96
7.96
7.96
7.96
7.96
7.96
7.96
7.96
7.96
7.96
7.96
7.96
7.96
7.96
7.96
7.96
7.96
7.96
7.96
7.96
7.96
7.96
7.96
7.96
7.96
7.96
7.96
7.96
7.96
7.96
7.96
7.96
7.96
7.96
7.96
7.96
7.96
7.96
7.96
7.96
7.96
7.96
7.96
7.96
7.96
7.96
7.96
7.96
7.96
7.96
7.96
7.96
7.96
7.96
7.96
7.96
7.96
7.96
7.96
7.96
7.96
7.96
7.96
7.96
7.96
7.96
7.96
7.96
7.96
7.96
7.96
7.96
7.96
7.96
7.96
7.96
7.96
7.96
7.96
7.96
7.96
7.96
7.96
7.96
7.96
7.96
7.96
7.96
7.96
7.96
7.96
7.96
7.96
7.96
7.96
7.96
7.96
7.96
7.96
7.96
7.96
7.96
7.96
7.96
7.96
7.96
7.96
7.96
7.96
7.96
7.96
7.96
7.96
7.96
7.96
7.96
7.96
7.96
7.96
7.96
7.96
7.96
7.96
7.96
7.96
7.96
7.96
7.96
7.96
7.96
7.96
7.96
7.96
7.96
7.96
7.96
7.96
7.96
7.96
7.96
7.96
7.96
7.96
7.96
7.96
7.96
7.96
7.96
7.96
7.96
7.96
7.96
7.96
7.96
7.96
7.96
7.96
7.96
7.96
7.96
7.96
7.96
7.96
7.96
7.96
7.96
7.96
7.96
7.96
7.96
7.96
7.96
7.96
7.96
7.96
7.96
7.96
7.96
7.96
7.96
7.96
7.96
7.96
7.96
7.96
7.96
7.96
7.96
7.96
7.96
7.96
7.96
7.96
7.96
7.96
7.96
7.96
7.96
7.96
7.96
7.96
7.96
7.96
7.96
7.96
7.96
7.96
7.96
7.96
7.96
7.96
7.96
7.96
7.96
7.96
7.96
7.96
7.96
7.96
7.96
7.96
7.96
7.96
7.96
7.96
7.96
7.96
7.96
7.96
7.96
7.96
7.96
7.96
7.96
7.96
7.96
7.96
7.96
7.96
7.96
7.96
7.96
7.96
7.96
7.96
7.96
7.96
7.96
7.96
7.96
7.96
7.96
7.96
7.96
7.96
7.96
7.96
7.96
7.96
7.96
7.96
7.96
7.96
7.96
7.96
7.96
7.96
7.96
7.96
7.96
7.96
7.96
7.96
7.96
7.96
7.96
7.96
7.96
7.96
7.96
7.96
7.96
7.96
7.96
7.96
7.96
7.96
7.96
7.96
7.96
7.96
7.96
7.96
7.96
7.96
7.96
7.96
7.96
7.96
7.96
7.96
7.96
7.96
7.96
7.96
7.96
7.96
7.96
7.96
7.96
7.96
7.96
7.96
7.96
7.96
7.96
7.96
7.96
7.96
7.96
7.96
7.96
7.96
7.96
7.96
7.96
7.96
7.96
7.96
7.96
7.96
7.96
7.96
7.96
7.96
7.96
7.96
7.96
7.96
7.96
7.96
7.96
7.96
7.96
7.96
7.96
7.96
7.96
7.96
7.96
7.96
7.96
7.96
7.96
7.96
7.96
7.96
7.96
7.96
7.96
7.96
7.96
7.96
7.96
7.96
7.96
7.96
7.96
7.96
7.96
7.96
7.96
7.96
7.96
7.96
7.96
7.96
7.96
7.96
7.96
7.96
7.96
7.96
7.96
7.96
7.96
7.96
7.96
7.96
7.96
7.96
7.96
7.96
7.96
7.96
7.96
7.96
7.96
7.96
7.96
7.96
7.96
7.96
7.96
7.96
7.96
7.96
7.96
7.96
7.96
7.96
7.96
7.96
7.96
7.96
7.96
7.96
7.96
7.96
7.96
7.96
7.96
7.96
7.96
7.96
7.96
7.96
7.96
7.96
7.96
7.96
7.96
7.96
7.96
7.96
7.96
7.96
7.96
7.96
7.96
7.96
7.96
7.96
7.96
7.96
7.96
7.96
7.96
7.96
7.96
7.96
7.96
7.96
7.96
7.96
7.96
7.96
7.96
7.96
7.96
7.96
7.96
7.96
7.96
7.96
7.96
7.96
7.96
7.96
7.96
7.96
7.96
7.96
7.96
7.96
7.96
7.96
7.96
7.96
7.96
7.96
7.96
7.96
7.96
7.96
7.96
7.96
7.96
7.96
7.96
7.96
7.96
7.96
7.96
7.96
7.96
7.96
7.96
7.96
7.96
7.96
7.96
7.96
7.96
7.96
7.96
7.96
7.96
7.96
7.96
7.96
7.96
7.96
7.96
7.96
7.96
7.96
7.96
7.96
7.96
7.96
7.96
7.96
7.96
7.96
7.96
7.96
7.96
7.96
7.96
7.96
7.96
7.96
7.96
7.96
7.96
7.96
7.96
7.96
7.96
7.96
7.96
7.96
7.96
7.96
7.96
7.96
7.96
7.96
7.96
7.96
7.96
7.96
7.96
7.96
7.96
7.96
7.96
7.96
7.96
7.96
7.96
7.96
7.96
7.96
7.96
7.96
7.96
7.96
7.96
7.96
7.96
7.96
7.96
7.96
7.96
7.96
7.96
7.96
7.96
7.96
7.96
7.96
7.96
7.96
7.96
7.96
7.96
7.96
7.96
7.96
7.96
7.96
7.96
7.96
7.96
7.96
7.96
7.96
7.96
7.96
7.96
7.96
7.96
7.96
7.96
7.96
7.96
7.96
7.96
7.96
7.96
7.96
7.96
7.96
7.96
7.96
7.96
7.96
7.96
7.96
7.96
7.96
7.96
7.96
7.96
7.96
7.96
7.96
7.96
7.96
7.96
7.96
7.96
7.96
7.96
7.96
7.96
7.96
7.96
7.96
7.96
7.96
7.96
7.96
7.96
7.96
7.96
7.96
7.96
7.96
7.96
7.96
7.96
7.96
7.96
7.96
7.96
7.96
7.96
7.96
7.96
7.96
7.96
7.96
7.96
7.96
7.96
7.96
7.96
7.96
7.96
7.96
7.96
7.96
7.96
7.96
7.96
7.96
7.96
7.96
7.96
7.96
7.96
7.96
7.96
7.96
7.96
7.96
7.96
7.96
7.96
7.96
7.96
7.96
7.96
7.96
7.96
7.96
7.96
7.96
7.96
7.96
7.96
7.96
7.96
7.96
7.96
7.96
7.96
7.96
7.96
7.96
7.96
7.96
7.96
7.96
7.96
7.96
7.96
7.96
7.96
7.96
7.96
7.96
7.96
7.96
7.96
7.96
7.96
7.96
7.96
7.96
7.96
7.96
7.96
7.96
7.96
7.96
7.96
7.96
7.96
7.96
7.96
7.96
7.96
7.96
7.96
7.96
7.96
7.96
7.96
7.96
7.96
7.96
7.96
7.96
7.96
7.96
7.96
7.96
7.96
7.96
7.96
7.96
7.96
7.96
7.96
7.96
7.96
7.96
7.96
7.96
7.96
7.96
7.96
7.96
7.96
7.96
7.96
7.96
7.96
7.96
7.96
7.96
7.96
7.96
7.96
7.96
7.96
7.96
7.96
7.96
7.96
7.96
7.96
7.96
7.96
7.96
7.96
7.96
7.96
7.96
7.96
7.96
7.96
7.96
7.96
7.96
7.96
7.96
7.96
7.96
7.96
7.96
7.96
7.96
7.96
7.96
7.96
7.96
7.96
7.96
7.96
7.96
7.96
7.96
7.96
7.96
7.96
7.96
7.96
7.96
7.96
7.96
7.96
7.96
7.96
7.96
7.96
7.96
7.96
7.96
7.96
7.96
7.96
7.96
7.96
7.96
7.96
7.96
7.96
7.96
7.96
7.96
7.96
7.96
7.96
7.96
7.96
7.96
7.96
7.96
7.96
7.96
7.96
7.96
7.96
7.96
7.96
7.96
7.96
7.96
7.96
7.96
7.96
7.96
7.96
7.96
7.96
7.96
7.96
7.96
7.96
7.96
7.96
7.96
7.96
7.96
7.96
7.96
7.96
7.96
7.96
7.96
7.96
7.96
7.96
7.96
7.96
7.96
7.96
7.96
7.96
7.96
7.96
7.96
7.96
7.96
7.96
7.96
7.96
7.96
7.96
7.96
7.96
7.96
7.96
7.96
7.96
7.96
7.96
7.96
7.96
7.96
7.96
7.96
7.96
7.96
7.96
7.96
7.96
7.96
7.96
7.96
7.96
7.96
7.96
7.96
7.96
7.96
7.96
7.96
7.96
7.96
7.96
7.96
7.96
7.96
7.96
7.96
7.96
7.96
7.96
7.96
7.96
7.96
7.96
7.96
7.96
7.96
7.96
7.96
7.96
7.96
7.96
7.96
7.96
7.96
7.96
7.96
7.96
7.96
7.96
7.96
7.96
7.96
7.96
7.96
7.96
7.96
7.96
7.96
7.96
7.96
7.96
7.96
7.96
7.96
7.96
7.96
7.96
7.96
7.96
7.96
7.96
7.96
7.96
7.96
7.96
7.96
7.96
7.96
7.96
7.96
7.96
7.96
7.96
7.96
7.96
7.96
7.96
7.96
7.96
7.96
7.96
7.96
7.96
7.96
7.96
7.96
7.96
7.96
7.96
7.96
7.96
7.96
7.96
7.96
7.96
7.96
7.96
7.96
7.96
7.96
7.96
7.96
7.96
7.96
7.96
7.96
7.96
7.96
7.96
7.96
7.96
7.96
7.96
7.96
7.96
7.96
7.96
7.96
7.96
7.96
7.96
7.96
7.96
7.96
7.96
7.96
7.96
7.96
7.96
7.96
