[
  [
    0.0,
    0.0,
    86.543,
    "f"
  ],
  [
    0.11799445656412283,
    0.007127969075803105,
    86.543,
    "f"
  ],
  [
    0.2300759923091925,
    0.013898742415694873,
    86.543,
    "f"
  ],
  [
    0.3363665231283854,
    0.02031968488020955,
    86.543,
    "f"
  ],
  [
    0.43698796491487785,
    0.026398161329881265,
    86.543,
    "f"
  ],
  [
    0.5320622335618463,
    0.03214153662524452,
    86.543,
    "f"
  ],
  [
    0.6217112449624669,
    0.03755717562683342,
    86.543,
    "f"
  ],
  [
    0.7060569150099163,
    0.04265244319518208,
    86.543,
    "f"
  ],
  [
    0.7852211595973707,
    0.04743470419082513,
    86.543,
    "f"
  ],
  [
    0.859325894618006,
    0.051911323474296445,
    86.543,
    "f"
  ],
  [
    0.9284930359649994,
    0.056089665906130404,
    86.543,
    "f"
  ],
  [
    0.9928444995315266,
    0.05997709634686127,
    86.543,
    "f"
  ],
  [
    1.0525022012107643,
    0.06358097965702353,
    86.543,
    "f"
  ],
  [
    1.107588056895889,
    0.06690868069715106,
    86.543,
    "f"
  ],
  [
    1.1582239824800764,
    0.06996756432777829,
    86.543,
    "f"
  ],
  [
    1.204531893856504,
    0.07276499540943959,
    86.543,
    "f"
  ],
  [
    1.2466337069183462,
    0.07530833880266896,
    86.543,
    "f"
  ],
  [
    1.2846513375587814,
    0.07760495936800094,
    86.543,
    "f"
  ],
  [
    1.3187067016709846,
    0.0796622219659695,
    86.543,
    "f"
  ],
  [
    1.3489217151481332,
    0.0814874914571091,
    86.543,
    "f"
  ],
  [
    1.3754182938834032,
    0.08308813270195414,
    86.543,
    "f"
  ],
  [
    1.39831835376997,
    0.08447151056103841,
    86.543,
    "f"
  ],
  [
    1.4177438107010114,
    0.08564498989489622,
    86.543,
    "f"
  ],
  [
    1.4338165805697023,
    0.08661593556406233,
    86.543,
    "f"
  ],
  [
    1.4466585792692206,
    0.08739171242907051,
    86.543,
    "f"
  ],
  [
    1.4563917226927412,
    0.0879796853504552,
    86.543,
    "f"
  ],
  [
    1.463137926733442,
    0.0883872191887507,
    86.543,
    "f"
  ],
  [
    1.4670191072844978,
    0.08862167880449134,
    86.543,
    "f"
  ],
  [
    1.468157180239086,
    0.08869042905821123,
    86.543,
    "f"
  ],
  [
    1.4666740614903824,
    0.08860083481044456,
    86.543,
    "f"
  ],
  [
    1.462691666931564,
    0.08836026092172566,
    86.543,
    "f"
  ],
  [
    1.456331912455806,
    0.08797607225258874,
    86.543,
    "f"
  ],
  [
    1.4477167139562854,
    0.08745563366356779,
    86.543,
    "f"
  ],
  [
    1.4369679873261796,
    0.0868063100151979,
    86.543,
    "f"
  ],
  [
    1.4242076484586632,
    0.08603546616801261,
    86.543,
    "f"
  ],
  [
    1.4095576132469136,
    0.08515046698254625,
    86.543,
    "f"
  ],
  [
    1.3931397975841067,
    0.08415867731933357,
    86.543,
    "f"
  ],
  [
    1.3750761173634194,
    0.08306746203890814,
    86.543,
    "f"
  ],
  [
    1.3554884884780272,
    0.08188418600180458,
    86.543,
    "f"
  ],
  [
    1.3344988268211067,
    0.08061621406855701,
    86.543,
    "f"
  ],
  [
    1.3122290482858354,
    0.07927091109969986,
    86.543,
    "f"
  ],
  [
    1.2888010687653884,
    0.07785564195576733,
    86.543,
    "f"
  ],
  [
    1.2643368041529421,
    0.07637777149729374,
    86.543,
    "f"
  ],
  [
    1.2389581703416732,
    0.07484466458481287,
    86.543,
    "f"
  ],
  [
    1.2127870832247587,
    0.07326368607885969,
    86.543,
    "f"
  ],
  [
    1.1859454586953733,
    0.07164220083996808,
    86.543,
    "f"
  ],
  [
    1.1585552126466943,
    0.06998757372867204,
    86.543,
    "f"
  ],
  [
    1.1307382609718986,
    0.06830716960550631,
    86.543,
    "f"
  ],
  [
    1.1026165195641622,
    0.06660835333100501,
    86.543,
    "f"
  ],
  [
    1.0743119043166607,
    0.06489848976570212,
    86.543,
    "f"
  ],
  [
    1.0459463311225714,
    0.06318494377013223,
    86.543,
    "f"
  ],
  [
    1.0176417158750701,
    0.0614750802048295,
    86.543,
    "f"
  ],
  [
    0.9895199744673333,
    0.05977626393032803,
    86.543,
    "f"
  ],
  [
    0.9617030227925376,
    0.058095859807162364,
    86.543,
    "f"
  ],
  [
    0.9343127767438588,
    0.05644123269586654,
    86.543,
    "f"
  ],
  [
    0.907471152214474,
    0.05481974745697471,
    86.543,
    "f"
  ],
  [
    0.8813000650975585,
    0.05323876895102142,
    86.543,
    "f"
  ],
  [
    0.8559214312862904,
    0.05170566203854077,
    86.543,
    "f"
  ],
  [
    0.8314571666738442,
    0.050227791580067016,
    86.543,
    "f"
  ],
  [
    0.8080291871533967,
    0.0488125224361346,
    86.543,
    "f"
  ],
  [
    0.7857594086181254,
    0.04746721946727733,
    86.543,
    "f"
  ],
  [
    0.7647697469612051,
    0.046199247534029875,
    86.543,
    "f"
  ],
  [
    0.7451821180758132,
    0.045015971496926266,
    86.543,
    "f"
  ],
  [
    0.7271184378551253,
    0.04392475621650094,
    86.543,
    "f"
  ],
  [
    0.7107006221923187,
    0.04293296655328799,
    86.543,
    "f"
  ],
  [
    0.6960505869805693,
    0.04204796736782174,
    86.543,
    "f"
  ],
  [
    0.683290248113053,
    0.04127712352063645,
    86.543,
    "f"
  ],
  [
    0.6725415214829465,
    0.040627799872266446,
    86.543,
    "f"
  ],
  [
    0.6639263229834262,
    0.04010736128324577,
    86.543,
    "f"
  ],
  [
    0.6575665685076686,
    0.03972317261410896,
    86.543,
    "f"
  ],
  [
    0.6535841739488499,
    0.039482598725390006,
    86.543,
    "f"
  ],
  [
    0.6521010552001465,
    0.03939300447762334,
    86.543,
    "f"
  ],
  [
    0.6532391281547347,
    0.039461754731343224,
    86.543,
    "f"
  ],
  [
    0.6571203087057909,
    0.0396962143470837,
    86.543,
    "f"
  ],
  [
    0.6638665127464909,
    0.04010374818537915,
    86.543,
    "f"
  ],
  [
    0.6735996561700122,
    0.04069172110676389,
    86.543,
    "f"
  ],
  [
    0.68644165486953,
    0.04146749797177213,
    86.543,
    "f"
  ],
  [
    0.7025144247382215,
    0.042438443640938184,
    86.543,
    "f"
  ],
  [
    0.7219398816692627,
    0.0436119229747961,
    86.543,
    "f"
  ],
  [
    0.7448399415558299,
    0.044995300833880425,
    86.543,
    "f"
  ],
  [
    0.7713365202910996,
    0.046595942078725305,
    86.543,
    "f"
  ],
  [
    0.801551533768248,
    0.0484212115698649,
    86.543,
    "f"
  ],
  [
    0.8356068978804516,
    0.050478474167833576,
    86.543,
    "f"
  ],
  [
    0.8736245285208866,
    0.05277509473316544,
    86.543,
    "f"
  ],
  [
    0.915726341582729,
    0.05531843812639475,
    86.543,
    "f"
  ],
  [
    0.9620342529591566,
    0.058115869208056115,
    86.543,
    "f"
  ],
  [
    1.0126701785433436,
    0.06117475283868329,
    86.543,
    "f"
  ],
  [
    1.0677560342284687,
    0.06450245387881104,
    86.543,
    "f"
  ],
  [
    1.1274137359077063,
    0.06810633718897308,
    86.543,
    "f"
  ],
  [
    1.1917651994742342,
    0.071993767629704,
    86.543,
    "f"
  ],
  [
    1.260932340821227,
    0.0761721100615379,
    86.543,
    "f"
  ],
  [
    1.3350370758418624,
    0.08064872934500944,
    86.543,
    "f"
  ],
  [
    1.4142013204293171,
    0.08543099034065238,
    86.543,
    "f"
  ],
  [
    1.498546990476766,
    0.09052625790900104,
    86.543,
    "f"
  ],
  [
    1.5881960018773873,
    0.09594189691058974,
    86.543,
    "f"
  ],
  [
    1.6832702705243552,
    0.10168527220595325,
    86.543,
    "f"
  ],
  [
    1.7838917123108473,
    0.10776374865562499,
    86.543,
    "f"
  ],
  [
    1.8901822431300408,
    0.11418469112013974,
    86.543,
    "f"
  ],
  [
    2.0022637788751103,
    0.12095546446003136,
    86.543,
    "f"
  ],
  [
    2.1202582354392323,
    0.1280834335358343,
    86.543,
    "f"
  ],
  [
    2.1202582354392323,
    0.1280834335358343,
    86.543,
    "f"
  ],
  [
    2.2412747189451947,
    0.13579242135856662,
    86.16661670382518,
    "f"
  ],
  [
    2.362325012484056,
    0.14430605145013642,
    85.78668920194696,
    "f"
  ],
  [
    2.483385047401409,
    0.15363138943741506,
    85.40303707747216,
    "f"
  ],
  [
    2.604430755042842,
    0.16377550094727278,
    85.01547806680429,
    "f"
  ],
  [
    2.725438066753946,
    0.17474545160658161,
    84.623827877846,
    "f"
  ],
  [
    2.8463829138803116,
    0.1865483070422116,
    84.22790001256271,
    "f"
  ],
  [
    2.967241227767527,
    0.1991911328810343,
    83.82750559392656,
    "f"
  ],
  [
    3.0879889397611837,
    0.2126809947499193,
    83.4224531973241,
    "f"
  ],
  [
    3.208601981206871,
    0.22702495827573865,
    83.01254868657651,
    "f"
  ],
  [
    3.329056283450181,
    0.24223008908536392,
    82.59759505479167,
    "f"
  ],
  [
    3.449327777836701,
    0.2583034528056636,
    82.1773922703403,
    "f"
  ],
  [
    3.569392395712023,
    0.2752521150635112,
    81.75173712832543,
    "f"
  ],
  [
    3.6892260684217373,
    0.29308314148577597,
    81.32042310799955,
    "f"
  ],
  [
    3.808804727311432,
    0.3118035976993292,
    80.88324023666917,
    "f"
  ],
  [
    3.9281043037266996,
    0.3314205493310425,
    80.43997496072319,
    "f"
  ],
  [
    4.047100729013126,
    0.3519410620077861,
    79.99041002452111,
    "f"
  ],
  [
    4.165769934516308,
    0.37337220135643046,
    79.53432435798481,
    "f"
  ],
  [
    4.2840878515818295,
    0.39572103300384787,
    79.0714929738553,
    "f"
  ],
  [
    4.402030411555286,
    0.4189946225769081,
    78.6016868756966,
    "f"
  ],
  [
    4.519573545782262,
    0.4432000357024819,
    78.12467297786515,
    "f"
  ],
  [
    4.63669318560835,
    0.4683443380074408,
    77.64021403880105,
    "f"
  ],
  [
    4.753365262379143,
    0.49443459511865573,
    77.14806860915195,
    "f"
  ],
  [
    4.869565707440225,
    0.5214778726629974,
    76.64799099639947,
    "f"
  ],
  [
    4.985270452137193,
    0.5494812362673365,
    76.13973124783058,
    "f"
  ],
  [
    5.100455427815632,
    0.5784517515585441,
    75.62303515387674,
    "f"
  ],
  [
    5.215096565821136,
    0.6083964841634919,
    75.0976442740365,
    "f"
  ],
  [
    5.329169797499291,
    0.6393224997090488,
    74.56329598779735,
    "f"
  ],
  [
    5.442651054195689,
    0.6712368638220885,
    74.01972357318573,
    "f"
  ],
  [
    5.5555162672559195,
    0.7041466421294786,
    73.46665631579236,
    "f"
  ],
  [
    5.667741368025575,
    0.7380589002580922,
    72.90381965134748,
    "f"
  ],
  [
    5.779302287850242,
    0.7729807038348007,
    72.3309353451566,
    "f"
  ],
  [
    5.890174958075513,
    0.8089191184864739,
    71.74772171194235,
    "f"
  ],
  [
    6.00033531004698,
    0.8458812098399822,
    71.15389387988068,
    "f"
  ],
  [
    6.109759275110227,
    0.883874043522197,
    70.54916410285608,
    "f"
  ],
  [
    6.2184227846108495,
    0.92290468515999,
    69.9332421251965,
    "f"
  ],
  [
    6.326301769894435,
    0.962980200380231,
    69.30583560336953,
    "f"
  ],
  [
    6.4333721623065765,
    1.0041076548097925,
    68.66665058933415,
    "f"
  ],
  [
    6.539609893192859,
    1.0462941140755428,
    68.01539208042561,
    "f"
  ],
  [
    6.644990893898875,
    1.0895466438043542,
    67.35176464081235,
    "f"
  ],
  [
    6.749491095770219,
    1.1338723096230994,
    66.67547309968216,
    "f"
  ],
  [
    6.853086430152476,
    1.179278177158646,
    65.98622333138712,
    "f"
  ],
  [
    6.955752828391233,
    1.2257713120378666,
    65.28372312278987,
    "f"
  ],
  [
    7.05746622183209,
    1.2733587798876327,
    64.56768313299426,
    "f"
  ],
  [
    7.158202541820632,
    1.3220476463348145,
    63.83781795049737,
    "f"
  ],
  [
    7.257937719702445,
    1.3718449770062824,
    63.09384725255222,
    "f"
  ],
  [
    7.356647686823125,
    1.4227578375289074,
    62.33549707116481,
    "f"
  ],
  [
    7.45430837452826,
    1.474793293529562,
    61.56250116964725,
    "f"
  ],
  [
    7.55089571416344,
    1.5279584106351143,
    60.77460253299023,
    "f"
  ],
  [
    7.646385637074253,
    1.5822602544724385,
    59.971554974489436,
    "f"
  ],
  [
    7.740754074606294,
    1.6377058906684043,
    59.15312486003597,
    "f"
  ],
  [
    7.833976958105149,
    1.6943023848498813,
    58.31909295024576,
    "f"
  ],
  [
    7.9260302189164085,
    1.752056802643739,
    57.46925635914482,
    "f"
  ],
  [
    8.016889788385665,
    1.8109762096768534,
    56.603430626419936,
    "f"
  ],
  [
    8.106531597858506,
    1.8710676715760917,
    55.72145189829337,
    "f"
  ],
  [
    8.194931578680524,
    1.9323382539683256,
    54.82317920986259,
    "f"
  ],
  [
    8.282065662197308,
    1.9947950224804267,
    53.9084968592814,
    "f"
  ],
  [
    8.367909779754445,
    2.058445042739263,
    52.977316861433906,
    "f"
  ],
  [
    8.45243986269753,
    2.1232953803717094,
    52.02958146580704,
    "f"
  ],
  [
    8.535631842372151,
    2.1893531010046345,
    51.06526572011512,
    "f"
  ],
  [
    8.617461650123897,
    2.2566252702649097,
    50.084380057915496,
    "f"
  ],
  [
    8.697905217298363,
    2.3251189537794077,
    49.08697288504368,
    "f"
  ],
  [
    8.776938475241131,
    2.3948412171749958,
    48.07313313624144,
    "f"
  ],
  [
    8.854537355297797,
    2.465799126078546,
    47.04299276995903,
    "f"
  ],
  [
    8.930677788813952,
    2.5379997461169315,
    45.9967291660696,
    "f"
  ],
  [
    9.00533570713518,
    2.6114501429170205,
    44.93456738826194,
    "f"
  ],
  [
    9.078487041607076,
    2.686157382105686,
    43.856782270309054,
    "f"
  ],
  [
    9.15010772357523,
    2.762128529309798,
    42.763700283376465,
    "f"
  ],
  [
    9.22017368438523,
    2.8393706501562277,
    41.65570114018567,
    "f"
  ],
  [
    9.288660855382668,
    2.917890810271845,
    40.533219091327965,
    "f"
  ],
  [
    9.355545167913132,
    2.9976960752835216,
    39.396743869466604,
    "f"
  ],
  [
    9.420802553322215,
    3.078793510818128,
    38.24682123870002,
    "f"
  ],
  [
    9.484408942955502,
    3.1611901825025353,
    37.08405310908654,
    "f"
  ],
  [
    9.54634026815859,
    3.244893155963615,
    35.90909718031821,
    "f"
  ],
  [
    9.606572460277064,
    3.3299094968282374,
    34.722666083820855,
    "f"
  ],
  [
    9.665081450656517,
    3.4162462707232746,
    33.5255259991244,
    "f"
  ],
  [
    9.721843170642536,
    3.5039105432755946,
    32.31849472813258,
    "f"
  ],
  [
    9.776833551580715,
    3.592909380112071,
    31.10243921980191,
    "f"
  ],
  [
    9.830028524816639,
    3.6832498468595722,
    29.878272547528354,
    "f"
  ],
  [
    9.881404021695904,
    3.774939009144972,
    28.646950352013732,
    "f"
  ],
  [
    9.930935973564095,
    3.867983932595141,
    27.409466773241434,
    "f"
  ],
  [
    9.978600311766805,
    3.962391682836947,
    26.16684990612464,
    "f"
  ],
  [
    10.024372967649622,
    4.058169325497266,
    24.920156825023355,
    "f"
  ],
  [
    10.068229872558142,
    4.155323926202963,
    23.67046823232147,
    "f"
  ],
  [
    10.110146957837946,
    4.253862550580912,
    22.418882795219588,
    "f"
  ],
  [
    10.15010015483463,
    4.3537922642579865,
    21.166511242528713,
    "f"
  ],
  [
    10.188065394893783,
    4.455120132861052,
    19.914470299218465,
    "f"
  ],
  [
    10.224018609360996,
    4.557853222016983,
    18.66387654056848,
    "f"
  ],
  [
    10.257935729581858,
    4.6619985973526505,
    17.415840249815233,
    "f"
  ],
  [
    10.289792686901956,
    4.767563324494922,
    16.171459363099984,
    "f"
  ],
  [
    10.319565412666886,
    4.874554469070672,
    14.931813583309179,
    "f"
  ],
  [
    10.347229838222233,
    4.982979096706768,
    13.697958740147897,
    "f"
  ],
  [
    10.372761894913591,
    5.092844273030085,
    12.470921467668461,
    "f"
  ],
  [
    10.39613751408655,
    5.204157063667493,
    11.25169426273601,
    "f"
  ],
  [
    10.417332627086695,
    5.31692453424586,
    10.041230978842066,
    "f"
  ],
  [
    10.436323165259623,
    5.43115375039206,
    8.840442799628534,
    "f"
  ],
  [
    10.45308505995092,
    5.546851777732961,
    7.650194725802862,
    "f"
  ],
  [
    10.467594242506175,
    5.6640256818954375,
    6.471302598193461,
    "f"
  ],
  [
    10.47982664427098,
    5.782682528506358,
    5.304530668851385,
    "f"
  ],
  [
    10.489758196590929,
    5.902829383192593,
    4.150589721679694,
    "f"
  ],
  [
    10.489758196590929,
    5.902829383192593,
    4.150589721679694,
    "f"
  ],
  [
    10.498377265352367,
    6.021600968459532,
    4.1505896274800875,
    "f"
  ],
  [
    10.50669243945738,
    6.1361848592059225,
    4.150589528334308,
    "f"
  ],
  [
    10.514709984775191,
    6.246667399648695,
    4.150589423911981,
    "f"
  ],
  [
    10.522436167174984,
    6.353134934004753,
    4.150589313857267,
    "f"
  ],
  [
    10.529877252525976,
    6.455673806491025,
    4.150589197786417,
    "f"
  ],
  [
    10.53703950669737,
    6.554370361324427,
    4.150589075285609,
    "f"
  ],
  [
    10.543929195558368,
    6.649310942721876,
    4.150588945908453,
    "f"
  ],
  [
    10.550552584978176,
    6.74058189490029,
    4.150588809173371,
    "f"
  ],
  [
    10.556915940825993,
    6.828269562076589,
    4.150588664561042,
    "f"
  ],
  [
    10.563025528971037,
    6.912460288467693,
    4.150588511511273,
    "f"
  ],
  [
    10.568887615282495,
    6.993240418290517,
    4.150588349419991,
    "f"
  ],
  [
    10.574508465629584,
    7.070696295761979,
    4.1505881776363935,
    "f"
  ],
  [
    10.57989434588151,
    7.144914265099008,
    4.150587995459432,
    "f"
  ],
  [
    10.585051521907463,
    7.215980670518506,
    4.150587802135192,
    "f"
  ],
  [
    10.589986259576662,
    7.283981856237402,
    4.150587596853427,
    "f"
  ],
  [
    10.594704824758304,
    7.349004166472609,
    4.150587378745172,
    "f"
  ],
  [
    10.599213483321599,
    7.411133945441051,
    4.150587146880298,
    "f"
  ],
  [
    10.603518501135742,
    7.470457537359641,
    4.150586900266148,
    "f"
  ],
  [
    10.607626144069949,
    7.527061286445302,
    4.150586637846345,
    "f"
  ],
  [
    10.61154267799342,
    7.581031536914953,
    4.1505863585023235,
    "f"
  ],
  [
    10.615274368775353,
    7.632454632985506,
    4.150586061054867,
    "f"
  ],
  [
    10.618827482284964,
    7.681416918873886,
    4.150585744269961,
    "f"
  ],
  [
    10.622208284391444,
    7.728004738797006,
    4.150585406866469,
    "f"
  ],
  [
    10.625423040964014,
    7.772304436971791,
    4.150585047529148,
    "f"
  ],
  [
    10.628478017871863,
    7.814402357615152,
    4.1505846649259865,
    "f"
  ],
  [
    10.631379480984208,
    7.854384844944014,
    4.150584257733556,
    "f"
  ],
  [
    10.634133696170245,
    7.892338243175294,
    4.150583824669752,
    "f"
  ],
  [
    10.63674692929918,
    7.928348896525905,
    4.150583364538136,
    "f"
  ],
  [
    10.639225446240218,
    7.962503149212772,
    4.1505828762844885,
    "f"
  ],
  [
    10.641575512862566,
    7.994887345452811,
    4.150582359068096,
    "f"
  ],
  [
    10.643803395035427,
    8.02558782946294,
    4.150581812351334,
    "f"
  ],
  [
    10.645915358627999,
    8.054690945460075,
    4.150581236008179,
    "f"
  ],
  [
    10.647917669509502,
    8.082283037661144,
    4.150580630453703,
    "f"
  ],
  [
    10.649816593549126,
    8.108450450283055,
    4.150579996795614,
    "f"
  ],
  [
    10.651618396616078,
    8.133279527542726,
    4.150579337004444,
    "f"
  ],
  [
    10.653329344579568,
    8.156856613657084,
    4.150578654098467,
    "f"
  ],
  [
    10.654955703308799,
    8.179268052843044,
    4.150577952336107,
    "f"
  ],
  [
    10.65650373867297,
    8.200600189317521,
    4.150577237398011,
    "f"
  ],
  [
    10.65797971654129,
    8.220939367297436,
    4.150576516542628,
    "f"
  ],
  [
    10.659389902782964,
    8.240371930999709,
    4.150575798706541,
    "f"
  ],
  [
    10.660740563267197,
    8.258984224641258,
    4.1505750945181035,
    "f"
  ],
  [
    10.66203796386319,
    8.276862592438997,
    4.150574416190466,
    "f"
  ],
  [
    10.663288370440151,
    8.29409337860985,
    4.1505737772629345,
    "f"
  ],
  [
    10.664498048867282,
    8.310762927370734,
    4.1505731921680535,
    "f"
  ],
  [
    10.665673265013787,
    8.326957582938563,
    4.15057267562014,
    "f"
  ],
  [
    10.66682028474887,
    8.342763689530258,
    4.150572241850227,
    "f"
  ],
  [
    10.667945373941743,
    8.358267591362743,
    4.1505719037392055,
    "f"
  ],
  [
    10.6690547984616,
    8.37355563265293,
    4.150571671933449,
    "f"
  ],
  [
    10.67015482417765,
    8.38871415761774,
    4.150571554045314,
    "f"
  ],
  [
    10.671251716959102,
    8.40382951047409,
    4.1505715540454275,
    "f"
  ],
  [
    10.672351742675156,
    8.4189880354389,
    4.150571671933335,
    "f"
  ],
  [
    10.673461167195013,
    8.434276076729088,
    4.1505719037392055,
    "f"
  ],
  [
    10.674586256387885,
    8.44977997856157,
    4.150572241850227,
    "f"
  ],
  [
    10.675733276122967,
    8.465586085153268,
    4.150572675620083,
    "f"
  ],
  [
    10.676908492269474,
    8.481780740721097,
    4.1505731921680535,
    "f"
  ],
  [
    10.678118170696603,
    8.49845028948198,
    4.1505737772629345,
    "f"
  ],
  [
    10.679368577273562,
    8.515681075652832,
    4.150574416190352,
    "f"
  ],
  [
    10.680665977869557,
    8.533559443450573,
    4.15057509451799,
    "f"
  ],
  [
    10.68201663835379,
    8.55217173709212,
    4.150575798706598,
    "f"
  ],
  [
    10.683426824595463,
    8.571604300794395,
    4.150576516542571,
    "f"
  ],
  [
    10.684902802463785,
    8.591943478774308,
    4.150577237398011,
    "f"
  ],
  [
    10.686450837827959,
    8.613275615248789,
    4.150577952336164,
    "f"
  ],
  [
    10.688077196557186,
    8.635687054434745,
    4.150578654098467,
    "f"
  ],
  [
    10.689788144520676,
    8.659264140549103,
    4.150579337004501,
    "f"
  ],
  [
    10.69158994758763,
    8.684093217808778,
    4.1505799967956705,
    "f"
  ],
  [
    10.693488871627252,
    8.710260630430687,
    4.150580630453703,
    "f"
  ],
  [
    10.695491182508752,
    8.737852722631754,
    4.150581236008122,
    "f"
  ],
  [
    10.697603146101327,
    8.76695583862889,
    4.150581812351334,
    "f"
  ],
  [
    10.69983102827419,
    8.79765632263902,
    4.150582359068153,
    "f"
  ],
  [
    10.702181094896536,
    8.830040518879057,
    4.150582876284545,
    "f"
  ],
  [
    10.704659611837576,
    8.864194771565925,
    4.150583364538193,
    "f"
  ],
  [
    10.70727284496651,
    8.900205424916535,
    4.150583824669752,
    "f"
  ],
  [
    10.710027060152548,
    8.938158823147816,
    4.150584257733556,
    "f"
  ],
  [
    10.712928523264887,
    8.978141310476676,
    4.1505846649259865,
    "f"
  ],
  [
    10.715983500172742,
    9.02023923112004,
    4.150585047529148,
    "f"
  ],
  [
    10.719198256745308,
    9.064538929294823,
    4.150585406866526,
    "f"
  ],
  [
    10.72257905885179,
    9.111126749217943,
    4.150585744269961,
    "f"
  ],
  [
    10.7261321723614,
    9.160089035106324,
    4.150586061054867,
    "f"
  ],
  [
    10.729863863143338,
    9.211512131176878,
    4.1505863585023235,
    "f"
  ],
  [
    10.733780397066804,
    9.265482381646526,
    4.150586637846402,
    "f"
  ],
  [
    10.737888040001012,
    9.32208613073219,
    4.150586900266148,
    "f"
  ],
  [
    10.742193057815157,
    9.38140972265078,
    4.150587146880298,
    "f"
  ],
  [
    10.74670171637845,
    9.443539501619222,
    4.150587378745172,
    "f"
  ],
  [
    10.751420281560092,
    9.50856181185443,
    4.15058759685337,
    "f"
  ],
  [
    10.756355019229293,
    9.576562997573324,
    4.150587802135192,
    "f"
  ],
  [
    10.76151219525525,
    9.647629402992827,
    4.150587995459432,
    "f"
  ],
  [
    10.76689807550717,
    9.72184737232985,
    4.1505881776363935,
    "f"
  ],
  [
    10.772518925854259,
    9.799303249801314,
    4.150588349419991,
    "f"
  ],
  [
    10.778381012165722,
    9.88008337962414,
    4.150588511511273,
    "f"
  ],
  [
    10.78449060031076,
    9.96427410601524,
    4.150588664561042,
    "f"
  ],
  [
    10.79085395615858,
    10.051961773191541,
    4.150588809173371,
    "f"
  ],
  [
    10.797477345578388,
    10.143232725369957,
    4.150588945908396,
    "f"
  ],
  [
    10.804367034439386,
    10.238173306767406,
    4.150589075285609,
    "f"
  ],
  [
    10.811529288610778,
    10.336869861600805,
    4.150589197786417,
    "f"
  ],
  [
    10.81897037396177,
    10.439408734087076,
    4.150589313857267,
    "f"
  ],
  [
    10.826696556361568,
    10.545876268443138,
    4.150589423911981,
    "f"
  ],
  [
    10.834714101679372,
    10.656358808885907,
    4.150589528334308,
    "f"
  ],
  [
    10.84302927578439,
    10.7709426996323,
    4.150589627480144,
    "f"
  ],
  [
    10.851648344545826,
    10.889714284899236,
    4.150589721679694,
    "f"
  ],
  [
    10.851648344545826,
    10.889714284899236,
    4.150589721679694,
    "f"
  ],
  [
    10.860267413307264,
    11.008485870166178,
    4.150589627480144,
    "f"
  ],
  [
    10.86858258741228,
    11.123069760912571,
    4.150589528334308,
    "f"
  ],
  [
    10.876600132730086,
    11.233552301355338,
    4.150589423912038,
    "f"
  ],
  [
    10.884326315129883,
    11.340019835711399,
    4.150589313857267,
    "f"
  ],
  [
    10.891767400480877,
    11.442558708197671,
    4.150589197786417,
    "f"
  ],
  [
    10.89892965465227,
    11.541255263031072,
    4.150589075285609,
    "f"
  ],
  [
    10.905819343513269,
    11.63619584442852,
    4.150588945908453,
    "f"
  ],
  [
    10.912442732933075,
    11.727466796606937,
    4.150588809173428,
    "f"
  ],
  [
    10.918806088780894,
    11.815154463783236,
    4.150588664561042,
    "f"
  ],
  [
    10.924915676925934,
    11.89934519017434,
    4.150588511511273,
    "f"
  ],
  [
    10.930777763237394,
    11.98012531999716,
    4.150588349419991,
    "f"
  ],
  [
    10.936398613584483,
    12.057581197468627,
    4.1505881776363935,
    "f"
  ],
  [
    10.941784493836407,
    12.131799166805651,
    4.150587995459489,
    "f"
  ],
  [
    10.94694166986236,
    12.202865572225148,
    4.150587802135192,
    "f"
  ],
  [
    10.951876407531564,
    12.270866757944049,
    4.150587596853427,
    "f"
  ],
  [
    10.956594972713203,
    12.335889068179254,
    4.150587378745172,
    "f"
  ],
  [
    10.961103631276496,
    12.398018847147696,
    4.150587146880355,
    "f"
  ],
  [
    10.96540864909064,
    12.457342439066284,
    4.150586900266148,
    "f"
  ],
  [
    10.96951629202485,
    12.51394618815195,
    4.150586637846459,
    "f"
  ],
  [
    10.97343282594832,
    12.567916438621602,
    4.1505863585023235,
    "f"
  ],
  [
    10.977164516730253,
    12.619339534692152,
    4.1505860610549234,
    "f"
  ],
  [
    10.980717630239862,
    12.668301820580531,
    4.150585744269961,
    "f"
  ],
  [
    10.984098432346343,
    12.714889640503648,
    4.150585406866469,
    "f"
  ],
  [
    10.987313188918913,
    12.759189338678436,
    4.150585047529148,
    "f"
  ],
  [
    10.990368165826762,
    12.801287259321796,
    4.150584664926043,
    "f"
  ],
  [
    10.993269628939109,
    12.841269746650662,
    4.150584257733499,
    "f"
  ],
  [
    10.996023844125146,
    12.87922314488194,
    4.150583824669695,
    "f"
  ],
  [
    10.99863707725408,
    12.915233798232551,
    4.150583364538193,
    "f"
  ],
  [
    11.00111559419512,
    12.949388050919419,
    4.1505828762844885,
    "f"
  ],
  [
    11.003465660817469,
    12.98177224715946,
    4.150582359068153,
    "f"
  ],
  [
    11.005693542990326,
    13.012472731169588,
    4.150581812351277,
    "f"
  ],
  [
    11.0078055065829,
    13.04157584716672,
    4.150581236008065,
    "f"
  ],
  [
    11.0098078174644,
    13.069167939367787,
    4.150580630453646,
    "f"
  ],
  [
    11.011706741504025,
    13.095335351989698,
    4.150579996795614,
    "f"
  ],
  [
    11.013508544570978,
    13.120164429249373,
    4.150579337004274,
    "f"
  ],
  [
    11.015219492534467,
    13.14374151536373,
    4.150578654098467,
    "f"
  ],
  [
    11.016845851263698,
    13.166152954549691,
    4.150577952336107,
    "f"
  ],
  [
    11.01839388662787,
    13.187485091024167,
    4.150577237397954,
    "f"
  ],
  [
    11.01986986449619,
    13.207824269004082,
    4.150576516542628,
    "f"
  ],
  [
    11.021280050737865,
    13.227256832706356,
    4.150575798706484,
    "f"
  ],
  [
    11.0226307112221,
    13.245869126347907,
    4.150575094518047,
    "f"
  ],
  [
    11.023928111818089,
    13.26374749414564,
    4.150574416190295,
    "f"
  ],
  [
    11.025178518395048,
    13.280978280316495,
    4.1505737772629345,
    "f"
  ],
  [
    11.026388196822182,
    13.29764782907738,
    4.15057319216811,
    "f"
  ],
  [
    11.027563412968686,
    13.313842484645207,
    4.150572675619969,
    "f"
  ],
  [
    11.02871043270377,
    13.329648591236904,
    4.150572241850227,
    "f"
  ],
  [
    11.02983552189664,
    13.345152493069389,
    4.1505719037392055,
    "f"
  ],
  [
    11.0309449464165,
    13.360440534359578,
    4.150571671933335,
    "f"
  ],
  [
    11.03204497213255,
    13.375599059324385,
    4.1505715540452,
    "f"
  ],
  [
    11.033141864914,
    13.390714412180738,
    4.1505715540452,
    "f"
  ],
  [
    11.034241890630053,
    13.405872937145547,
    4.150571671933449,
    "f"
  ],
  [
    11.035351315149914,
    13.421160978435731,
    4.1505719037392055,
    "f"
  ],
  [
    11.036476404342782,
    13.436664880268218,
    4.150572241850227,
    "f"
  ],
  [
    11.037623424077864,
    13.45247098685991,
    4.150572675620083,
    "f"
  ],
  [
    11.038798640224375,
    13.468665642427744,
    4.150573192168167,
    "f"
  ],
  [
    11.040008318651504,
    13.485335191188627,
    4.150573777262991,
    "f"
  ],
  [
    11.041258725228461,
    13.502565977359478,
    4.150574416190295,
    "f"
  ],
  [
    11.042556125824458,
    13.52044434515722,
    4.150575094518047,
    "f"
  ],
  [
    11.043906786308689,
    13.539056638798765,
    4.150575798706541,
    "f"
  ],
  [
    11.045316972550363,
    13.558489202501038,
    4.150576516542628,
    "f"
  ],
  [
    11.046792950418684,
    13.578828380480955,
    4.150577237397897,
    "f"
  ],
  [
    11.048340985782856,
    13.60016051695543,
    4.150577952335993,
    "f"
  ],
  [
    11.049967344512085,
    13.62257195614139,
    4.150578654098467,
    "f"
  ],
  [
    11.051678292475573,
    13.646149042255747,
    4.150579337004331,
    "f"
  ],
  [
    11.053480095542527,
    13.670978119515421,
    4.150579996795614,
    "f"
  ],
  [
    11.055379019582153,
    13.697145532137332,
    4.150580630453646,
    "f"
  ],
  [
    11.057381330463652,
    13.724737624338399,
    4.150581236008122,
    "f"
  ],
  [
    11.059493294056224,
    13.753840740335534,
    4.150581812351334,
    "f"
  ],
  [
    11.061721176229087,
    13.784541224345663,
    4.150582359068153,
    "f"
  ],
  [
    11.064071242851433,
    13.816925420585703,
    4.1505828762844885,
    "f"
  ],
  [
    11.066549759792473,
    13.851079673272569,
    4.150583364538193,
    "f"
  ],
  [
    11.069162992921411,
    13.887090326623182,
    4.150583824669752,
    "f"
  ],
  [
    11.071917208107447,
    13.925043724854461,
    4.150584257733499,
    "f"
  ],
  [
    11.074818671219788,
    13.965026212183322,
    4.1505846649259865,
    "f"
  ],
  [
    11.077873648127639,
    14.007124132826686,
    4.150585047529262,
    "f"
  ],
  [
    11.081088404700203,
    14.051423831001467,
    4.150585406866526,
    "f"
  ],
  [
    11.084469206806691,
    14.09801165092459,
    4.150585744269904,
    "f"
  ],
  [
    11.088022320316298,
    14.14697393681297,
    4.1505860610549234,
    "f"
  ],
  [
    11.091754011098233,
    14.198397032883522,
    4.1505863585023235,
    "f"
  ],
  [
    11.095670545021704,
    14.252367283353173,
    4.150586637846459,
    "f"
  ],
  [
    11.09977818795591,
    14.308971032438834,
    4.150586900266148,
    "f"
  ],
  [
    11.104083205770056,
    14.368294624357425,
    4.150587146880298,
    "f"
  ],
  [
    11.10859186433335,
    14.430424403325867,
    4.150587378745172,
    "f"
  ],
  [
    11.113310429514993,
    14.495446713561076,
    4.150587596853427,
    "f"
  ],
  [
    11.118245167184188,
    14.56344789927997,
    4.150587802135192,
    "f"
  ],
  [
    11.123402343210145,
    14.63451430469947,
    4.150587995459432,
    "f"
  ],
  [
    11.128788223462069,
    14.708732274036493,
    4.15058817763645,
    "f"
  ],
  [
    11.13440907380916,
    14.786188151507961,
    4.150588349419991,
    "f"
  ],
  [
    11.14027116012062,
    14.866968281330784,
    4.150588511511273,
    "f"
  ],
  [
    11.146380748265658,
    14.951159007721886,
    4.150588664561042,
    "f"
  ],
  [
    11.15274410411348,
    15.038846674898188,
    4.150588809173371,
    "f"
  ],
  [
    11.159367493533288,
    15.130117627076602,
    4.150588945908453,
    "f"
  ],
  [
    11.166257182394284,
    15.22505820847405,
    4.150589075285609,
    "f"
  ],
  [
    11.173419436565677,
    15.323754763307454,
    4.1505891977864735,
    "f"
  ],
  [
    11.180860521916667,
    15.42629363579372,
    4.150589313857267,
    "f"
  ],
  [
    11.188586704316467,
    15.532761170149783,
    4.150589423912038,
    "f"
  ],
  [
    11.196604249634271,
    15.643243710592552,
    4.150589528334308,
    "f"
  ],
  [
    11.204919423739291,
    15.757827601338944,
    4.150589627480144,
    "f"
  ],
  [
    11.213538492500726,
    15.876599186605883,
    4.150589721679694,
    "f"
  ]
]