[
  [
    -0.0,
    -0.0,
    271.686,
    "r"
  ],
  [
    0.11766922520462136,
    -0.003463563940679204,
    271.686,
    "r"
  ],
  [
    0.2284522643907428,
    -0.006724434734182397,
    271.686,
    "r"
  ],
  [
    0.33249110077524063,
    -0.009786791620657542,
    271.686,
    "r"
  ],
  [
    0.42992771757499104,
    -0.01265481384025266,
    271.686,
    "r"
  ],
  [
    0.5209040980068707,
    -0.01533268063311563,
    271.686,
    "r"
  ],
  [
    0.6055622252877552,
    -0.017824571239394432,
    271.686,
    "r"
  ],
  [
    0.6840440826345215,
    -0.02013466489923707,
    271.686,
    "r"
  ],
  [
    0.7564916532640457,
    -0.02226714085279141,
    271.686,
    "r"
  ],
  [
    0.8230469203932036,
    -0.024226178340205518,
    271.686,
    "r"
  ],
  [
    0.8838518672388723,
    -0.026015956601627255,
    271.686,
    "r"
  ],
  [
    0.9390484770179275,
    -0.02764065487720463,
    271.686,
    "r"
  ],
  [
    0.9887787329472455,
    -0.0291044524070857,
    271.686,
    "r"
  ],
  [
    1.033184618243703,
    -0.030411528431418255,
    271.686,
    "r"
  ],
  [
    1.072408116124176,
    -0.03156606219035024,
    271.686,
    "r"
  ],
  [
    1.106591209805541,
    -0.03257223292402983,
    271.686,
    "r"
  ],
  [
    1.1358758825046735,
    -0.03343421987260464,
    271.686,
    "r"
  ],
  [
    1.1604041174384512,
    -0.03415620227622296,
    271.686,
    "r"
  ],
  [
    1.1803178978237485,
    -0.03474235937503273,
    271.686,
    "r"
  ],
  [
    1.195759206877444,
    -0.03519687040918168,
    271.686,
    "r"
  ],
  [
    1.2068700278164124,
    -0.035523914618817876,
    271.686,
    "r"
  ],
  [
    1.2137923438575298,
    -0.03572767124408943,
    271.686,
    "r"
  ],
  [
    1.2166681382176736,
    -0.03581231952514402,
    271.686,
    "r"
  ],
  [
    1.215639394113719,
    -0.03578203870212976,
    271.686,
    "r"
  ],
  [
    1.2108480947625437,
    -0.0356410080151946,
    271.686,
    "r"
  ],
  [
    1.2024362233810217,
    -0.035393406704486596,
    271.686,
    "r"
  ],
  [
    1.190545763186032,
    -0.035043414010153484,
    271.686,
    "r"
  ],
  [
    1.1753186973944492,
    -0.03459520917234332,
    271.686,
    "r"
  ],
  [
    1.1568970092231494,
    -0.03405297143120428,
    271.686,
    "r"
  ],
  [
    1.1354226818890099,
    -0.03342088002688387,
    271.686,
    "r"
  ],
  [
    1.1110376986089066,
    -0.032703114199530536,
    271.686,
    "r"
  ],
  [
    1.0838840425997152,
    -0.0319038531892919,
    271.686,
    "r"
  ],
  [
    1.0541036970783126,
    -0.03102727623631596,
    271.686,
    "r"
  ],
  [
    1.0218386452615758,
    -0.030077562580750894,
    271.686,
    "r"
  ],
  [
    0.9872308703663795,
    -0.02905889146274454,
    271.686,
    "r"
  ],
  [
    0.9504223556096009,
    -0.02797544212244457,
    271.686,
    "r"
  ],
  [
    0.9115550842081164,
    -0.026831393799999492,
    271.686,
    "r"
  ],
  [
    0.8707710393788017,
    -0.02563092573555681,
    271.686,
    "r"
  ],
  [
    0.8282122043385335,
    -0.024378217169264638,
    271.686,
    "r"
  ],
  [
    0.7840205623041876,
    -0.023077447341271096,
    271.686,
    "r"
  ],
  [
    0.7383380964926417,
    -0.021732795491723828,
    271.686,
    "r"
  ],
  [
    0.6913067901207706,
    -0.020348440860770978,
    271.686,
    "r"
  ],
  [
    0.6430686264054506,
    -0.01892856268856047,
    271.686,
    "r"
  ],
  [
    0.5937655885635589,
    -0.01747734021524025,
    271.686,
    "r"
  ],
  [
    0.5435396598119717,
    -0.01599895268095844,
    271.686,
    "r"
  ],
  [
    0.49253282336756415,
    -0.014497579325862708,
    271.686,
    "r"
  ],
  [
    0.44088706244721354,
    -0.01297739939010123,
    271.686,
    "r"
  ],
  [
    0.38874436026779596,
    -0.011442592113821926,
    271.686,
    "r"
  ],
  [
    0.33624670004618806,
    -0.009897336737172677,
    271.686,
    "r"
  ],
  [
    0.28353606499926526,
    -0.008345812500301475,
    271.686,
    "r"
  ],
  [
    0.2307544383439047,
    -0.00679219864335634,
    271.686,
    "r"
  ],
  [
    0.17804380329698172,
    -0.005240674406485207,
    271.686,
    "r"
  ],
  [
    0.12554614307537346,
    -0.0036954190298359793,
    271.686,
    "r"
  ],
  [
    0.07340344089595631,
    -0.002160611753556616,
    271.686,
    "r"
  ],
  [
    0.0217576799756055,
    -0.0006404318177951358,
    271.686,
    "r"
  ],
  [
    -0.029249156468801222,
    0.0008609415373005327,
    271.686,
    "r"
  ],
  [
    -0.07947508522038968,
    0.002339329071582394,
    271.686,
    "r"
  ],
  [
    -0.12877812306228073,
    0.0037905515449025776,
    271.686,
    "r"
  ],
  [
    -0.17701628677760003,
    0.005210429717113101,
    271.686,
    "r"
  ],
  [
    -0.22404759314947206,
    0.006594784348065957,
    271.686,
    "r"
  ],
  [
    -0.2697300589610178,
    0.007939436197613128,
    271.686,
    "r"
  ],
  [
    -0.3139217009953637,
    0.009240206025606781,
    271.686,
    "r"
  ],
  [
    -0.3564805360356315,
    0.010492914591898966,
    271.686,
    "r"
  ],
  [
    -0.39726458086494665,
    0.011693382656341539,
    271.686,
    "r"
  ],
  [
    -0.43613185226643103,
    0.01283743097878684,
    271.686,
    "r"
  ],
  [
    -0.4729403670232093,
    0.013920880319086615,
    271.686,
    "r"
  ],
  [
    -0.5075481419184057,
    0.01493955143709308,
    271.686,
    "r"
  ],
  [
    -0.5398131937351427,
    0.015889265092658172,
    271.686,
    "r"
  ],
  [
    -0.5695935392565455,
    0.016765842045634027,
    271.686,
    "r"
  ],
  [
    -0.5967471952657363,
    0.017565103055872666,
    271.686,
    "r"
  ],
  [
    -0.6211321785458397,
    0.018282868883226167,
    271.686,
    "r"
  ],
  [
    -0.6426065058799794,
    0.018914960287546273,
    271.686,
    "r"
  ],
  [
    -0.6610281940512786,
    0.019457198028685563,
    271.686,
    "r"
  ],
  [
    -0.6762552598428617,
    0.01990540286649556,
    271.686,
    "r"
  ],
  [
    -0.688145720037852,
    0.020255395560828643,
    271.686,
    "r"
  ],
  [
    -0.6965575914193731,
    0.02050299687153681,
    271.686,
    "r"
  ],
  [
    -0.7013488907705491,
    0.020644027558471834,
    271.686,
    "r"
  ],
  [
    -0.702377634874503,
    0.02067430838148615,
    271.686,
    "r"
  ],
  [
    -0.6995018405143594,
    0.020589660100431506,
    271.686,
    "r"
  ],
  [
    -0.6925795244732418,
    0.02038590347516006,
    271.686,
    "r"
  ],
  [
    -0.6814687035342734,
    0.02005885926552381,
    271.686,
    "r"
  ],
  [
    -0.6660273944805786,
    0.019604348231374746,
    271.686,
    "r"
  ],
  [
    -0.6461136140952805,
    0.0190181911325652,
    271.686,
    "r"
  ],
  [
    -0.6215853791615032,
    0.018296208728946828,
    271.686,
    "r"
  ],
  [
    -0.5923007064623704,
    0.017434221780371906,
    271.686,
    "r"
  ],
  [
    -0.5581176127810054,
    0.016428051046692427,
    271.686,
    "r"
  ],
  [
    -0.5188941149005326,
    0.015273517287760358,
    271.686,
    "r"
  ],
  [
    -0.47448822960407483,
    0.013966441263427803,
    271.686,
    "r"
  ],
  [
    -0.42475797367475665,
    0.012502643733546842,
    271.686,
    "r"
  ],
  [
    -0.36956136389570116,
    0.010877945457969385,
    271.686,
    "r"
  ],
  [
    -0.3087564170500328,
    0.009088167196547647,
    271.686,
    "r"
  ],
  [
    -0.2422011499208749,
    0.0071291297091335415,
    271.686,
    "r"
  ],
  [
    -0.16975357929135046,
    0.004996653755579165,
    271.686,
    "r"
  ],
  [
    -0.09127172194458448,
    0.0026865600957365517,
    271.686,
    "r"
  ],
  [
    -0.006613594663699197,
    0.0001946694894577037,
    271.686,
    "r"
  ],
  [
    0.08436278576817982,
    -0.0024831973034052587,
    271.686,
    "r"
  ],
  [
    0.18179940256792992,
    -0.005351219523000328,
    271.686,
    "r"
  ],
  [
    0.2858382389524285,
    -0.008413576409475487,
    271.686,
    "r"
  ],
  [
    0.39662127813854947,
    -0.011674447202978694,
    271.686,
    "r"
  ],
  [
    0.5142905033431703,
    -0.01513801114365787,
    271.686,
    "r"
  ],
  [
    0.5142905033431703,
    -0.01513801114365787,
    271.686,
    "r"
  ],
  [
    0.635499719569279,
    -0.01835196383009166,
    271.351055386733,
    "r"
  ],
  [
    0.7567926393850127,
    -0.020853869543669135,
    271.0115371317693,
    "r"
  ],
  [
    0.8781461073549732,
    -0.022632710548754154,
    270.66727938824295,
    "r"
  ],
  [
    0.9995369680437619,
    -0.02367746910971047,
    270.31811316526677,
    "r"
  ],
  [
    1.1209420660159806,
    -0.023977127490901973,
    269.9638661663623,
    "r"
  ],
  [
    1.242338245836231,
    -0.02352066795669233,
    269.60436262961804,
    "r"
  ],
  [
    1.3637023520691147,
    -0.022297072771445492,
    269.2394231697327,
    "r"
  ],
  [
    1.4850112292792337,
    -0.020295324199525067,
    268.86886462216376,
    "r"
  ],
  [
    1.6062417220311889,
    -0.017504404505294946,
    268.49249988966807,
    "r"
  ],
  [
    1.7273706748895823,
    -0.013913295953119298,
    268.1101377915919,
    "r"
  ],
  [
    1.8483749324190157,
    -0.009510980807361347,
    267.7215829163476,
    "r"
  ],
  [
    1.9692313391840908,
    -0.004286441332385094,
    267.3266354775957,
    "r"
  ],
  [
    2.08991673974941,
    0.0017713402074455153,
    266.92509117474367,
    "r"
  ],
  [
    2.210407978679573,
    0.00867338154776709,
    266.5167410584705,
    "r"
  ],
  [
    2.330681900539184,
    0.01643070042421524,
    266.10137140209173,
    "r"
  ],
  [
    2.4507153498928407,
    0.02505431457242646,
    265.6787635796989,
    "r"
  ],
  [
    2.5704851713051493,
    0.034555241728037145,
    265.2486939521289,
    "r"
  ],
  [
    2.6899682093407082,
    0.04494449962668312,
    264.8109337619586,
    "r"
  ],
  [
    2.809141308564122,
    0.05623310600400089,
    264.3652490388655,
    "r"
  ],
  [
    2.9279813135399904,
    0.0684320785956265,
    263.91140051685625,
    "r"
  ],
  [
    3.0464650688329136,
    0.08155243513719601,
    263.4491435650358,
    "r"
  ],
  [
    3.164569419007497,
    0.09560519336434592,
    262.9782281337773,
    "r"
  ],
  [
    3.2822712086283388,
    0.11060137101271239,
    262.49839871835115,
    "r"
  ],
  [
    3.399547282260042,
    0.12655198581793137,
    262.00939434228593,
    "r"
  ],
  [
    3.516374484467209,
    0.14346805551563935,
    261.51094856296226,
    "r"
  ],
  [
    3.6327296598144416,
    0.16136059784147205,
    261.0027895021847,
    "r"
  ],
  [
    3.7485896528663405,
    0.18024063053106643,
    260.4846399047334,
    "r"
  ],
  [
    3.8639313081875066,
    0.2001191713200583,
    259.9562172281695,
    "r"
  ],
  [
    3.978731470342542,
    0.22100723794408328,
    259.41723376745506,
    "r"
  ],
  [
    4.0929669838960505,
    0.24291584813877853,
    258.86739681824344,
    "r"
  ],
  [
    4.206614693412631,
    0.2658560196397799,
    258.3064088830066,
    "r"
  ],
  [
    4.319651443456887,
    0.2898387701827232,
    257.7339679244792,
    "r"
  ],
  [
    4.43205407859342,
    0.3148751175032456,
    257.1497676712232,
    "r"
  ],
  [
    4.54379944338683,
    0.3409760793369818,
    256.55349798043574,
    "r"
  ],
  [
    4.654864382401719,
    0.3681526734195697,
    255.9448452634436,
    "r"
  ],
  [
    4.76522574020269,
    0.3964159174866435,
    255.3234929796327,
    "r"
  ],
  [
    4.874860361354345,
    0.42577682927384153,
    254.68912220485367,
    "r"
  ],
  [
    4.9837450904212846,
    0.4562464265167989,
    254.04141228060655,
    "r"
  ],
  [
    5.091856771968107,
    0.4878357269511513,
    253.3800415505358,
    "r"
  ],
  [
    5.199172250559422,
    0.5205557483125363,
    252.70468819094413,
    "r"
  ],
  [
    5.305668370759827,
    0.5544175083365894,
    252.01503114214836,
    "r"
  ],
  [
    5.41132197713392,
    0.5894320247589464,
    251.31075114753617,
    "r"
  ],
  [
    5.516109914246307,
    0.6256103153152437,
    250.5915319071214,
    "r"
  ],
  [
    5.620009026661591,
    0.6629633977411178,
    249.85706135221403,
    "r"
  ],
  [
    5.722996158944369,
    0.7015022897722045,
    249.1070330475044,
    "r"
  ],
  [
    5.825048155659246,
    0.7412380091441408,
    248.34114772637452,
    "r"
  ],
  [
    5.926141861370822,
    0.7821815735925624,
    247.55911496457793,
    "r"
  ],
  [
    6.0262541206437,
    0.8243440008531049,
    246.76065499653805,
    "r"
  ],
  [
    6.12536177804248,
    0.8677363086614052,
    245.94550067738123,
    "r"
  ],
  [
    6.223441678131765,
    0.9123695147530992,
    245.11339959240968,
    "r"
  ],
  [
    6.320470665476158,
    0.9582546368638241,
    244.26411631401925,
    "r"
  ],
  [
    6.4164255846402565,
    1.0054026927292141,
    243.39743480403376,
    "r"
  ],
  [
    6.511283280188665,
    1.0538247000849073,
    242.51316095706056,
    "r"
  ],
  [
    6.605020596685984,
    1.1035316766665384,
    241.61112527774208,
    "r"
  ],
  [
    6.6976143786968185,
    1.1545346402097447,
    240.6911856816912,
    "r"
  ],
  [
    6.789041470785767,
    1.206844608450163,
    239.75323040644594,
    "r"
  ],
  [
    6.87927871751743,
    1.2604725991234271,
    238.79718101498952,
    "r"
  ],
  [
    6.968302963456412,
    1.315429629965175,
    237.82299547027787,
    "r"
  ],
  [
    7.0560910531673136,
    1.371726718711043,
    236.830671254854,
    "r"
  ],
  [
    7.142619831214735,
    1.4293748830966664,
    235.82024850506843,
    "r"
  ],
  [
    7.227866142163282,
    1.4883851408576825,
    234.79181312477112,
    "r"
  ],
  [
    7.311806830577551,
    1.5487685097297264,
    233.74549983869497,
    "r"
  ],
  [
    7.394418741022148,
    1.6105360074484345,
    232.68149514125776,
    "r"
  ],
  [
    7.475678718061671,
    1.6736986517494432,
    231.60004009233512,
    "r"
  ],
  [
    7.5555636062607245,
    1.7382674603683888,
    230.50143290786832,
    "r"
  ],
  [
    7.634050250183909,
    1.8042534510409083,
    229.3860312901811,
    "r"
  ],
  [
    7.711115494395827,
    1.8716676415026359,
    228.2542544407952,
    "r"
  ],
  [
    7.786736183461079,
    1.9405210494892093,
    227.10658469754776,
    "r"
  ],
  [
    7.860889161944266,
    2.0108246927362647,
    225.94356873816514,
    "r"
  ],
  [
    7.933551274409993,
    2.0825895889794377,
    224.76581829428346,
    "r"
  ],
  [
    8.004699365422859,
    2.1558267559543647,
    223.57401032341272,
    "r"
  ],
  [
    8.074310279547463,
    2.230547211396681,
    222.36888659160923,
    "r"
  ],
  [
    8.142360861348413,
    2.3067619730420255,
    221.15125262670688,
    "r"
  ],
  [
    8.208827955390305,
    2.384482058626031,
    219.92197601085718,
    "r"
  ],
  [
    8.273688406237747,
    2.463718485884337,
    218.6819839917123,
    "r"
  ],
  [
    8.336919058455335,
    2.5444822725525773,
    217.43226040371337,
    "r"
  ],
  [
    8.39849675660767,
    2.626784436366388,
    216.17384190431312,
    "r"
  ],
  [
    8.458398345259358,
    2.710635995061407,
    214.9078135442328,
    "r"
  ],
  [
    8.516600668974998,
    2.7960479663732687,
    213.63530370560147,
    "r"
  ],
  [
    8.573080572319196,
    2.8830313680376123,
    212.35747845655396,
    "r"
  ],
  [
    8.627814899856546,
    2.971597217790069,
    211.07553538507,
    "r"
  ],
  [
    8.680780496151653,
    3.0617565333662804,
    209.79069698796502,
    "r"
  ],
  [
    8.731954205769123,
    3.1535203325018792,
    208.50420370249276,
    "r"
  ],
  [
    8.781312873273551,
    3.246899632932502,
    207.2173066775092,
    "r"
  ],
  [
    8.828833343229544,
    3.3419054523937874,
    205.9312603881766,
    "r"
  ],
  [
    8.874492460201697,
    3.4385488086213676,
    204.64731520245812,
    "r"
  ],
  [
    8.918267068754622,
    3.536840719350883,
    203.36671000897763,
    "r"
  ],
  [
    8.96013401345291,
    3.6367922023179666,
    202.09066501413622,
    "r"
  ],
  [
    9.000070138861169,
    3.7384142752582568,
    200.82037481176644,
    "r"
  ],
  [
    9.038052289543998,
    3.841717955907388,
    199.55700182126225,
    "r"
  ],
  [
    9.074057310066001,
    3.946714262000997,
    198.3016701803656,
    "r"
  ],
  [
    9.10806204499178,
    4.053414211274721,
    197.05546016702465,
    "r"
  ],
  [
    9.140043338885928,
    4.161828821464194,
    195.81940321145794,
    "r"
  ],
  [
    9.16997803631306,
    4.271969110305055,
    194.59447754525797,
    "r"
  ],
  [
    9.19784298183777,
    4.383846095532939,
    193.38160451961335,
    "r"
  ],
  [
    9.223615020024662,
    4.497470794883481,
    192.1816456100123,
    "r"
  ],
  [
    9.247270995438331,
    4.612854226092319,
    190.99540011060526,
    "r"
  ],
  [
    9.268787752643389,
    4.730007406895088,
    189.8236035081709,
    "r"
  ],
  [
    9.288142136204433,
    4.848941355027424,
    188.6669265136718,
    "r"
  ],
  [
    9.288142136204433,
    4.848941355027424,
    188.6669265136718,
    "r"
  ],
  [
    9.306086914293369,
    4.966665450901904,
    188.66692678286904,
    "r"
  ],
  [
    9.323398988992835,
    5.080238784919806,
    188.66692706620142,
    "r"
  ],
  [
    9.340091405733551,
    5.189746939799823,
    188.66692736461232,
    "r"
  ],
  [
    9.356177209946221,
    5.295275498260648,
    188.66692767911923,
    "r"
  ],
  [
    9.371669447061556,
    5.396910043020972,
    188.66692801081876,
    "r"
  ],
  [
    9.386581162510273,
    5.494736156799489,
    188.6669283608935,
    "r"
  ],
  [
    9.400925401723072,
    5.588839422314887,
    188.6669287306189,
    "r"
  ],
  [
    9.414715210130675,
    5.679305422285864,
    188.66692912137114,
    "r"
  ],
  [
    9.427963633163781,
    5.766219739431108,
    188.66692953463462,
    "r"
  ],
  [
    9.440683716253115,
    5.849667956469316,
    188.66692997200994,
    "r"
  ],
  [
    9.452888504829371,
    5.929735656119174,
    188.66693043522355,
    "r"
  ],
  [
    9.464591044323273,
    6.00650842109938,
    188.66693092613536,
    "r"
  ],
  [
    9.475804380165528,
    6.080071834128624,
    188.66693144674832,
    "r"
  ],
  [
    9.486541557786843,
    6.150511477925598,
    188.66693199921747,
    "r"
  ],
  [
    9.496815622617932,
    6.217912935208995,
    188.66693258585792,
    "r"
  ],
  [
    9.506639620089498,
    6.282361788697505,
    188.66693320915306,
    "r"
  ],
  [
    9.516026595632267,
    6.343943621109825,
    188.66693387176088,
    "r"
  ],
  [
    9.524989594676935,
    6.402744015164642,
    188.66693457651832,
    "r"
  ],
  [
    9.533541662654224,
    6.458848553580655,
    188.666935326444,
    "r"
  ],
  [
    9.541695844994836,
    6.512342819076549,
    188.66693612473478,
    "r"
  ],
  [
    9.549465187129481,
    6.563312394371019,
    188.66693697476012,
    "r"
  ],
  [
    9.55686273448888,
    6.611842862182762,
    188.66693788004682,
    "r"
  ],
  [
    9.56390153250373,
    6.658019805230461,
    188.6669388442558,
    "r"
  ],
  [
    9.570594626604755,
    6.701928806232818,
    188.66693987114604,
    "r"
  ],
  [
    9.576955062222654,
    6.743655447908518,
    188.66694096452352,
    "r"
  ],
  [
    9.582995884788147,
    6.783285312976259,
    188.66694212817106,
    "r"
  ],
  [
    9.58873013973194,
    6.820903984154729,
    188.66694336575165,
    "r"
  ],
  [
    9.59417087248474,
    6.856597044162621,
    188.666944680685,
    "r"
  ],
  [
    9.599331128477264,
    6.890450075718628,
    188.66694607598367,
    "r"
  ],
  [
    9.60422395314022,
    6.922548661541445,
    188.66694755405,
    "r"
  ],
  [
    9.608862391904317,
    6.952978384349757,
    188.66694911642048,
    "r"
  ],
  [
    9.613259490200269,
    6.981824826862265,
    188.6669507634556,
    "r"
  ],
  [
    9.617428293458788,
    7.009173571797659,
    188.66695249396855,
    "r"
  ],
  [
    9.621381847110582,
    7.0351102018746285,
    188.66695430479422,
    "r"
  ],
  [
    9.625133196586358,
    7.059720299811863,
    188.66695619030156,
    "r"
  ],
  [
    9.628695387316828,
    7.083089448328062,
    188.66695814186437,
    "r"
  ],
  [
    9.632081464732709,
    7.1053032301419154,
    188.66696014731394,
    "r"
  ],
  [
    9.635304474264704,
    7.126447227972113,
    188.66696219041614,
    "r"
  ],
  [
    9.638377461343527,
    7.146607024537348,
    188.66696425042835,
    "r"
  ],
  [
    9.641313471399892,
    7.165868202556318,
    188.6669663018124,
    "r"
  ],
  [
    9.644125549864507,
    7.1843163447477085,
    188.6669683141953,
    "r"
  ],
  [
    9.646826742168072,
    7.202037033830212,
    188.66697025267467,
    "r"
  ],
  [
    9.649430093741318,
    7.219115852522527,
    188.66697207855873,
    "r"
  ],
  [
    9.651948650014944,
    7.235638383543343,
    188.6669737506038,
    "r"
  ],
  [
    9.654395456419657,
    7.251690209611347,
    188.66697522675997,
    "r"
  ],
  [
    9.656783558386172,
    7.267356913445235,
    188.66697646635885,
    "r"
  ],
  [
    9.659126001345202,
    7.282724077763703,
    188.66697743258987,
    "r"
  ],
  [
    9.661435830727452,
    7.297877285285439,
    188.66697809502875,
    "r"
  ],
  [
    9.663726091963639,
    7.312902118729136,
    188.66697843192173,
    "r"
  ],
  [
    9.666009830484471,
    7.32788416081349,
    188.66697843192173,
    "r"
  ],
  [
    9.66830009172066,
    7.342908994257188,
    188.66697809502898,
    "r"
  ],
  [
    9.670609921102912,
    7.358062201778923,
    188.66697743258965,
    "r"
  ],
  [
    9.672952364061944,
    7.37342936609739,
    188.66697646635862,
    "r"
  ],
  [
    9.675340466028455,
    7.389096069931279,
    188.66697522675997,
    "r"
  ],
  [
    9.677787272433173,
    7.405147895999287,
    188.6669737506038,
    "r"
  ],
  [
    9.680305828706796,
    7.421670427020099,
    188.66697207855873,
    "r"
  ],
  [
    9.682909180280038,
    7.438749245712414,
    188.66697025267467,
    "r"
  ],
  [
    9.685610372583612,
    7.456469934794919,
    188.6669683141953,
    "r"
  ],
  [
    9.688422451048222,
    7.4749180769863095,
    188.6669663018124,
    "r"
  ],
  [
    9.691358461104585,
    7.494179255005276,
    188.66696425042846,
    "r"
  ],
  [
    9.69443144818341,
    7.514339051570515,
    188.66696219041614,
    "r"
  ],
  [
    9.697654457715405,
    7.535483049400712,
    188.66696014731383,
    "r"
  ],
  [
    9.701040535131284,
    7.557696831214566,
    188.66695814186414,
    "r"
  ],
  [
    9.704602725861758,
    7.581065979730764,
    188.66695619030156,
    "r"
  ],
  [
    9.708354075337533,
    7.605676077668001,
    188.66695430479422,
    "r"
  ],
  [
    9.712307628989326,
    7.63161270774497,
    188.66695249396855,
    "r"
  ],
  [
    9.716476432247841,
    7.65896145268036,
    188.6669507634557,
    "r"
  ],
  [
    9.720873530543793,
    7.687807895192868,
    188.66694911642048,
    "r"
  ],
  [
    9.725511969307895,
    7.718237618001183,
    188.66694755405,
    "r"
  ],
  [
    9.730404793970852,
    7.7503362038239985,
    188.66694607598356,
    "r"
  ],
  [
    9.735565049963377,
    7.7841892353800075,
    188.666944680685,
    "r"
  ],
  [
    9.741005782716176,
    7.819882295387899,
    188.66694336575176,
    "r"
  ],
  [
    9.746740037659967,
    7.857500966566369,
    188.66694212817106,
    "r"
  ],
  [
    9.752780860225457,
    7.897130831634108,
    188.66694096452363,
    "r"
  ],
  [
    9.75914129584336,
    7.93885747330981,
    188.66693987114604,
    "r"
  ],
  [
    9.76583438994438,
    7.9827664743121645,
    188.6669388442558,
    "r"
  ],
  [
    9.772873187959236,
    8.028943417359866,
    188.66693788004682,
    "r"
  ],
  [
    9.780270735318629,
    8.077473885171607,
    188.66693697476012,
    "r"
  ],
  [
    9.78804007745328,
    8.128443460466078,
    188.66693612473478,
    "r"
  ],
  [
    9.796194259793893,
    8.181937725961973,
    188.666935326444,
    "r"
  ],
  [
    9.804746327771175,
    8.238042264377983,
    188.66693457651843,
    "r"
  ],
  [
    9.813709326815847,
    8.296842658432803,
    188.66693387176088,
    "r"
  ],
  [
    9.823096302358612,
    8.35842449084512,
    188.66693320915306,
    "r"
  ],
  [
    9.832920299830185,
    8.422873344333633,
    188.66693258585792,
    "r"
  ],
  [
    9.843194364661272,
    8.49027480161703,
    188.66693199921747,
    "r"
  ],
  [
    9.853931542282586,
    8.560714445414003,
    188.66693144674832,
    "r"
  ],
  [
    9.865144878124841,
    8.634277858443248,
    188.66693092613536,
    "r"
  ],
  [
    9.876847417618743,
    8.711050623423453,
    188.66693043522355,
    "r"
  ],
  [
    9.889052206195002,
    8.791118323073313,
    188.66692997200994,
    "r"
  ],
  [
    9.901772289284331,
    8.87456654011152,
    188.66692953463462,
    "r"
  ],
  [
    9.91502071231744,
    8.961480857256763,
    188.66692912137114,
    "r"
  ],
  [
    9.92881052072504,
    9.05194685722774,
    188.66692873061902,
    "r"
  ],
  [
    9.943154759937842,
    9.14605012274314,
    188.6669283608935,
    "r"
  ],
  [
    9.958066475386556,
    9.243876236521658,
    188.66692801081876,
    "r"
  ],
  [
    9.973558712501893,
    9.34551078128198,
    188.66692767911934,
    "r"
  ],
  [
    9.989644516714565,
    9.451039339742803,
    188.66692736461232,
    "r"
  ],
  [
    10.006336933455277,
    9.56054749462282,
    188.6669270662013,
    "r"
  ],
  [
    10.023649008154749,
    9.674120828640724,
    188.66692678286904,
    "r"
  ],
  [
    10.04159378624368,
    9.791844924515203,
    188.6669265136718,
    "r"
  ],
  [
    10.04159378624368,
    9.791844924515203,
    188.6669265136718,
    "r"
  ],
  [
    10.059538564308852,
    9.909569020458164,
    188.6669267498562,
    "r"
  ],
  [
    10.076850638937668,
    10.02314235467965,
    188.66692699844202,
    "r"
  ],
  [
    10.093543055561813,
    10.132650509895566,
    188.66692726025758,
    "r"
  ],
  [
    10.109628859612963,
    10.238179068821822,
    188.6669275361951,
    "r"
  ],
  [
    10.125121096522793,
    10.339813614174322,
    188.6669278272168,
    "r"
  ],
  [
    10.140032811722985,
    10.43763972866898,
    188.6669281343602,
    "r"
  ],
  [
    10.15437705064521,
    10.531742995021691,
    188.66692845874456,
    "r"
  ],
  [
    10.16816685872115,
    10.62220899594837,
    188.666928801577,
    "r"
  ],
  [
    10.181415281382481,
    10.70912331416492,
    188.66692916416002,
    "r"
  ],
  [
    10.194135364060882,
    10.792571532387251,
    188.66692954789812,
    "r"
  ],
  [
    10.206340152188023,
    10.872639233331263,
    188.66692995430572,
    "r"
  ],
  [
    10.21804269119559,
    10.949411999712872,
    188.66693038501467,
    "r"
  ],
  [
    10.229256026515262,
    11.02297541424798,
    188.66693084178246,
    "r"
  ],
  [
    10.239993203578704,
    11.093415059652493,
    188.6669313264997,
    "r"
  ],
  [
    10.250267267817604,
    11.160816518642319,
    188.66693184119777,
    "r"
  ],
  [
    10.260091264663636,
    11.22526537393336,
    188.66693238805533,
    "r"
  ],
  [
    10.269478239548476,
    11.286847208241532,
    188.66693296940457,
    "r"
  ],
  [
    10.278441237903804,
    11.345647604282735,
    188.66693358773432,
    "r"
  ],
  [
    10.286993305161298,
    11.401752144772875,
    188.66693424569303,
    "r"
  ],
  [
    10.295147486752635,
    11.455246412427869,
    188.6669349460857,
    "r"
  ],
  [
    10.302916828109485,
    11.506215989963604,
    188.6669356918685,
    "r"
  ],
  [
    10.310314374663536,
    11.554746460096005,
    188.66693648613568,
    "r"
  ],
  [
    10.317353171846454,
    11.600923405540968,
    188.66693733209922,
    "r"
  ],
  [
    10.32404626508993,
    11.644832409014409,
    188.66693823305707,
    "r"
  ],
  [
    10.330406699825627,
    11.686559053232223,
    188.66693919234865,
    "r"
  ],
  [
    10.336447521485239,
    11.726188920910332,
    188.6669402132925,
    "r"
  ],
  [
    10.342181775500428,
    11.763807594764629,
    188.66694129910297,
    "r"
  ],
  [
    10.347622507302876,
    11.799500657511024,
    188.66694245277972,
    "r"
  ],
  [
    10.352782762324262,
    11.833353691865424,
    188.6669436769664,
    "r"
  ],
  [
    10.357675585996265,
    11.865452280543742,
    188.66694497377034,
    "r"
  ],
  [
    10.362314023750557,
    11.895882006261875,
    188.66694634454007,
    "r"
  ],
  [
    10.36671112101882,
    11.924728451735731,
    188.6669477895914,
    "r"
  ],
  [
    10.370879923232732,
    11.952077199681229,
    188.66694930788321,
    "r"
  ],
  [
    10.374833475823968,
    11.978013832814263,
    188.6669508966387,
    "r"
  ],
  [
    10.3785848242242,
    12.00262393385074,
    188.66695255091736,
    "r"
  ],
  [
    10.382147013865115,
    12.025993085506574,
    188.6669542631505,
    "r"
  ],
  [
    10.385533090178386,
    12.048206870497667,
    188.66695602266213,
    "r"
  ],
  [
    10.38875609859569,
    12.069350871539925,
    188.6669578152089,
    "r"
  ],
  [
    10.391829084548702,
    12.089510671349252,
    188.666959622592,
    "r"
  ],
  [
    10.394765093469106,
    12.108771852641567,
    188.6669614224046,
    "r"
  ],
  [
    10.397577170788576,
    12.127219998132766,
    188.66696318799927,
    "r"
  ],
  [
    10.400278361938781,
    12.144940690538753,
    188.66696488875345,
    "r"
  ],
  [
    10.402881712351416,
    12.162019512575446,
    188.66696649072037,
    "r"
  ],
  [
    10.405400267458145,
    12.178542046958746,
    188.6669679577143,
    "r"
  ],
  [
    10.407847072690647,
    12.194593876404554,
    188.66696925284225,
    "r"
  ],
  [
    10.4102351734806,
    12.21026058362878,
    188.66697034042295,
    "r"
  ],
  [
    10.412577615259686,
    12.22562775134734,
    188.66697118816023,
    "r"
  ],
  [
    10.414887443459577,
    12.24078096227613,
    188.666971769361,
    "r"
  ],
  [
    10.417177703511951,
    12.255805799131059,
    188.66697206493905,
    "r"
  ],
  [
    10.419461440848488,
    12.270787844628037,
    188.66697206493927,
    "r"
  ],
  [
    10.421751700900863,
    12.28581268148297,
    188.666971769361,
    "r"
  ],
  [
    10.424061529100754,
    12.300965892411757,
    188.66697118816023,
    "r"
  ],
  [
    10.426403970879836,
    12.316333060130315,
    188.66697034042272,
    "r"
  ],
  [
    10.42879207166979,
    12.331999767354542,
    188.66696925284225,
    "r"
  ],
  [
    10.431238876902295,
    12.348051596800353,
    188.6669679577144,
    "r"
  ],
  [
    10.433757432009024,
    12.364574131183652,
    188.66696649072037,
    "r"
  ],
  [
    10.436360782421653,
    12.381652953220343,
    188.66696488875345,
    "r"
  ],
  [
    10.439061973571864,
    12.399373645626333,
    188.66696318799927,
    "r"
  ],
  [
    10.441874050891332,
    12.417821791117532,
    188.6669614224047,
    "r"
  ],
  [
    10.444810059811733,
    12.437082972409844,
    188.66695962259178,
    "r"
  ],
  [
    10.447883045764748,
    12.457242772219173,
    188.66695781520912,
    "r"
  ],
  [
    10.451106054182052,
    12.478386773261432,
    188.66695602266213,
    "r"
  ],
  [
    10.454492130495323,
    12.500600558252525,
    188.6669542631505,
    "r"
  ],
  [
    10.458054320136238,
    12.523969709908355,
    188.66695255091724,
    "r"
  ],
  [
    10.461805668536474,
    12.548579810944837,
    188.6669508966388,
    "r"
  ],
  [
    10.465759221127707,
    12.574516444077869,
    188.66694930788321,
    "r"
  ],
  [
    10.469928023341614,
    12.60186519202336,
    188.6669477895914,
    "r"
  ],
  [
    10.474325120609878,
    12.630711637497223,
    188.66694634454007,
    "r"
  ],
  [
    10.478963558364173,
    12.661141363215357,
    188.66694497377046,
    "r"
  ],
  [
    10.483856382036175,
    12.693239951893672,
    188.6669436769664,
    "r"
  ],
  [
    10.489016637057563,
    12.727092986248078,
    188.66694245277972,
    "r"
  ],
  [
    10.494457368860012,
    12.762786048994471,
    188.66694129910297,
    "r"
  ],
  [
    10.5001916228752,
    12.800404722848768,
    188.6669402132925,
    "r"
  ],
  [
    10.506232444534808,
    12.840034590526871,
    188.66693919234876,
    "r"
  ],
  [
    10.512592879270512,
    12.88176123474469,
    188.66693823305718,
    "r"
  ],
  [
    10.519285972513982,
    12.925670238218128,
    188.66693733209922,
    "r"
  ],
  [
    10.526324769696904,
    12.971847183663094,
    188.6669364861359,
    "r"
  ],
  [
    10.533722316250953,
    13.020377653795492,
    188.6669356918685,
    "r"
  ],
  [
    10.541491657607807,
    13.071347231331234,
    188.6669349460857,
    "r"
  ],
  [
    10.549645839199142,
    13.124841498986223,
    188.66693424569303,
    "r"
  ],
  [
    10.558197906456632,
    13.180946039476364,
    188.66693358773432,
    "r"
  ],
  [
    10.56716090481196,
    13.239746435517565,
    188.66693296940457,
    "r"
  ],
  [
    10.576547879696802,
    13.301328269825735,
    188.66693238805533,
    "r"
  ],
  [
    10.586371876542835,
    13.365777125116782,
    188.66693184119777,
    "r"
  ],
  [
    10.596645940781736,
    13.433178584106606,
    188.6669313264997,
    "r"
  ],
  [
    10.60738311784518,
    13.503618229511119,
    188.66693084178246,
    "r"
  ],
  [
    10.618596453164848,
    13.577181644046224,
    188.66693038501467,
    "r"
  ],
  [
    10.630298992172415,
    13.653954410427833,
    188.66692995430572,
    "r"
  ],
  [
    10.64250378029956,
    13.73402211137185,
    188.66692954789812,
    "r"
  ],
  [
    10.655223862977957,
    13.817470329594181,
    188.66692916416002,
    "r"
  ],
  [
    10.66847228563929,
    13.904384647810732,
    188.666928801577,
    "r"
  ],
  [
    10.682262093715227,
    13.99485064873741,
    188.66692845874445,
    "r"
  ],
  [
    10.696606332637455,
    14.08895391509012,
    188.6669281343602,
    "r"
  ],
  [
    10.711518047837643,
    14.186780029584776,
    188.6669278272168,
    "r"
  ],
  [
    10.727010284747474,
    14.288414574937278,
    188.6669275361952,
    "r"
  ],
  [
    10.743096088798625,
    14.393943133863532,
    188.66692726025758,
    "r"
  ],
  [
    10.759788505422769,
    14.50345128907945,
    188.66692699844202,
    "r"
  ],
  [
    10.777100580051588,
    14.617024623300935,
    188.6669267498562,
    "r"
  ],
  [
    10.795045358116758,
    14.734748719243894,
    188.6669265136718,
    "r"
  ]
]