[
  [
    0.0,
    0.0,
    82.86,
    "f"
  ],
  [
    0.11768059243097675,
    0.014741331065544476,
    82.86,
    "f"
  ],
  [
    0.23024830896662613,
    0.028842194618875577,
    82.86,
    "f"
  ],
  [
    0.33780856972850126,
    0.04231579617570905,
    82.86,
    "f"
  ],
  [
    0.44046679483815543,
    0.05517534125176063,
    82.86,
    "f"
  ],
  [
    0.5383284044171417,
    0.06743403536274611,
    82.86,
    "f"
  ],
  [
    0.6314988185870132,
    0.07910508402438121,
    82.86,
    "f"
  ],
  [
    0.720083457469323,
    0.09020169275238149,
    82.86,
    "f"
  ],
  [
    0.8041877411856244,
    0.10073706706246299,
    82.86,
    "f"
  ],
  [
    0.8839170898574701,
    0.11072441247034126,
    82.86,
    "f"
  ],
  [
    0.959376923606414,
    0.12017693449173211,
    82.86,
    "f"
  ],
  [
    1.0306726625540086,
    0.1291078386423512,
    82.86,
    "f"
  ],
  [
    1.097909726821807,
    0.13753033043791435,
    82.86,
    "f"
  ],
  [
    1.1611935365313633,
    0.14545761539413715,
    82.86,
    "f"
  ],
  [
    1.2206295118042294,
    0.1529028990267357,
    82.86,
    "f"
  ],
  [
    1.2763230727619594,
    0.15987938685142533,
    82.86,
    "f"
  ],
  [
    1.3283796395261054,
    0.16640028438392201,
    82.86,
    "f"
  ],
  [
    1.376904632218222,
    0.1724787971399414,
    82.86,
    "f"
  ],
  [
    1.4220034709598606,
    0.17812813063519917,
    82.86,
    "f"
  ],
  [
    1.463781575872576,
    0.18336149038541116,
    82.86,
    "f"
  ],
  [
    1.5023443670779206,
    0.18819208190629333,
    82.86,
    "f"
  ],
  [
    1.5377972646974472,
    0.19263311071356093,
    82.86,
    "f"
  ],
  [
    1.5702456888527094,
    0.19669778232293011,
    82.86,
    "f"
  ],
  [
    1.5997950596652597,
    0.20039930225011637,
    82.86,
    "f"
  ],
  [
    1.6265507972566526,
    0.20375087601083575,
    82.86,
    "f"
  ],
  [
    1.6506183217484398,
    0.2067657091208034,
    82.86,
    "f"
  ],
  [
    1.672103053262176,
    0.20945700709573567,
    82.86,
    "f"
  ],
  [
    1.6911104119194125,
    0.21183797545134786,
    82.86,
    "f"
  ],
  [
    1.7077458178417033,
    0.2139218197033561,
    82.86,
    "f"
  ],
  [
    1.722114691150602,
    0.21572174536747601,
    82.86,
    "f"
  ],
  [
    1.734322451967661,
    0.21725095795942329,
    82.86,
    "f"
  ],
  [
    1.7444745204144334,
    0.2185226629949134,
    82.86,
    "f"
  ],
  [
    1.7526763166124728,
    0.2195500659896622,
    82.86,
    "f"
  ],
  [
    1.7590332606833332,
    0.22034637245938604,
    82.86,
    "f"
  ],
  [
    1.7636507727485662,
    0.22092478791979986,
    82.86,
    "f"
  ],
  [
    1.766634272929725,
    0.22129851788661992,
    82.86,
    "f"
  ],
  [
    1.7680891813483637,
    0.2214807678755617,
    82.86,
    "f"
  ],
  [
    1.7681209181260356,
    0.22148474340234092,
    82.86,
    "f"
  ],
  [
    1.766834903384292,
    0.2213236499826733,
    82.86,
    "f"
  ],
  [
    1.7643365572446876,
    0.22101069313227473,
    82.86,
    "f"
  ],
  [
    1.7607312998287763,
    0.22055907836686117,
    82.86,
    "f"
  ],
  [
    1.7561245512581094,
    0.21998201120214778,
    82.86,
    "f"
  ],
  [
    1.75062173165424,
    0.21929269715385058,
    82.86,
    "f"
  ],
  [
    1.7443282611387232,
    0.21850434173768563,
    82.86,
    "f"
  ],
  [
    1.737349559833111,
    0.21763015046936818,
    82.86,
    "f"
  ],
  [
    1.729791047858956,
    0.21668332886461406,
    82.86,
    "f"
  ],
  [
    1.7217581453378117,
    0.2156770824391392,
    82.86,
    "f"
  ],
  [
    1.713356272391232,
    0.2146246167086594,
    82.86,
    "f"
  ],
  [
    1.7046908491407688,
    0.21353913718889006,
    82.86,
    "f"
  ],
  [
    1.6958672957079763,
    0.212433849395547,
    82.86,
    "f"
  ],
  [
    1.6869910322144075,
    0.21132195884434646,
    82.86,
    "f"
  ],
  [
    1.6781674787816148,
    0.2102166710510036,
    82.86,
    "f"
  ],
  [
    1.6695020555311517,
    0.20913119153123438,
    82.86,
    "f"
  ],
  [
    1.6611001825845721,
    0.20807872580075437,
    82.86,
    "f"
  ],
  [
    1.6530672800634274,
    0.2070724793752794,
    82.86,
    "f"
  ],
  [
    1.645508768089273,
    0.2061256577705255,
    82.86,
    "f"
  ],
  [
    1.63853006678366,
    0.20525146650220805,
    82.86,
    "f"
  ],
  [
    1.6322365962681435,
    0.20446311108604298,
    82.86,
    "f"
  ],
  [
    1.6267337766642749,
    0.203773797037746,
    82.86,
    "f"
  ],
  [
    1.6221270280936078,
    0.20319672987303272,
    82.86,
    "f"
  ],
  [
    1.6185217706776958,
    0.20274511510761883,
    82.86,
    "f"
  ],
  [
    1.6160234245380916,
    0.20243215825722038,
    82.86,
    "f"
  ],
  [
    1.6147374097963487,
    0.20227106483755297,
    82.86,
    "f"
  ],
  [
    1.61476914657402,
    0.2022750403643322,
    82.86,
    "f"
  ],
  [
    1.6162240549926583,
    0.20245729035327387,
    82.86,
    "f"
  ],
  [
    1.6192075551738179,
    0.2028310203200937,
    82.86,
    "f"
  ],
  [
    1.6238250672390508,
    0.20340943578050774,
    82.86,
    "f"
  ],
  [
    1.6301820113099104,
    0.20420574225023125,
    82.86,
    "f"
  ],
  [
    1.6383838075079502,
    0.20523314524498038,
    82.86,
    "f"
  ],
  [
    1.6485358759547228,
    0.2065048502804705,
    82.86,
    "f"
  ],
  [
    1.6607436367717823,
    0.20803406287241766,
    82.86,
    "f"
  ],
  [
    1.675112510080681,
    0.20983398853653756,
    82.86,
    "f"
  ],
  [
    1.6917479160029716,
    0.2119178327885456,
    82.86,
    "f"
  ],
  [
    1.7107552746602084,
    0.2142988011441581,
    82.86,
    "f"
  ],
  [
    1.7322400061739438,
    0.21699009911909017,
    82.86,
    "f"
  ],
  [
    1.7563075306657314,
    0.22000493222905804,
    82.86,
    "f"
  ],
  [
    1.7830632682571237,
    0.2233565059897773,
    82.86,
    "f"
  ],
  [
    1.8126126390696746,
    0.22705802591696367,
    82.86,
    "f"
  ],
  [
    1.8450610632249367,
    0.23112269752633285,
    82.86,
    "f"
  ],
  [
    1.8805139608444637,
    0.23556372633360034,
    82.86,
    "f"
  ],
  [
    1.9190767520498082,
    0.2403943178544825,
    82.86,
    "f"
  ],
  [
    1.960854856962523,
    0.2456276776046945,
    82.86,
    "f"
  ],
  [
    2.0059536957041626,
    0.2512770110999524,
    82.86,
    "f"
  ],
  [
    2.0544786883962787,
    0.2573555238559718,
    82.86,
    "f"
  ],
  [
    2.1065352551604244,
    0.26387642138846834,
    82.86,
    "f"
  ],
  [
    2.1622288161181547,
    0.2708529092131581,
    82.86,
    "f"
  ],
  [
    2.221664791391021,
    0.2782981928457564,
    82.86,
    "f"
  ],
  [
    2.2849486011005773,
    0.2862254778019795,
    82.86,
    "f"
  ],
  [
    2.3521856653683755,
    0.29464796959754236,
    82.86,
    "f"
  ],
  [
    2.423481404315971,
    0.3035788737481617,
    82.86,
    "f"
  ],
  [
    2.4989412380649147,
    0.31303139576955263,
    82.86,
    "f"
  ],
  [
    2.5786705867367594,
    0.3230187411774308,
    82.86,
    "f"
  ],
  [
    2.6627748704530614,
    0.33355411548751224,
    82.86,
    "f"
  ],
  [
    2.751359509335371,
    0.34465072421551257,
    82.86,
    "f"
  ],
  [
    2.8445299235052435,
    0.35632177287714795,
    82.86,
    "f"
  ],
  [
    2.942391533084229,
    0.3685804669881332,
    82.86,
    "f"
  ],
  [
    3.0450497581938833,
    0.38144001206418476,
    82.86,
    "f"
  ],
  [
    3.1526100189557584,
    0.39491361362101807,
    82.86,
    "f"
  ],
  [
    3.2651777354914078,
    0.40901447717434936,
    82.86,
    "f"
  ],
  [
    3.3828583279223836,
    0.4237558082398938,
    82.86,
    "f"
  ],
  [
    3.3828583279223836,
    0.4237558082398938,
    82.86,
    "f"
  ],
  [
    3.5031231807290304,
    0.43927334391891826,
    82.43537279139683,
    "f"
  ],
  [
    3.623357005433026,
    0.45569630935282945,
    82.00822806952031,
    "f"
  ],
  [
    3.7435352127179318,
    0.47302814211755706,
    81.57836610160443,
    "f"
  ],
  [
    3.8636332132673044,
    0.4912722797890279,
    81.14558635569618,
    "f"
  ],
  [
    3.983626417764708,
    0.5104321599431707,
    80.70968729774476,
    "f"
  ],
  [
    4.1034902368937,
    0.5305112201559137,
    80.27046619463958,
    "f"
  ],
  [
    4.22320008133784,
    0.5515128980031845,
    79.8277189231569,
    "f"
  ],
  [
    4.342731361780688,
    0.5734406310609113,
    79.38123978483615,
    "f"
  ],
  [
    4.462059488905803,
    0.5962978569050226,
    78.93082132687174,
    "f"
  ],
  [
    4.581159873396748,
    0.6200880131114461,
    78.47625416916917,
    "f"
  ],
  [
    4.700007925937078,
    0.64481453725611,
    78.0173268377864,
    "f"
  ],
  [
    4.818579057210356,
    0.6704808669149418,
    77.55382560505295,
    "f"
  ],
  [
    4.936848677900143,
    0.6970904396638702,
    77.08553433673676,
    "f"
  ],
  [
    5.054792198689995,
    0.7246466930788247,
    76.61223434671119,
    "f"
  ],
  [
    5.172385030263474,
    0.7531530647357301,
    76.13370425966052,
    "f"
  ],
  [
    5.289602583304138,
    0.7826129922105167,
    75.64971988245553,
    "f"
  ],
  [
    5.40642026849555,
    0.813029913079113,
    75.16005408492934,
    "f"
  ],
  [
    5.522813496521266,
    0.8444072649174452,
    74.66447669088687,
    "f"
  ],
  [
    5.6387576780648505,
    0.8767484853014438,
    74.16275438029537,
    "f"
  ],
  [
    5.754228223809858,
    0.9100570118070344,
    73.65465060371973,
    "f"
  ],
  [
    5.869200544439851,
    0.9443362820101466,
    73.13992551019378,
    "f"
  ],
  [
    5.983650050638389,
    0.9795897334867085,
    72.61833588985341,
    "f"
  ],
  [
    6.0975521530890315,
    1.0158208038126475,
    72.08963513279751,
    "f"
  ],
  [
    6.210882262475341,
    1.0530329305638924,
    71.5535732057953,
    "f"
  ],
  [
    6.32361578948087,
    1.0912295513163697,
    71.00989664861463,
    "f"
  ],
  [
    6.435728144789189,
    1.1304141036460105,
    70.45834859191494,
    "f"
  ],
  [
    6.547194739083848,
    1.1705900251287398,
    69.89866879882094,
    "f"
  ],
  [
    6.6579909830484105,
    1.2117607533404877,
    69.33059373247458,
    "f"
  ],
  [
    6.768092287366437,
    1.2539297258571809,
    68.75385665205373,
    "f"
  ],
  [
    6.877474062721487,
    1.297100380254748,
    68.1681877399365,
    "f"
  ],
  [
    6.98611171979712,
    1.3412761541091176,
    67.57331426289038,
    "f"
  ],
  [
    7.093980669276893,
    1.3864604849962174,
    66.96896077036654,
    "f"
  ],
  [
    7.201056321844372,
    1.4326568104919764,
    66.35484933317848,
    "f"
  ],
  [
    7.307314088183113,
    1.4798685681723214,
    65.73069982604646,
    "f"
  ],
  [
    7.412729378976674,
    1.528099195613179,
    65.09623025767984,
    "f"
  ],
  [
    7.517277604908617,
    1.5773521303904818,
    64.45115715225516,
    "f"
  ],
  [
    7.620934176662505,
    1.6276308100801549,
    63.795195986317694,
    "f"
  ],
  [
    7.72367450492189,
    1.6789386722581252,
    63.12806168528503,
    "f"
  ],
  [
    7.8254740003703365,
    1.7312791545003225,
    62.44946918385493,
    "f"
  ],
  [
    7.9263080736914056,
    1.7846556943826766,
    61.75913405471486,
    "f"
  ],
  [
    8.026152135568655,
    1.839071729481112,
    61.056773209997445,
    "f"
  ],
  [
    8.124981596685643,
    1.8945306973715588,
    60.342105679929816,
    "f"
  ],
  [
    8.222771867725934,
    1.9510360356299454,
    59.61485347306267,
    "f"
  ],
  [
    8.319498359373085,
    2.008591181832199,
    58.87474252233157,
    "f"
  ],
  [
    8.415136482310652,
    2.0671995735542477,
    58.121503720987334,
    "f"
  ],
  [
    8.509661647222202,
    2.1268646483720213,
    57.354874052113985,
    "f"
  ],
  [
    8.60304926479129,
    2.1875898438614443,
    56.57459781502649,
    "f"
  ],
  [
    8.695274745701477,
    2.2493785975984477,
    55.78042795128414,
    "f"
  ],
  [
    8.786313500636322,
    2.3122343471589595,
    54.97212747235818,
    "f"
  ],
  [
    8.876140940279388,
    2.3761605301189075,
    54.149470990136535,
    "f"
  ],
  [
    8.964732475314232,
    2.4411605840542188,
    53.3122463504223,
    "f"
  ],
  [
    9.052063516424411,
    2.5072379465408217,
    52.46025636837095,
    "f"
  ],
  [
    9.138109474293488,
    2.574396055154644,
    51.59332066340244,
    "f"
  ],
  [
    9.222845759605024,
    2.6426383474716153,
    50.71127758951155,
    "f"
  ],
  [
    9.306247783042577,
    2.7119682610676623,
    49.81398625507808,
    "f"
  ],
  [
    9.388290955289712,
    2.7823892335187166,
    48.90132862424264,
    "f"
  ],
  [
    9.468950687029977,
    2.8539047024007003,
    47.97321168968159,
    "f"
  ],
  [
    9.548202388946944,
    2.9265181052895444,
    47.02956970418279,
    "f"
  ],
  [
    9.626021471724165,
    3.00023287976118,
    46.07036645583065,
    "f"
  ],
  [
    9.7023833460452,
    3.0750524633915286,
    45.09559756887268,
    "f"
  ],
  [
    9.777263422593617,
    3.150980293756526,
    44.10529280950948,
    "f"
  ],
  [
    9.850637112052965,
    3.228019808432093,
    43.09951837297871,
    "f"
  ],
  [
    9.922479825106812,
    3.306174444994163,
    42.07837912545273,
    "f"
  ],
  [
    9.99276697243871,
    3.3854476410186605,
    41.042020771521095,
    "f"
  ],
  [
    10.061473964732224,
    3.4658428340815153,
    39.990631915471795,
    "f"
  ],
  [
    10.128576212670916,
    3.547363461758657,
    38.92444598231526,
    "f"
  ],
  [
    10.19404912693834,
    3.6300129616260097,
    37.84374296262564,
    "f"
  ],
  [
    10.25786811821806,
    3.713794771259506,
    36.748850943914476,
    "f"
  ],
  [
    10.320008597193635,
    3.7987123282350703,
    35.64014739052146,
    "f"
  ],
  [
    10.380445974548625,
    3.8847690701286344,
    34.51806013401438,
    "f"
  ],
  [
    10.439155660966586,
    3.971968434516122,
    33.38306803694445,
    "f"
  ],
  [
    10.496113067131079,
    4.060313858973464,
    32.23570129459131,
    "f"
  ],
  [
    10.551293603725668,
    4.149808781076588,
    31.076541342122994,
    "f"
  ],
  [
    10.604672681433911,
    4.240456638401422,
    29.906220338436754,
    "f"
  ],
  [
    10.656225710939367,
    4.332260868523894,
    28.72542020283953,
    "f"
  ],
  [
    10.705928102925592,
    4.425224909019932,
    27.534871186649184,
    "f"
  ],
  [
    10.753755268076153,
    4.519352197465464,
    26.335349968671437,
    "f"
  ],
  [
    10.799682617074602,
    4.614646171436419,
    25.127677271221614,
    "f"
  ],
  [
    10.843685560604508,
    4.711110268508724,
    23.91271500174952,
    "f"
  ],
  [
    10.885739509349422,
    4.808747926258308,
    22.691362933990774,
    "f"
  ],
  [
    10.925819873992909,
    4.9075625822610975,
    21.464554951666457,
    "f"
  ],
  [
    10.963902065218528,
    5.007557674093023,
    20.23325488681928,
    "f"
  ],
  [
    10.999961493709838,
    5.108736639330011,
    18.998451993621643,
    "f"
  ],
  [
    11.033973570150398,
    5.211102915547989,
    17.761156106627254,
    "f"
  ],
  [
    11.065913705223767,
    5.314659940322887,
    16.522392539680027,
    "f"
  ],
  [
    11.095757309613509,
    5.419411151230631,
    15.283196787779218,
    "f"
  ],
  [
    11.12347979400318,
    5.525359985847151,
    14.044609098901674,
    "f"
  ],
  [
    11.14905656907634,
    5.632509881748373,
    12.807668985923272,
    "f"
  ],
  [
    11.172463045516553,
    5.740864276510228,
    11.57340975023942,
    "f"
  ],
  [
    11.193674634007373,
    5.850426607708641,
    10.342853088402762,
    "f"
  ],
  [
    11.21266674523236,
    5.9612003129195426,
    9.117003851087134,
    "f"
  ],
  [
    11.22941478987508,
    6.073188829718859,
    7.896845020026831,
    "f"
  ],
  [
    11.243894178619085,
    6.186395595682519,
    6.683332963409271,
    "f"
  ],
  [
    11.25608032214794,
    6.30082404838645,
    5.4773930237155355,
    "f"
  ],
  [
    11.265948631145205,
    6.416477625406582,
    4.27991548444345,
    "f"
  ],
  [
    11.273474516294437,
    6.533359764318842,
    3.09175195378225,
    "f"
  ],
  [
    11.278633388279198,
    6.651473902699157,
    1.9137121944266937,
    "f"
  ],
  [
    11.281400657783044,
    6.770823478123456,
    0.7465614196132719,
    "f"
  ],
  [
    11.28175173548954,
    6.891411928167669,
    359.59101806640626,
    "f"
  ],
  [
    11.28175173548954,
    6.891411928167669,
    359.59101806640626,
    "f"
  ],
  [
    11.280901711981295,
    7.010492805755829,
    359.5910179852033,
    "f"
  ],
  [
    11.280081658755904,
    7.125375084789597,
    359.5910178997364,
    "f"
  ],
  [
    11.279290957869396,
    7.236145334311331,
    359.59101780972117,
    "f"
  ],
  [
    11.278528991377781,
    7.342890123363388,
    359.5910177148505,
    "f"
  ],
  [
    11.277795141337098,
    7.445696020988129,
    359.59101761479377,
    "f"
  ],
  [
    11.277088789803361,
    7.544649596227911,
    359.5910175091942,
    "f"
  ],
  [
    11.27640931883259,
    7.63983741812509,
    359.59101739766703,
    "f"
  ],
  [
    11.275756110480822,
    7.731346055722031,
    359.59101727979714,
    "f"
  ],
  [
    11.275128546804066,
    7.819262078061085,
    359.59101715513674,
    "f"
  ],
  [
    11.27452600985836,
    7.903672054184619,
    359.591017023203,
    "f"
  ],
  [
    11.273947881699714,
    7.984662553134984,
    359.5910168834753,
    "f"
  ],
  [
    11.273393544384158,
    8.062320143954542,
    359.5910167353924,
    "f"
  ],
  [
    11.272862379967723,
    8.136731395685658,
    359.5910165783502,
    "f"
  ],
  [
    11.272353770506417,
    8.207982877370675,
    359.5910164116986,
    "f"
  ],
  [
    11.271867098056276,
    8.276161158051968,
    359.5910162347393,
    "f"
  ],
  [
    11.271401744673314,
    8.341352806771882,
    359.5910160467232,
    "f"
  ],
  [
    11.270957092413566,
    8.403644392572787,
    359.5910158468485,
    "f"
  ],
  [
    11.270532523333046,
    8.463122484497031,
    359.59101563425935,
    "f"
  ],
  [
    11.270127419487785,
    8.519873651586986,
    359.59101540804545,
    "f"
  ],
  [
    11.269741162933805,
    8.573984462885,
    359.5910151672421,
    "f"
  ],
  [
    11.26937313572712,
    8.625541487433432,
    359.5910149108332,
    "f"
  ],
  [
    11.269022719923768,
    8.674631294274647,
    359.5910146377548,
    "f"
  ],
  [
    11.26868929757976,
    8.721340452450995,
    359.5910143469026,
    "f"
  ],
  [
    11.26837225075113,
    8.765755531004844,
    359.59101403714277,
    "f"
  ],
  [
    11.268070961493896,
    8.807963098978545,
    359.59101370732714,
    "f"
  ],
  [
    11.267784811864082,
    8.848049725414462,
    359.5910133563147,
    "f"
  ],
  [
    11.267513183917714,
    8.886101979354951,
    359.5910129830005,
    "f"
  ],
  [
    11.267255459710814,
    8.92220642984237,
    359.59101258635303,
    "f"
  ],
  [
    11.267011021299405,
    8.95644964591908,
    359.59101216546344,
    "f"
  ],
  [
    11.266779250739512,
    8.988918196627438,
    359.5910117196072,
    "f"
  ],
  [
    11.266559530087159,
    9.0196986510098,
    359.59101124832085,
    "f"
  ],
  [
    11.266351241398365,
    9.048877578108529,
    359.5910107514957,
    "f"
  ],
  [
    11.266153766729161,
    9.076541546965982,
    359.5910102294896,
    "f"
  ],
  [
    11.265966488135568,
    9.102777126624522,
    359.59100968325737,
    "f"
  ],
  [
    11.265788787673603,
    9.127670886126497,
    359.59100911449747,
    "f"
  ],
  [
    11.265620047399299,
    9.151309394514275,
    359.59100852581247,
    "f"
  ],
  [
    11.265459649368678,
    9.173779220830212,
    359.59100792087247,
    "f"
  ],
  [
    11.265306975637756,
    9.195166934116664,
    359.5910073045747,
    "f"
  ],
  [
    11.265161408262564,
    9.215559103415991,
    359.59100668317626,
    "f"
  ],
  [
    11.265022329299125,
    9.235042297770555,
    359.5910060643805,
    "f"
  ],
  [
    11.264889120803465,
    9.253703086222714,
    359.5910054573496,
    "f"
  ],
  [
    11.264761164831597,
    9.27162803781482,
    359.5910048726115,
    "f"
  ],
  [
    11.264637843439555,
    9.288903721589238,
    359.59100432183766,
    "f"
  ],
  [
    11.264518538683362,
    9.305616706588328,
    359.59100381746924,
    "f"
  ],
  [
    11.264402632619033,
    9.32185356185444,
    359.59100337218996,
    "f"
  ],
  [
    11.2642895073026,
    9.33770085642994,
    359.5910029982678,
    "f"
  ],
  [
    11.264178544790088,
    9.353245159357186,
    359.59100270680676,
    "f"
  ],
  [
    11.264069127137516,
    9.36857303967854,
    359.5910025069834,
    "f"
  ],
  [
    11.263960636400903,
    9.38377106643635,
    359.59100240536054,
    "f"
  ],
  [
    11.263852454636286,
    9.398925808672983,
    359.5910024053604,
    "f"
  ],
  [
    11.263743963899673,
    9.414123835430793,
    359.5910025069833,
    "f"
  ],
  [
    11.2636345462471,
    9.429451715752142,
    359.5910027068065,
    "f"
  ],
  [
    11.263523583734585,
    9.444996018679388,
    359.59100299826787,
    "f"
  ],
  [
    11.263410458418152,
    9.460843313254887,
    359.59100337218996,
    "f"
  ],
  [
    11.26329455235383,
    9.477080168521004,
    359.59100381746913,
    "f"
  ],
  [
    11.263175247597633,
    9.493793153520091,
    359.5910043218377,
    "f"
  ],
  [
    11.26305192620559,
    9.51106883729451,
    359.59100487261156,
    "f"
  ],
  [
    11.262923970233727,
    9.52899378888662,
    359.59100545734964,
    "f"
  ],
  [
    11.262790761738062,
    9.547654577338776,
    359.5910060643806,
    "f"
  ],
  [
    11.262651682774624,
    9.56713777169334,
    359.59100668317615,
    "f"
  ],
  [
    11.262506115399432,
    9.587529940992669,
    359.5910073045748,
    "f"
  ],
  [
    11.262353441668512,
    9.60891765427912,
    359.5910079208724,
    "f"
  ],
  [
    11.26219304363789,
    9.631387480595055,
    359.5910085258124,
    "f"
  ],
  [
    11.262024303363585,
    9.655025988982834,
    359.5910091144975,
    "f"
  ],
  [
    11.261846602901624,
    9.679919748484812,
    359.59100968325737,
    "f"
  ],
  [
    11.261659324308027,
    9.706155328143346,
    359.5910102294895,
    "f"
  ],
  [
    11.26146184963882,
    9.7338192970008,
    359.5910107514956,
    "f"
  ],
  [
    11.261253560950033,
    9.76299822409953,
    359.5910112483209,
    "f"
  ],
  [
    11.261033840297674,
    9.793778678481893,
    359.5910117196072,
    "f"
  ],
  [
    11.260802069737782,
    9.826247229190251,
    359.59101216546344,
    "f"
  ],
  [
    11.260557631326375,
    9.860490445266962,
    359.5910125863531,
    "f"
  ],
  [
    11.260299907119473,
    9.89659489575438,
    359.5910129830005,
    "f"
  ],
  [
    11.260028279173106,
    9.934647149694868,
    359.5910133563147,
    "f"
  ],
  [
    11.259742129543293,
    9.974733776130785,
    359.59101370732714,
    "f"
  ],
  [
    11.259440840286059,
    10.016941344104488,
    359.5910140371427,
    "f"
  ],
  [
    11.259123793457427,
    10.061356422658335,
    359.5910143469026,
    "f"
  ],
  [
    11.258790371113422,
    10.108065580834685,
    359.5910146377548,
    "f"
  ],
  [
    11.258439955310067,
    10.157155387675898,
    359.5910149108332,
    "f"
  ],
  [
    11.258071928103387,
    10.208712412224331,
    359.5910151672421,
    "f"
  ],
  [
    11.257685671549403,
    10.262823223522346,
    359.5910154080454,
    "f"
  ],
  [
    11.257280567704141,
    10.319574390612296,
    359.59101563425935,
    "f"
  ],
  [
    11.256855998623621,
    10.379052482536544,
    359.59101584684845,
    "f"
  ],
  [
    11.256411346363874,
    10.441344068337449,
    359.59101604672315,
    "f"
  ],
  [
    11.255945992980916,
    10.506535717057366,
    359.59101623473936,
    "f"
  ],
  [
    11.255459320530772,
    10.574713997738655,
    359.5910164116986,
    "f"
  ],
  [
    11.254950711069469,
    10.645965479423676,
    359.5910165783502,
    "f"
  ],
  [
    11.254419546653027,
    10.720376731154786,
    359.5910167353924,
    "f"
  ],
  [
    11.253865209337475,
    10.798034321974347,
    359.5910168834753,
    "f"
  ],
  [
    11.253287081178831,
    10.879024820924714,
    359.591017023203,
    "f"
  ],
  [
    11.252684544233123,
    10.963434797048246,
    359.59101715513674,
    "f"
  ],
  [
    11.252056980556368,
    11.051350819387302,
    359.5910172797971,
    "f"
  ],
  [
    11.251403772204597,
    11.142859456984242,
    359.59101739766703,
    "f"
  ],
  [
    11.25072430123383,
    11.238047278881421,
    359.5910175091942,
    "f"
  ],
  [
    11.25001794970009,
    11.337000854121204,
    359.59101761479377,
    "f"
  ],
  [
    11.249284099659402,
    11.439806751745941,
    359.5910177148505,
    "f"
  ],
  [
    11.248522133167793,
    11.546551540797998,
    359.5910178097211,
    "f"
  ],
  [
    11.24773143228128,
    11.657321790319733,
    359.5910178997364,
    "f"
  ],
  [
    11.246911379055891,
    11.7722040693535,
    359.5910179852033,
    "f"
  ],
  [
    11.24606135554765,
    11.891284946941662,
    359.59101806640626,
    "f"
  ],
  [
    11.24606135554765,
    11.891284946941662,
    359.59101806640626,
    "f"
  ],
  [
    11.245211332001807,
    12.010365824591796,
    359.59101794892405,
    "f"
  ],
  [
    11.24439127866463,
    12.125248103809792,
    359.591017825273,
    "f"
  ],
  [
    11.24360057759368,
    12.236018353635501,
    359.5910176950414,
    "f"
  ],
  [
    11.242838610846505,
    12.342763143108748,
    359.5910175577852,
    "f"
  ],
  [
    11.242104760480661,
    12.44556904126938,
    359.5910174130259,
    "f"
  ],
  [
    11.2413984085537,
    12.544522617157233,
    359.5910172602474,
    "f"
  ],
  [
    11.240718937123173,
    12.639710439812138,
    359.59101709889296,
    "f"
  ],
  [
    11.24006572824664,
    12.731219078273945,
    359.5910169283621,
    "f"
  ],
  [
    11.239438163981642,
    12.819135101582475,
    359.59101674800695,
    "f"
  ],
  [
    11.238835626385747,
    12.90354507877758,
    359.5910165571289,
    "f"
  ],
  [
    11.238257497516496,
    12.984535578899091,
    359.5910163549747,
    "f"
  ],
  [
    11.237703159431447,
    13.06219317098685,
    359.59101614073256,
    "f"
  ],
  [
    11.23717199418816,
    13.136604424080696,
    359.59101591352834,
    "f"
  ],
  [
    11.236663383844174,
    13.207855907220456,
    359.5910156724215,
    "f"
  ],
  [
    11.236176710457055,
    13.276034189445983,
    359.5910154164017,
    "f"
  ],
  [
    11.235711356084344,
    13.341225839797097,
    359.59101514438527,
    "f"
  ],
  [
    11.235266702783607,
    13.403517427313655,
    359.5910148552121,
    "f"
  ],
  [
    11.234842132612387,
    13.462995521035477,
    359.5910145476442,
    "f"
  ],
  [
    11.234437027628246,
    13.519746690002417,
    359.5910142203642,
    "f"
  ],
  [
    11.234050769888732,
    13.573857503254306,
    359.59101387197677,
    "f"
  ],
  [
    11.233682741451393,
    13.625414529830971,
    359.59101350101156,
    "f"
  ],
  [
    11.233332324373793,
    13.674504338772266,
    359.5910131059294,
    "f"
  ],
  [
    11.232998900713477,
    13.721213499118017,
    359.59101268513257,
    "f"
  ],
  [
    11.232681852528007,
    13.765628579908075,
    359.5910122369807,
    "f"
  ],
  [
    11.232380561874926,
    13.807836150182265,
    359.5910117598127,
    "f"
  ],
  [
    11.232094410811793,
    13.847922778980433,
    359.59101125197776,
    "f"
  ],
  [
    11.231822781396161,
    13.885975035342412,
    359.5910107118773,
    "f"
  ],
  [
    11.231565055685582,
    13.92207948830804,
    359.59101013801893,
    "f"
  ],
  [
    11.231320615737605,
    13.956322706917152,
    359.5910095290877,
    "f"
  ],
  [
    11.231088843609793,
    13.988791260209595,
    359.5910088840356,
    "f"
  ],
  [
    11.230869121359692,
    14.019571717225201,
    359.59100820219163,
    "f"
  ],
  [
    11.230660831044855,
    14.048750647003805,
    359.5910074833989,
    "f"
  ],
  [
    11.23046335472284,
    14.07641461858525,
    359.5910067281752,
    "f"
  ],
  [
    11.230276074451195,
    14.102650201009377,
    359.59100593790185,
    "f"
  ],
  [
    11.230098372287475,
    14.127543963316011,
    359.59100511503635,
    "f"
  ],
  [
    11.229929630289236,
    14.151182474545,
    359.5910042633433,
    "f"
  ],
  [
    11.22976923051403,
    14.173652303736183,
    359.5910033881333,
    "f"
  ],
  [
    11.229616555019405,
    14.195040019929385,
    359.59100249649117,
    "f"
  ],
  [
    11.22947098586292,
    14.215432192164457,
    359.5910015974696,
    "f"
  ],
  [
    11.229331905102129,
    14.234915389481234,
    359.5910007022134,
    "f"
  ],
  [
    11.22919869479458,
    14.253576180919554,
    359.59099982397834,
    "f"
  ],
  [
    11.229070736997826,
    14.271501135519248,
    359.5909989779959,
    "f"
  ],
  [
    11.22894741376943,
    14.28877682232016,
    359.5909981811519,
    "f"
  ],
  [
    11.228828107166938,
    14.30548981036213,
    359.5909974514457,
    "f"
  ],
  [
    11.228712199247894,
    14.321726668684988,
    359.5909968072286,
    "f"
  ],
  [
    11.22859907206987,
    14.337573966328577,
    359.59099626624896,
    "f"
  ],
  [
    11.228488107690403,
    14.353118272332734,
    359.59099584457084,
    "f"
  ],
  [
    11.22837868816706,
    14.368446155737299,
    359.5909955554726,
    "f"
  ],
  [
    11.228270195557382,
    14.383644185582103,
    359.59099540844727,
    "f"
  ],
  [
    11.22816201191893,
    14.398798930906992,
    359.5909954084473,
    "f"
  ],
  [
    11.228053519309253,
    14.413996960751797,
    359.5909955554725,
    "f"
  ],
  [
    11.227944099785907,
    14.42932484415636,
    359.590995844571,
    "f"
  ],
  [
    11.227833135406446,
    14.444869150160518,
    359.59099626624874,
    "f"
  ],
  [
    11.227720008228413,
    14.460716447804106,
    359.5909968072286,
    "f"
  ],
  [
    11.227604100309378,
    14.476953306126969,
    359.59099745144573,
    "f"
  ],
  [
    11.227484793706884,
    14.493666294168936,
    359.59099818115186,
    "f"
  ],
  [
    11.227361470478481,
    14.510941980969847,
    359.5909989779958,
    "f"
  ],
  [
    11.227233512681734,
    14.528866935569544,
    359.59099982397834,
    "f"
  ],
  [
    11.227100302374184,
    14.54752772700786,
    359.5910007022134,
    "f"
  ],
  [
    11.226961221613392,
    14.567010924324638,
    359.5910015974695,
    "f"
  ],
  [
    11.226815652456906,
    14.58740309655971,
    359.5910024964913,
    "f"
  ],
  [
    11.226662976962283,
    14.608790812752915,
    359.5910033881333,
    "f"
  ],
  [
    11.226502577187077,
    14.631260641944097,
    359.5910042633433,
    "f"
  ],
  [
    11.22633383518884,
    14.654899153173087,
    359.59100511503635,
    "f"
  ],
  [
    11.22615613302512,
    14.679792915479721,
    359.5910059379019,
    "f"
  ],
  [
    11.225968852753475,
    14.706028497903844,
    359.5910067281752,
    "f"
  ],
  [
    11.225771376431457,
    14.733692469485288,
    359.59100748339887,
    "f"
  ],
  [
    11.225563086116622,
    14.762871399263897,
    359.59100820219163,
    "f"
  ],
  [
    11.22534336386652,
    14.7936518562795,
    359.59100888403555,
    "f"
  ],
  [
    11.225111591738708,
    14.826120409571942,
    359.59100952908767,
    "f"
  ],
  [
    11.224867151790734,
    14.860363628181059,
    359.5910101380189,
    "f"
  ],
  [
    11.224609426080152,
    14.896468081146686,
    359.59101071187723,
    "f"
  ],
  [
    11.224337796664518,
    14.934520337508665,
    359.59101125197776,
    "f"
  ],
  [
    11.224051645601387,
    14.97460696630683,
    359.5910117598127,
    "f"
  ],
  [
    11.223750354948308,
    15.016814536581023,
    359.59101223698065,
    "f"
  ],
  [
    11.223433306762834,
    15.061229617371076,
    359.59101268513257,
    "f"
  ],
  [
    11.223099883102519,
    15.107938777716832,
    359.5910131059293,
    "f"
  ],
  [
    11.222749466024917,
    15.157028586658123,
    359.59101350101156,
    "f"
  ],
  [
    11.22238143758758,
    15.208585613234796,
    359.59101387197677,
    "f"
  ],
  [
    11.221995179848069,
    15.262696426486684,
    359.59101422036423,
    "f"
  ],
  [
    11.221590074863924,
    15.319447595453616,
    359.59101454764414,
    "f"
  ],
  [
    11.221165504692708,
    15.378925689175443,
    359.59101485521217,
    "f"
  ],
  [
    11.220720851391967,
    15.441217276691997,
    359.5910151443852,
    "f"
  ],
  [
    11.22025549701926,
    15.506408927043116,
    359.5910154164018,
    "f"
  ],
  [
    11.219768823632139,
    15.574587209268639,
    359.59101567242146,
    "f"
  ],
  [
    11.219260213288155,
    15.645838692408402,
    359.5910159135283,
    "f"
  ],
  [
    11.218729048044862,
    15.720249945502246,
    359.59101614073256,
    "f"
  ],
  [
    11.218174709959817,
    15.797907537590003,
    359.5910163549747,
    "f"
  ],
  [
    11.217596581090568,
    15.878898037711519,
    359.59101655712897,
    "f"
  ],
  [
    11.216994043494669,
    15.963308014906621,
    359.59101674800695,
    "f"
  ],
  [
    11.216366479229674,
    16.051224038215157,
    359.59101692836214,
    "f"
  ],
  [
    11.215713270353138,
    16.142732676676957,
    359.59101709889296,
    "f"
  ],
  [
    11.215033798922612,
    16.237920499331864,
    359.59101726024744,
    "f"
  ],
  [
    11.214327446995647,
    16.33687407521971,
    359.5910174130259,
    "f"
  ],
  [
    11.213593596629806,
    16.439679973380343,
    359.5910175577852,
    "f"
  ],
  [
    11.212831629882633,
    16.546424762853597,
    359.5910176950414,
    "f"
  ],
  [
    11.21204092881168,
    16.657195012679303,
    359.591017825273,
    "f"
  ],
  [
    11.211220875474506,
    16.772077291897304,
    359.59101794892405,
    "f"
  ],
  [
    11.210370851928662,
    16.891158169547435,
    359.59101806640626,
    "f"
  ]
]