[
  [
    0.0,
    0.0,
    86.543,
    "f"
  ],
  [
    0.11800732039124087,
    0.00712874617130886,
    86.543,
    "f"
  ],
  [
    0.23012709876811574,
    0.013901829723941335,
    86.543,
    "f"
  ],
  [
    0.33648072774947746,
    0.020326583907767044,
    86.543,
    "f"
  ],
  [
    0.437189599954179,
    0.0264103419726556,
    86.543,
    "f"
  ],
  [
    0.5323751080010732,
    0.03216043716847662,
    86.543,
    "f"
  ],
  [
    0.6221586445090131,
    0.03758420274509972,
    86.543,
    "f"
  ],
  [
    0.7066616020968517,
    0.04268897195239453,
    86.543,
    "f"
  ],
  [
    0.7860053733834416,
    0.04748207804023065,
    86.543,
    "f"
  ],
  [
    0.8603113509876357,
    0.051970854258477674,
    86.543,
    "f"
  ],
  [
    0.9297009275282873,
    0.056162633857005276,
    86.543,
    "f"
  ],
  [
    0.9942954956242488,
    0.060064750085683016,
    86.543,
    "f"
  ],
  [
    1.0542164478943732,
    0.06368453619438053,
    86.543,
    "f"
  ],
  [
    1.1095851769575142,
    0.06702932543296747,
    86.543,
    "f"
  ],
  [
    1.1605230754325235,
    0.0701064510513134,
    86.543,
    "f"
  ],
  [
    1.2071515359382552,
    0.07292324629928798,
    86.543,
    "f"
  ],
  [
    1.249591951093561,
    0.07548704442676074,
    86.543,
    "f"
  ],
  [
    1.2879657135172946,
    0.07780517868360141,
    86.543,
    "f"
  ],
  [
    1.3223942158283084,
    0.07988498231967954,
    86.543,
    "f"
  ],
  [
    1.3529988506454562,
    0.08173378858486478,
    86.543,
    "f"
  ],
  [
    1.3799010105875902,
    0.08335893072902673,
    86.543,
    "f"
  ],
  [
    1.403222088273563,
    0.08476774200203496,
    86.543,
    "f"
  ],
  [
    1.4230834763222284,
    0.08596755565375916,
    86.543,
    "f"
  ],
  [
    1.4396065673524383,
    0.0869657049340689,
    86.543,
    "f"
  ],
  [
    1.4529127539830469,
    0.08776952309283384,
    86.543,
    "f"
  ],
  [
    1.4631234288329056,
    0.08838634337992353,
    86.543,
    "f"
  ],
  [
    1.470359984520869,
    0.08882349904520767,
    86.543,
    "f"
  ],
  [
    1.4747438136657887,
    0.08908832333855582,
    86.543,
    "f"
  ],
  [
    1.4763963088865173,
    0.08918814950983756,
    86.543,
    "f"
  ],
  [
    1.4754388628019093,
    0.0891303108089226,
    86.543,
    "f"
  ],
  [
    1.4719928680308163,
    0.08892214048568049,
    86.543,
    "f"
  ],
  [
    1.4661797171920912,
    0.08857097178998084,
    86.543,
    "f"
  ],
  [
    1.4581208029045873,
    0.0880841379716933,
    86.543,
    "f"
  ],
  [
    1.4479375177871585,
    0.08746897228068753,
    86.543,
    "f"
  ],
  [
    1.4357512544586564,
    0.08673280796683307,
    86.543,
    "f"
  ],
  [
    1.4216834055379337,
    0.08588297827999954,
    86.543,
    "f"
  ],
  [
    1.405855363643844,
    0.0849268164700566,
    86.543,
    "f"
  ],
  [
    1.3883885213952405,
    0.08387165578687382,
    86.543,
    "f"
  ],
  [
    1.3694042714109753,
    0.08272482948032084,
    86.543,
    "f"
  ],
  [
    1.3490240063099013,
    0.08149367080026725,
    86.543,
    "f"
  ],
  [
    1.3273691187108727,
    0.08018551299658273,
    86.543,
    "f"
  ],
  [
    1.304561001232741,
    0.07880768931913687,
    86.543,
    "f"
  ],
  [
    1.2807210464943595,
    0.07736753301779924,
    86.543,
    "f"
  ],
  [
    1.255970647114581,
    0.07587237734243948,
    86.543,
    "f"
  ],
  [
    1.2304311957122593,
    0.07432955554292726,
    86.543,
    "f"
  ],
  [
    1.2042240849062458,
    0.0727464008691321,
    86.543,
    "f"
  ],
  [
    1.1774707073153943,
    0.07113024657092368,
    86.543,
    "f"
  ],
  [
    1.1502924555585583,
    0.06948842589817163,
    86.543,
    "f"
  ],
  [
    1.1228107222545898,
    0.06782827210074553,
    86.543,
    "f"
  ],
  [
    1.0951469000223415,
    0.06615711842851499,
    86.543,
    "f"
  ],
  [
    1.0674223814806671,
    0.06448229813134966,
    86.543,
    "f"
  ],
  [
    1.039758559248419,
    0.06281114445911913,
    86.543,
    "f"
  ],
  [
    1.0122768259444503,
    0.06115099066169301,
    86.543,
    "f"
  ],
  [
    0.9850985741876142,
    0.05950916998894096,
    86.543,
    "f"
  ],
  [
    0.9583451965967626,
    0.05789301569073253,
    86.543,
    "f"
  ],
  [
    0.9321380857907499,
    0.05630986101693741,
    86.543,
    "f"
  ],
  [
    0.9065986343884274,
    0.05476703921742514,
    86.543,
    "f"
  ],
  [
    0.8818482350086497,
    0.05327188354206543,
    86.543,
    "f"
  ],
  [
    0.8580082802702681,
    0.0518317272407278,
    86.543,
    "f"
  ],
  [
    0.835200162792136,
    0.0504539035632819,
    86.543,
    "f"
  ],
  [
    0.8135452751931073,
    0.04914574575959739,
    86.543,
    "f"
  ],
  [
    0.7931650100920337,
    0.047914587079543824,
    86.543,
    "f"
  ],
  [
    0.7741807601077684,
    0.04676776077299085,
    86.543,
    "f"
  ],
  [
    0.7567139178591645,
    0.04571260008980807,
    86.543,
    "f"
  ],
  [
    0.7408858759650749,
    0.044756438279865106,
    86.543,
    "f"
  ],
  [
    0.7268180270443528,
    0.0439066085930316,
    86.543,
    "f"
  ],
  [
    0.7146317637158505,
    0.04317044427917713,
    86.543,
    "f"
  ],
  [
    0.7044484785984211,
    0.04255527858817132,
    86.543,
    "f"
  ],
  [
    0.6963895643109174,
    0.04206844476988379,
    86.543,
    "f"
  ],
  [
    0.6905764134721928,
    0.04171727607418418,
    86.543,
    "f"
  ],
  [
    0.6871304187010999,
    0.04150910575094208,
    86.543,
    "f"
  ],
  [
    0.6861729726164917,
    0.04145126705002711,
    86.543,
    "f"
  ],
  [
    0.6878254678372208,
    0.04155109322130887,
    86.543,
    "f"
  ],
  [
    0.6922092969821403,
    0.04181591751465701,
    86.543,
    "f"
  ],
  [
    0.6994458526701032,
    0.04225307317994112,
    86.543,
    "f"
  ],
  [
    0.7096565275199623,
    0.042869893467030844,
    86.543,
    "f"
  ],
  [
    0.7229627141505703,
    0.04367371162579575,
    86.543,
    "f"
  ],
  [
    0.7394858051807807,
    0.044671860906105504,
    86.543,
    "f"
  ],
  [
    0.7593471932294461,
    0.045871674557829714,
    86.543,
    "f"
  ],
  [
    0.7826682709154194,
    0.04728048583083798,
    86.543,
    "f"
  ],
  [
    0.8095704308575531,
    0.04890562797499991,
    86.543,
    "f"
  ],
  [
    0.8401750656747006,
    0.05075443424018512,
    86.543,
    "f"
  ],
  [
    0.8746035679857149,
    0.052834237876263276,
    86.543,
    "f"
  ],
  [
    0.9129773304094485,
    0.055152372133103936,
    86.543,
    "f"
  ],
  [
    0.9554177455647541,
    0.05771617026057671,
    86.543,
    "f"
  ],
  [
    1.002046206070486,
    0.06053296550855129,
    86.543,
    "f"
  ],
  [
    1.052984104545495,
    0.06361009112689721,
    86.543,
    "f"
  ],
  [
    1.1083528336086363,
    0.06695488036548417,
    86.543,
    "f"
  ],
  [
    1.1682737858787609,
    0.07057466647418167,
    86.543,
    "f"
  ],
  [
    1.2328683539747227,
    0.07447678270285946,
    86.543,
    "f"
  ],
  [
    1.302257930515374,
    0.07866856230138702,
    86.543,
    "f"
  ],
  [
    1.3765639081195682,
    0.08315733851963406,
    86.543,
    "f"
  ],
  [
    1.455907679406158,
    0.08795044460747019,
    86.543,
    "f"
  ],
  [
    1.5404106369939963,
    0.09305521381476498,
    86.543,
    "f"
  ],
  [
    1.6301941735019367,
    0.09847897939138811,
    86.543,
    "f"
  ],
  [
    1.7253796815488305,
    0.10422907458720909,
    86.543,
    "f"
  ],
  [
    1.8260885537535319,
    0.11031283265209764,
    86.543,
    "f"
  ],
  [
    1.9324421827348943,
    0.11673758683592339,
    86.543,
    "f"
  ],
  [
    2.044561961111769,
    0.12351067038855584,
    86.543,
    "f"
  ],
  [
    2.162569281503009,
    0.13063941655986466,
    86.543,
    "f"
  ],
  [
    2.162569281503009,
    0.13063941655986466,
    86.543,
    "f"
  ],
  [
    2.2835995660165374,
    0.13838824602440816,
    86.13007852753947,
    "f"
  ],
  [
    2.404691295449764,
    0.14702028600331118,
    85.71467617881575,
    "f"
  ],
  [
    2.5258204504557824,
    0.15654092956629387,
    85.29660174598615,
    "f"
  ],
  [
    2.6469630116876823,
    0.1669555697830759,
    84.87566341437281,
    "f"
  ],
  [
    2.768094959798556,
    0.1782695997233773,
    84.45166856709011,
    "f"
  ],
  [
    2.8891922754414936,
    0.1904884124569179,
    84.02442359585609,
    "f"
  ],
  [
    3.0102309392695847,
    0.20361740105341758,
    83.59373371790014,
    "f"
  ],
  [
    3.1311869319359227,
    0.2176619585825962,
    83.15940279893636,
    "f"
  ],
  [
    3.252036234093595,
    0.23262747811417367,
    82.7212331822326,
    "f"
  ],
  [
    3.3727548263956986,
    0.24851935271786996,
    82.27902552386581,
    "f"
  ],
  [
    3.493318689495318,
    0.2653429754634048,
    81.83257863431925,
    "f"
  ],
  [
    3.613703804045549,
    0.2831037394204982,
    81.38168932664342,
    "f"
  ],
  [
    3.733886150699481,
    0.3018070376588702,
    80.92615227147365,
    "f"
  ],
  [
    3.853841710110203,
    0.32145826324824023,
    80.46575985927075,
    "f"
  ],
  [
    3.973546462930809,
    0.34206280925832855,
    80.0003020702282,
    "f"
  ],
  [
    4.092976389814387,
    0.36362606875885495,
    79.5295663523741,
    "f"
  ],
  [
    4.212107471414033,
    0.38615343481953934,
    79.05333750848013,
    "f"
  ],
  [
    4.330915688382832,
    0.40965030051010143,
    78.5713975924848,
    "f"
  ],
  [
    4.44937702137388,
    0.4341220589002615,
    78.08352581623501,
    "f"
  ],
  [
    4.5674674510402635,
    0.45957410305973917,
    77.58949846745298,
    "f"
  ],
  [
    4.685162958035075,
    0.486011826058254,
    77.0890888399478,
    "f"
  ],
  [
    4.802439523011409,
    0.5134406209655267,
    76.58206717720407,
    "f"
  ],
  [
    4.919273126622351,
    0.5418658808512764,
    76.06820063060604,
    "f"
  ],
  [
    5.035639749520996,
    0.5712929987852233,
    75.5472532336833,
    "f"
  ],
  [
    5.151515372360432,
    0.6017273678370874,
    75.01898589390146,
    "f"
  ],
  [
    5.266875975793755,
    0.6331743810765884,
    74.48315640366383,
    "f"
  ],
  [
    5.381697540474051,
    0.6656394315734464,
    73.93951947234063,
    "f"
  ],
  [
    5.495956047054413,
    0.6991279123973809,
    73.38782678129678,
    "f"
  ],
  [
    5.60962747618793,
    0.7336452166181119,
    72.82782706405169,
    "f"
  ],
  [
    5.722687808527697,
    0.7691967373053596,
    72.25926621387003,
    "f"
  ],
  [
    5.835113024726799,
    0.8057878675288437,
    71.68188742125255,
    "f"
  ],
  [
    5.946879105438333,
    0.843424000358284,
    71.09543134396836,
    "f"
  ],
  [
    6.0579620313153875,
    0.8821105288634006,
    70.49963631244259,
    "f"
  ],
  [
    6.168337783011056,
    0.9218528461139132,
    69.89423857348595,
    "f"
  ],
  [
    6.277982341178422,
    0.9626563451795416,
    69.2789725755195,
    "f"
  ],
  [
    6.386871686470585,
    1.0045264191300058,
    68.65357129860911,
    "f"
  ],
  [
    6.494981799540632,
    1.047468461035026,
    68.01776663277428,
    "f"
  ],
  [
    6.602288661041655,
    1.0914878639643217,
    67.37128980817107,
    "f"
  ],
  [
    6.708768251626741,
    1.1365900209876125,
    66.71387188086464,
    "f"
  ],
  [
    6.814396551948989,
    1.1827803251746192,
    66.04524427799629,
    "f"
  ],
  [
    6.9191495426614855,
    1.2300641695950612,
    65.36513940620796,
    "f"
  ],
  [
    7.023003204417317,
    1.2784469473186575,
    64.67329132720681,
    "f"
  ],
  [
    7.125933517869583,
    1.3279340514151299,
    63.96943650432161,
    "f"
  ],
  [
    7.227916463671371,
    1.3785308749541971,
    63.25331462381831,
    "f"
  ],
  [
    7.328928022475767,
    1.4302428110055785,
    62.524669494590796,
    "f"
  ],
  [
    7.42894417493587,
    1.483075252638995,
    61.78325002961168,
    "f"
  ],
  [
    7.527940901704767,
    1.5370335929241659,
    61.02881131221238,
    "f"
  ],
  [
    7.62589418343555,
    1.5921232249308115,
    60.261115749841565,
    "f"
  ],
  [
    7.7227800007813086,
    1.6483495417286513,
    59.47993431742083,
    "f"
  ],
  [
    7.818574334395136,
    1.7057179363874058,
    58.685047891760235,
    "f"
  ],
  [
    7.913253164930121,
    1.7642338019767942,
    57.87624867769995,
    "f"
  ],
  [
    8.006792473039352,
    1.823902531566536,
    57.0533417257044,
    "f"
  ],
  [
    8.099168239375928,
    1.884729518226352,
    56.21614653952952,
    "f"
  ],
  [
    8.190356444592934,
    1.9467201550259623,
    55.36449877131474,
    "f"
  ],
  [
    8.280333069343461,
    2.0098798350350857,
    54.49825200000646,
    "f"
  ],
  [
    8.369074094280606,
    2.074213951323444,
    53.61727958739874,
    "f"
  ],
  [
    8.456555500057451,
    2.1397278969607543,
    52.72147660427862,
    "f"
  ],
  [
    8.542753267327091,
    2.206427065016738,
    51.810761817201865,
    "f"
  ],
  [
    8.62764337674262,
    2.274316848561116,
    50.88507972430091,
    "f"
  ],
  [
    8.711201808957126,
    2.343402640663606,
    49.94440262627256,
    "f"
  ],
  [
    8.7934045446237,
    2.41368983439393,
    48.98873271632806,
    "f"
  ],
  [
    8.874227564395433,
    2.485183822821806,
    48.01810417045215,
    "f"
  ],
  [
    8.953646848925416,
    2.5578899990169557,
    47.03258521685973,
    "f"
  ],
  [
    9.03163837886674,
    2.6318137560490973,
    46.03228016110853,
    "f"
  ],
  [
    9.108178134872498,
    2.7069604869879513,
    45.01733134099487,
    "f"
  ],
  [
    9.183242097595777,
    2.783335584903239,
    43.987920983200866,
    "f"
  ],
  [
    9.256806247689674,
    2.8609444428646778,
    42.94427293175704,
    "f"
  ],
  [
    9.328846565807273,
    2.9397924539419895,
    41.88665421682549,
    "f"
  ],
  [
    9.39933903260167,
    3.019885011204893,
    40.81537643118935,
    "f"
  ],
  [
    9.468259628725953,
    3.1012275077231086,
    39.730796881248125,
    "f"
  ],
  [
    9.535584334833215,
    3.1838253365663567,
    38.63331947936069,
    "f"
  ],
  [
    9.601289131576545,
    3.2676838908043546,
    37.523395345131576,
    "f"
  ],
  [
    9.66534999960904,
    3.352808563506827,
    36.401523084775135,
    "f"
  ],
  [
    9.72774291958378,
    3.439204747743489,
    35.26824872007762,
    "f"
  ],
  [
    9.788443872153866,
    3.526877836584063,
    34.124165241736705,
    "f"
  ],
  [
    9.847428837972386,
    3.615833223098268,
    32.96991176600898,
    "f"
  ],
  [
    9.904673797692428,
    3.706076300355825,
    31.806172278607562,
    "f"
  ],
  [
    9.960154731967085,
    3.797612461426452,
    30.633673955611016,
    "f"
  ],
  [
    10.013847621449449,
    3.890447099379871,
    29.453185057681765,
    "f"
  ],
  [
    10.06572844679261,
    3.984585607285801,
    28.265512401010028,
    "f"
  ],
  [
    10.11577318864966,
    4.080033378213961,
    27.07149841594287,
    "f"
  ],
  [
    10.163957827673688,
    4.176795805234072,
    25.872017812030435,
    "f"
  ],
  [
    10.210258344517788,
    4.2748782814158535,
    24.667973876007295,
    "f"
  ],
  [
    10.254650719835048,
    4.374286199829025,
    23.46029443678617,
    "f"
  ],
  [
    10.29711093427856,
    4.475024953543308,
    22.24992753864774,
    "f"
  ],
  [
    10.337614968501416,
    4.57709993562842,
    21.03783687021047,
    "f"
  ],
  [
    10.376138803156707,
    4.680516539154083,
    19.824997002249575,
    "f"
  ],
  [
    10.41265841889752,
    4.785280157190015,
    18.612388491805632,
    "f"
  ],
  [
    10.447149796376953,
    4.891396182805938,
    17.400992913120433,
    "f"
  ],
  [
    10.479588916248089,
    4.99887000907157,
    16.191787877646448,
    "f"
  ],
  [
    10.509951759164027,
    5.107707029056631,
    14.985742105636518,
    "f"
  ],
  [
    10.538214305777851,
    5.217912635830843,
    13.783810610617422,
    "f"
  ],
  [
    10.564352536742655,
    5.329492222463924,
    12.586930055431253,
    "f"
  ],
  [
    10.588342432711531,
    5.442451182025594,
    11.396014334593701,
    "f"
  ],
  [
    10.61015997433757,
    5.556794907585572,
    10.211950432603544,
    "f"
  ],
  [
    10.629781142273863,
    5.672528792213581,
    9.035594601737671,
    "f"
  ],
  [
    10.647181917173498,
    5.789658228979338,
    7.86776889597968,
    "f"
  ],
  [
    10.662338279689571,
    5.908188610952564,
    6.709258090308765,
    "f"
  ],
  [
    10.675226210475167,
    6.028125331202979,
    5.560807006835944,
    "f"
  ],
  [
    10.675226210475167,
    6.028125331202979,
    5.560807006835944,
    "f"
  ],
  [
    10.686765690747329,
    6.146648823181211,
    5.560806880051587,
    "f"
  ],
  [
    10.697898307250158,
    6.260993367537073,
    5.5608067466099556,
    "f"
  ],
  [
    10.708632448927364,
    6.3712451281390745,
    5.560806606066706,
    "f"
  ],
  [
    10.718976504722631,
    6.4774902688557106,
    5.560806457942704,
    "f"
  ],
  [
    10.72893886357967,
    6.579814953555486,
    5.56080630172147,
    "f"
  ],
  [
    10.738527914442166,
    6.678305346106907,
    5.560806136846054,
    "f"
  ],
  [
    10.74775204625382,
    6.7730476103784705,
    5.560805962715676,
    "f"
  ],
  [
    10.75661964795834,
    6.864127910238683,
    5.5608057786822656,
    "f"
  ],
  [
    10.765139108499403,
    6.9516324095560424,
    5.560805584046761,
    "f"
  ],
  [
    10.773318816820726,
    7.035647272199056,
    5.560805378055079,
    "f"
  ],
  [
    10.781167161865994,
    7.1162586620362225,
    5.560805159894471,
    "f"
  ],
  [
    10.788692532578912,
    7.193552742936046,
    5.56080492868864,
    "f"
  ],
  [
    10.795903317903177,
    7.267615678767032,
    5.560804683494439,
    "f"
  ],
  [
    10.802807906782478,
    7.338533633397676,
    5.560804423296872,
    "f"
  ],
  [
    10.809414688160524,
    7.406392770696487,
    5.56080414700557,
    "f"
  ],
  [
    10.815732050981,
    7.47127925453196,
    5.560803853450864,
    "f"
  ],
  [
    10.821768384187619,
    7.533279248772606,
    5.560803541381006,
    "f"
  ],
  [
    10.827532076724065,
    7.592478917286921,
    5.560803209459891,
    "f"
  ],
  [
    10.833031517534042,
    7.648964423943413,
    5.560802856265809,
    "f"
  ],
  [
    10.838275095561249,
    7.702821932610579,
    5.560802480292978,
    "f"
  ],
  [
    10.843271199749372,
    7.754137607156922,
    5.560802079954669,
    "f"
  ],
  [
    10.848028219042124,
    7.802997611450951,
    5.560801653589692,
    "f"
  ],
  [
    10.85255454238319,
    7.8494881093611575,
    5.560801199474042,
    "f"
  ],
  [
    10.856858558716278,
    7.8936952647560545,
    5.560800715837274,
    "f"
  ],
  [
    10.860948656985075,
    7.935705241504136,
    5.560800200886774,
    "f"
  ],
  [
    10.86483322613329,
    7.975604203473914,
    5.560799652841013,
    "f"
  ],
  [
    10.86852065510461,
    8.013478314533883,
    5.560799069974792,
    "f"
  ],
  [
    10.87201933284274,
    8.049413738552543,
    5.56079845067768,
    "f"
  ],
  [
    10.875337648291369,
    8.083496639398405,
    5.560797793530583,
    "f"
  ],
  [
    10.878483990394205,
    8.115813180939968,
    5.560797097402087,
    "f"
  ],
  [
    10.881466748094937,
    8.14644952704573,
    5.560796361568805,
    "f"
  ],
  [
    10.884294310337266,
    8.175491841584199,
    5.560795585860717,
    "f"
  ],
  [
    10.886975066064888,
    8.203026288423878,
    5.560794770836878,
    "f"
  ],
  [
    10.889517404221507,
    8.229139031433267,
    5.560793917987894,
    "f"
  ],
  [
    10.89192971375081,
    8.253916234480865,
    5.560793029965794,
    "f"
  ],
  [
    10.894220383596501,
    8.277444061435181,
    5.560792110833404,
    "f"
  ],
  [
    10.896397802702277,
    8.299808676164714,
    5.560791166321678,
    "f"
  ],
  [
    10.898470360011832,
    8.321096242537966,
    5.560790204076682,
    "f"
  ],
  [
    10.900446444468864,
    8.341392924423438,
    5.5607892338674105,
    "f"
  ],
  [
    10.902334445017079,
    8.360784885689638,
    5.560788267721762,
    "f"
  ],
  [
    10.904142750600169,
    8.379358290205065,
    5.560787319944552,
    "f"
  ],
  [
    10.90587975016182,
    8.397199301838217,
    5.560786406973591,
    "f"
  ],
  [
    10.907553832645752,
    8.414394084457605,
    5.560785547032083,
    "f"
  ],
  [
    10.909173386995645,
    8.43102880193173,
    5.560784759544504,
    "f"
  ],
  [
    10.910746802155199,
    8.447189618129087,
    5.560784064315214,
    "f"
  ],
  [
    10.912282467068115,
    8.462962696918183,
    5.560783480497776,
    "f"
  ],
  [
    10.913788770678094,
    8.47843420216752,
    5.560783025429316,
    "f"
  ],
  [
    10.915274101928828,
    8.493690297745605,
    5.560782713438698,
    "f"
  ],
  [
    10.916746849764012,
    8.508817147520933,
    5.560782554771322,
    "f"
  ],
  [
    10.918215403127352,
    8.523900915362013,
    5.560782554771208,
    "f"
  ],
  [
    10.919688150962537,
    8.539027765137341,
    5.560782713438698,
    "f"
  ],
  [
    10.921173482213272,
    8.554283860715422,
    5.560783025429373,
    "f"
  ],
  [
    10.92267978582325,
    8.569755365964763,
    5.560783480497832,
    "f"
  ],
  [
    10.924215450736167,
    8.585528444753859,
    5.560784064315158,
    "f"
  ],
  [
    10.925788865895724,
    8.601689260951217,
    5.560784759544333,
    "f"
  ],
  [
    10.927408420245618,
    8.618323978425341,
    5.560785547032026,
    "f"
  ],
  [
    10.929082502729543,
    8.635518761044727,
    5.560786406973648,
    "f"
  ],
  [
    10.930819502291202,
    8.653359772677883,
    5.560787319944382,
    "f"
  ],
  [
    10.932627807874287,
    8.671933177193308,
    5.560788267721648,
    "f"
  ],
  [
    10.9345158084225,
    8.691325138459506,
    5.56078923386724,
    "f"
  ],
  [
    10.936491892879534,
    8.711621820344982,
    5.560790204076625,
    "f"
  ],
  [
    10.93856445018909,
    8.732909386718232,
    5.560791166321792,
    "f"
  ],
  [
    10.940741869294866,
    8.755274001447765,
    5.560792110833404,
    "f"
  ],
  [
    10.943032539140559,
    8.77880182840208,
    5.560793029965794,
    "f"
  ],
  [
    10.945444848669862,
    8.803579031449681,
    5.560793917987894,
    "f"
  ],
  [
    10.947987186826476,
    8.829691774459066,
    5.5607947708368215,
    "f"
  ],
  [
    10.9506679425541,
    8.857226221298745,
    5.560795585860774,
    "f"
  ],
  [
    10.95349550479643,
    8.886268535837216,
    5.560796361568805,
    "f"
  ],
  [
    10.956478262497164,
    8.916904881942981,
    5.560797097402201,
    "f"
  ],
  [
    10.959624604599998,
    8.94922142348454,
    5.560797793530583,
    "f"
  ],
  [
    10.962942920048627,
    8.983304324330401,
    5.56079845067768,
    "f"
  ],
  [
    10.966441597786757,
    9.019239748349067,
    5.560799069974792,
    "f"
  ],
  [
    10.970129026758077,
    9.057113859409034,
    5.560799652840956,
    "f"
  ],
  [
    10.97401359590629,
    9.09701282137881,
    5.560800200886661,
    "f"
  ],
  [
    10.97810369417509,
    9.139022798126893,
    5.560800715837274,
    "f"
  ],
  [
    10.982407710508177,
    9.183229953521789,
    5.560801199474099,
    "f"
  ],
  [
    10.986934033849243,
    9.229720451431996,
    5.560801653589692,
    "f"
  ],
  [
    10.991691053141993,
    9.278580455726022,
    5.560802079954669,
    "f"
  ],
  [
    10.996687157330124,
    9.329896130272369,
    5.5608024802930345,
    "f"
  ],
  [
    11.001930735357325,
    9.383753638939535,
    5.560802856265809,
    "f"
  ],
  [
    11.007430176167302,
    9.440239145596024,
    5.5608032094597775,
    "f"
  ],
  [
    11.01319386870375,
    9.499438814110341,
    5.560803541381006,
    "f"
  ],
  [
    11.019230201910364,
    9.561438808350987,
    5.560803853450807,
    "f"
  ],
  [
    11.025547564730845,
    9.626325292186461,
    5.56080414700557,
    "f"
  ],
  [
    11.032154346108888,
    9.69418442948527,
    5.560804423296872,
    "f"
  ],
  [
    11.03905893498819,
    9.765102384115917,
    5.560804683494439,
    "f"
  ],
  [
    11.046269720312454,
    9.8391653199469,
    5.56080492868864,
    "f"
  ],
  [
    11.053795091025371,
    9.916459400846724,
    5.560805159894471,
    "f"
  ],
  [
    11.061643436070641,
    9.997070790683894,
    5.560805378055079,
    "f"
  ],
  [
    11.069823144391963,
    10.081085653326905,
    5.560805584046761,
    "f"
  ],
  [
    11.078342604933031,
    10.168590152644265,
    5.5608057786822656,
    "f"
  ],
  [
    11.087210206637547,
    10.259670452504478,
    5.560805962715676,
    "f"
  ],
  [
    11.096434338449201,
    10.35441271677604,
    5.560806136846054,
    "f"
  ],
  [
    11.106023389311698,
    10.45290310932746,
    5.56080630172147,
    "f"
  ],
  [
    11.115985748168734,
    10.555227794027235,
    5.560806457942704,
    "f"
  ],
  [
    11.126329803964003,
    10.661472934743873,
    5.560806606066706,
    "f"
  ],
  [
    11.137063945641206,
    10.771724695345874,
    5.5608067466099556,
    "f"
  ],
  [
    11.14819656214404,
    10.886069239701738,
    5.560806880051587,
    "f"
  ],
  [
    11.1597360424162,
    11.004592731679969,
    5.560807006835944,
    "f"
  ],
  [
    11.1597360424162,
    11.004592731679969,
    5.560807006835944,
    "f"
  ],
  [
    11.171275522108976,
    11.123116223634018,
    5.5608063193207045,
    "f"
  ],
  [
    11.182408136889357,
    11.237460767917986,
    5.560805595705347,
    "f"
  ],
  [
    11.19314227572462,
    11.34771252840137,
    5.560804833579596,
    "f"
  ],
  [
    11.203486327582025,
    11.45395766895364,
    5.560804030345707,
    "f"
  ],
  [
    11.213448681428838,
    11.556282353444297,
    5.560803183202893,
    "f"
  ],
  [
    11.223037726232326,
    11.654772745742822,
    5.560802289131061,
    "f"
  ],
  [
    11.23226185095975,
    11.749515009718698,
    5.560801344872061,
    "f"
  ],
  [
    11.241129444578384,
    11.840595309241412,
    5.560800346911776,
    "f"
  ],
  [
    11.249648896055486,
    11.928099808180452,
    5.560799291459148,
    "f"
  ],
  [
    11.257828594358326,
    12.012114670405307,
    5.560798174425656,
    "f"
  ],
  [
    11.265676928454168,
    12.092726059785456,
    5.560796991402981,
    "f"
  ],
  [
    11.273202287310282,
    12.170020140190392,
    5.56079573764066,
    "f"
  ],
  [
    11.28041305989393,
    12.244083075489595,
    5.5607944080228435,
    "f"
  ],
  [
    11.287317635172373,
    12.315001029552553,
    5.560792997046178,
    "f"
  ],
  [
    11.293924402112888,
    12.38286016624876,
    5.560791498797471,
    "f"
  ],
  [
    11.300241749682728,
    12.447746649447687,
    5.560789906934815,
    "f"
  ],
  [
    11.30627806684917,
    12.509746643018833,
    5.560788214669685,
    "f"
  ],
  [
    11.312041742579472,
    12.568946310831679,
    5.560786414756365,
    "f"
  ],
  [
    11.317541165840908,
    12.625431816755713,
    5.560784499486374,
    "f"
  ],
  [
    11.322784725600737,
    12.679289324660424,
    5.560782460693758,
    "f"
  ],
  [
    11.327780810826221,
    12.730604998415286,
    5.560780289773845,
    "f"
  ],
  [
    11.332537810484636,
    12.779465001889799,
    5.560777977719113,
    "f"
  ],
  [
    11.337064113543237,
    12.825955498953437,
    5.560775515180239,
    "f"
  ],
  [
    11.341368108969302,
    12.870162653475697,
    5.5607728925565425,
    "f"
  ],
  [
    11.345458185730084,
    12.912172629326058,
    5.560770100127513,
    "f"
  ],
  [
    11.349342732792865,
    12.952071590374013,
    5.56076712823284,
    "f"
  ],
  [
    11.353030139124897,
    12.989945700489045,
    5.560763967516209,
    "f"
  ],
  [
    11.356528793693446,
    13.025881123540634,
    5.560760609245335,
    "f"
  ],
  [
    11.359847085465782,
    13.059964023398269,
    5.560757045724927,
    "f"
  ],
  [
    11.362993403409174,
    13.092280563931448,
    5.560753270819987,
    "f"
  ],
  [
    11.365976136490879,
    13.12291690900964,
    5.56074928060616,
    "f"
  ],
  [
    11.368803673678167,
    13.15195922250234,
    5.560745074163378,
    "f"
  ],
  [
    11.371484403938313,
    13.179493668279031,
    5.560740654522135,
    "f"
  ],
  [
    11.374026716238564,
    13.205606410209207,
    5.560736029766076,
    "f"
  ],
  [
    11.376438999546199,
    13.23038361216234,
    5.560731214276188,
    "f"
  ],
  [
    11.378729642828482,
    13.253911438007929,
    5.5607262300841285,
    "f"
  ],
  [
    11.38090703505268,
    13.276276051615456,
    5.560721108267103,
    "f"
  ],
  [
    11.382979565186051,
    13.2975636168544,
    5.560715890286588,
    "f"
  ],
  [
    11.384955622195864,
    13.317860297594256,
    5.56071062911883,
    "f"
  ],
  [
    11.386843595049394,
    13.337252257704513,
    5.560705389986651,
    "f"
  ],
  [
    11.388651872713895,
    13.35582566105465,
    5.560700250460627,
    "f"
  ],
  [
    11.390388844156636,
    13.37366667151415,
    5.560695299680333,
    "f"
  ],
  [
    11.392062898344886,
    13.390861452952509,
    5.560690636462539,
    "f"
  ],
  [
    11.393682424245911,
    13.407496169239208,
    5.560686366141681,
    "f"
  ],
  [
    11.395255810826972,
    13.42365698424373,
    5.560682596111064,
    "f"
  ],
  [
    11.396791447055334,
    13.439430061835564,
    5.560679430236519,
    "f"
  ],
  [
    11.39829772189827,
    13.454901565884198,
    5.560676962529612,
    "f"
  ],
  [
    11.399783024323042,
    13.470157660259117,
    5.5606752706925135,
    "f"
  ],
  [
    11.401255743296913,
    13.485284508829805,
    5.560674410284605,
    "f"
  ],
  [
    11.402724267787152,
    13.500368275465757,
    5.560674410284264,
    "f"
  ],
  [
    11.404196986761024,
    13.515495124036445,
    5.560675270692627,
    "f"
  ],
  [
    11.40568228918579,
    13.530751218411364,
    5.560676962529328,
    "f"
  ],
  [
    11.407188564028727,
    13.54622272246,
    5.560679430236405,
    "f"
  ],
  [
    11.408724200257092,
    13.561995800051832,
    5.560682596111178,
    "f"
  ],
  [
    11.410297586838155,
    13.578156615056358,
    5.560686366141567,
    "f"
  ],
  [
    11.411917112739175,
    13.594791331343057,
    5.560690636462596,
    "f"
  ],
  [
    11.413591166927423,
    13.611986112781413,
    5.560695299680333,
    "f"
  ],
  [
    11.415328138370167,
    13.629827123240917,
    5.560700250460684,
    "f"
  ],
  [
    11.417136416034669,
    13.64840052659105,
    5.560705389986538,
    "f"
  ],
  [
    11.419024388888197,
    13.667792486701305,
    5.560710629118773,
    "f"
  ],
  [
    11.421000445898013,
    13.688089167441163,
    5.560715890286474,
    "f"
  ],
  [
    11.423072976031385,
    13.70937673268011,
    5.560721108267103,
    "f"
  ],
  [
    11.425250368255583,
    13.731741346287636,
    5.5607262300841285,
    "f"
  ],
  [
    11.427541011537864,
    13.755269172133222,
    5.560731214276302,
    "f"
  ],
  [
    11.429953294845498,
    13.780046374086359,
    5.560736029766076,
    "f"
  ],
  [
    11.432495607145754,
    13.80615911601653,
    5.560740654522135,
    "f"
  ],
  [
    11.435176337405895,
    13.833693561793224,
    5.5607450741633215,
    "f"
  ],
  [
    11.438003874593184,
    13.862735875285924,
    5.56074928060616,
    "f"
  ],
  [
    11.44098660767489,
    13.89337222036412,
    5.560753270819873,
    "f"
  ],
  [
    11.44413292561828,
    13.92568876089729,
    5.56075704572487,
    "f"
  ],
  [
    11.447451217390617,
    13.959771660754932,
    5.560760609245335,
    "f"
  ],
  [
    11.450949871959166,
    13.995707083806522,
    5.560763967516209,
    "f"
  ],
  [
    11.4546372782912,
    14.033581193921549,
    5.56076712823284,
    "f"
  ],
  [
    11.458521825353973,
    14.073480154969504,
    5.560770100127513,
    "f"
  ],
  [
    11.46261190211476,
    14.115490130819866,
    5.5607728925565425,
    "f"
  ],
  [
    11.466915897540824,
    14.159697285342126,
    5.5607755151801825,
    "f"
  ],
  [
    11.471442200599428,
    14.206187782405769,
    5.560777977719113,
    "f"
  ],
  [
    11.476199200257842,
    14.255047785880278,
    5.560780289773845,
    "f"
  ],
  [
    11.481195285483329,
    14.306363459635147,
    5.560782460693872,
    "f"
  ],
  [
    11.486438845243159,
    14.360220967539853,
    5.560784499486374,
    "f"
  ],
  [
    11.491938268504589,
    14.416706473463883,
    5.560786414756308,
    "f"
  ],
  [
    11.497701944234894,
    14.475906141276731,
    5.560788214669628,
    "f"
  ],
  [
    11.503738261401335,
    14.537906134847876,
    5.560789906934758,
    "f"
  ],
  [
    11.510055608971177,
    14.602792618046806,
    5.560791498797528,
    "f"
  ],
  [
    11.516662375911688,
    14.670651754743009,
    5.560792997046121,
    "f"
  ],
  [
    11.523566951190135,
    14.74156970880597,
    5.5607944080228435,
    "f"
  ],
  [
    11.530777723773783,
    14.815632644105174,
    5.56079573764066,
    "f"
  ],
  [
    11.538303082629893,
    14.892926724510108,
    5.560796991402981,
    "f"
  ],
  [
    11.546151416725737,
    14.973538113890262,
    5.560798174425713,
    "f"
  ],
  [
    11.554331115028578,
    15.057552976115113,
    5.560799291459148,
    "f"
  ],
  [
    11.56285056650568,
    15.145057475054152,
    5.560800346911833,
    "f"
  ],
  [
    11.571718160124313,
    15.23613777457687,
    5.560801344872061,
    "f"
  ],
  [
    11.580942284851737,
    15.330880038552744,
    5.560802289131061,
    "f"
  ],
  [
    11.590531329655224,
    15.429370430851268,
    5.560803183202893,
    "f"
  ],
  [
    11.600493683502037,
    15.531695115341922,
    5.560804030345594,
    "f"
  ],
  [
    11.610837735359443,
    15.637940255894197,
    5.560804833579596,
    "f"
  ],
  [
    11.621571874194704,
    15.748192016377578,
    5.560805595705347,
    "f"
  ],
  [
    11.632704488975088,
    15.862536560661548,
    5.560806319320761,
    "f"
  ],
  [
    11.644243968667862,
    15.981060052615597,
    5.560807006835944,
    "f"
  ]
]