[
  [
    0.0,
    0.0,
    90.19200000000001,
    "f"
  ],
  [
    0.11823130911502357,
    -0.00039619840264285,
    90.19200000000001,
    "f"
  ],
  [
    0.23058317230213643,
    -0.0007726945191273149,
    90.19200000000001,
    "f"
  ],
  [
    0.3371768152505739,
    -0.001129894582157731,
    90.19200000000001,
    "f"
  ],
  [
    0.4381334636495713,
    -0.0014682048244383794,
    90.19200000000001,
    "f"
  ],
  [
    0.5335743431883639,
    -0.0017880314786734575,
    90.19200000000001,
    "f"
  ],
  [
    0.6236206795561869,
    -0.0020897807775674404,
    90.19200000000001,
    "f"
  ],
  [
    0.7083936984422756,
    -0.0023738589538245813,
    90.19200000000001,
    "f"
  ],
  [
    0.7880146255358653,
    -0.0026406722401490224,
    90.19200000000001,
    "f"
  ],
  [
    0.862604686526191,
    -0.002890626869245072,
    90.19200000000001,
    "f"
  ],
  [
    0.9322851071024885,
    -0.003124129073817372,
    90.19200000000001,
    "f"
  ],
  [
    0.9971771129539928,
    -0.0033415850865698427,
    90.19200000000001,
    "f"
  ],
  [
    1.0574019297699386,
    -0.0035434011402068477,
    90.19200000000001,
    "f"
  ],
  [
    1.1130807832395626,
    -0.003729983467432918,
    90.19200000000001,
    "f"
  ],
  [
    1.1643348990520983,
    -0.0039017383009519735,
    90.19200000000001,
    "f"
  ],
  [
    1.211285502896783,
    -0.004059071873468545,
    90.19200000000001,
    "f"
  ],
  [
    1.2540538204628497,
    -0.004202390417686885,
    90.19200000000001,
    "f"
  ],
  [
    1.2927610774395355,
    -0.004332100166311359,
    90.19200000000001,
    "f"
  ],
  [
    1.3275284995160743,
    -0.004448607352046108,
    90.19200000000001,
    "f"
  ],
  [
    1.3584773123817029,
    -0.004552318207595607,
    90.19200000000001,
    "f"
  ],
  [
    1.3857287417256554,
    -0.004643638965664221,
    90.19200000000001,
    "f"
  ],
  [
    1.4094040132371672,
    -0.004722975858955758,
    90.19200000000001,
    "f"
  ],
  [
    1.4296243526054742,
    -0.004790735120175027,
    90.19200000000001,
    "f"
  ],
  [
    1.4465109855198104,
    -0.00484732298202617,
    90.19200000000001,
    "f"
  ],
  [
    1.4601851376694128,
    -0.004893145677213329,
    90.19200000000001,
    "f"
  ],
  [
    1.4707680347435153,
    -0.0049286094384410895,
    90.19200000000001,
    "f"
  ],
  [
    1.4783809024313541,
    -0.0049541204984134835,
    90.19200000000001,
    "f"
  ],
  [
    1.4831449664221639,
    -0.004970085089834875,
    90.19200000000001,
    "f"
  ],
  [
    1.4851814524051794,
    -0.0049769094454099605,
    90.19200000000001,
    "f"
  ],
  [
    1.4846115860696372,
    -0.004974999797842106,
    90.19200000000001,
    "f"
  ],
  [
    1.481556593104772,
    -0.0049647623798365625,
    90.19200000000001,
    "f"
  ],
  [
    1.4761376991998185,
    -0.00494660342409714,
    90.19200000000001,
    "f"
  ],
  [
    1.4684761300440123,
    -0.004920929163328314,
    90.19200000000001,
    "f"
  ],
  [
    1.45869311132659,
    -0.004888145830234003,
    90.19200000000001,
    "f"
  ],
  [
    1.4469098687367852,
    -0.004848659657519128,
    90.19200000000001,
    "f"
  ],
  [
    1.4332476279638335,
    -0.004802876877887496,
    90.19200000000001,
    "f"
  ],
  [
    1.4178276146969706,
    -0.0047512037240435845,
    90.19200000000001,
    "f"
  ],
  [
    1.4007710546254313,
    -0.004694046428692089,
    90.19200000000001,
    "f"
  ],
  [
    1.382199173438451,
    -0.004631811224536264,
    90.19200000000001,
    "f"
  ],
  [
    1.3622331968252648,
    -0.004564904344281251,
    90.19200000000001,
    "f"
  ],
  [
    1.3409943504751094,
    -0.0044937320206311915,
    90.19200000000001,
    "f"
  ],
  [
    1.3186038600772183,
    -0.004418700486290228,
    90.19200000000001,
    "f"
  ],
  [
    1.295182951320827,
    -0.004340215973962835,
    90.19200000000001,
    "f"
  ],
  [
    1.2708528498951714,
    -0.004258684716353156,
    90.19200000000001,
    "f"
  ],
  [
    1.2457347814894872,
    -0.004174512946165665,
    90.19200000000001,
    "f"
  ],
  [
    1.219949971793008,
    -0.004088106896104615,
    90.19200000000001,
    "f"
  ],
  [
    1.1936196464949704,
    -0.003999872798874038,
    90.19200000000001,
    "f"
  ],
  [
    1.1668650312846096,
    -0.003910216887178297,
    90.19200000000001,
    "f"
  ],
  [
    1.1398073518511609,
    -0.0038195453937220347,
    90.19200000000001,
    "f"
  ],
  [
    1.1125678338838583,
    -0.0037282645512091706,
    90.19200000000001,
    "f"
  ],
  [
    1.085267703071939,
    -0.0036367805923443464,
    90.19200000000001,
    "f"
  ],
  [
    1.0580281851046371,
    -0.0035454997498315932,
    90.19200000000001,
    "f"
  ],
  [
    1.0309705056711878,
    -0.0034548282563751642,
    90.19200000000001,
    "f"
  ],
  [
    1.004215890460827,
    -0.0033651723446796455,
    90.19200000000001,
    "f"
  ],
  [
    0.9778855651627892,
    -0.0032769382474491238,
    90.19200000000001,
    "f"
  ],
  [
    0.952100755466311,
    -0.003190532197387852,
    90.19200000000001,
    "f"
  ],
  [
    0.9269826870606258,
    -0.00310636042720025,
    90.19200000000001,
    "f"
  ],
  [
    0.9026525856349706,
    -0.0030248291695907925,
    90.19200000000001,
    "f"
  ],
  [
    0.8792316768785797,
    -0.002946344657263178,
    90.19200000000001,
    "f"
  ],
  [
    0.8568411864806883,
    -0.0028713131229224365,
    90.19200000000001,
    "f"
  ],
  [
    0.8356023401305325,
    -0.0028001407992722105,
    90.19200000000001,
    "f"
  ],
  [
    0.8156363635173465,
    -0.002733233919017364,
    90.19200000000001,
    "f"
  ],
  [
    0.7970644823303665,
    -0.00267099871486165,
    90.19200000000001,
    "f"
  ],
  [
    0.7800079222588272,
    -0.0026138414195098214,
    90.19200000000001,
    "f"
  ],
  [
    0.7645879089919642,
    -0.002562168265665965,
    90.19200000000001,
    "f"
  ],
  [
    0.7509256682190127,
    -0.0025163854860343338,
    90.19200000000001,
    "f"
  ],
  [
    0.7391424256292078,
    -0.0024768993133193473,
    90.19200000000001,
    "f"
  ],
  [
    0.7293594069117848,
    -0.00244411598022537,
    90.19200000000001,
    "f"
  ],
  [
    0.721697837755979,
    -0.0024184417194564878,
    90.19200000000001,
    "f"
  ],
  [
    0.7162789438510258,
    -0.0024002827637169544,
    90.19200000000001,
    "f"
  ],
  [
    0.7132239508861605,
    -0.0023900453457113002,
    90.19200000000001,
    "f"
  ],
  [
    0.7126540845506184,
    -0.0023881356981437785,
    90.19200000000001,
    "f"
  ],
  [
    0.7146905705336343,
    -0.0023949600537185867,
    90.19200000000001,
    "f"
  ],
  [
    0.7194546345244439,
    -0.0024109246451400335,
    90.19200000000001,
    "f"
  ],
  [
    0.7270675022122823,
    -0.0024364357051124275,
    90.19200000000001,
    "f"
  ],
  [
    0.7376503992863851,
    -0.0024718994663401883,
    90.19200000000001,
    "f"
  ],
  [
    0.7513245514359871,
    -0.0025177221615274026,
    90.19200000000001,
    "f"
  ],
  [
    0.7682111843503239,
    -0.002574310023378601,
    90.19200000000001,
    "f"
  ],
  [
    0.7884315237186308,
    -0.0026420692845977034,
    90.19200000000001,
    "f"
  ],
  [
    0.8121067952301426,
    -0.0027214061778894627,
    90.19200000000001,
    "f"
  ],
  [
    0.8393582245740954,
    -0.00281272693595791,
    90.19200000000001,
    "f"
  ],
  [
    0.8703070374397234,
    -0.002916437791507409,
    90.19200000000001,
    "f"
  ],
  [
    0.9050744595162629,
    -0.0030329449772422135,
    90.19200000000001,
    "f"
  ],
  [
    0.9437817164929484,
    -0.0031626547258666315,
    90.19200000000001,
    "f"
  ],
  [
    0.9865500340590153,
    -0.003305973270085083,
    90.19200000000001,
    "f"
  ],
  [
    1.0335006379036995,
    -0.003463306842601599,
    90.19200000000001,
    "f"
  ],
  [
    1.0847547537162354,
    -0.0036350616761207655,
    90.19200000000001,
    "f"
  ],
  [
    1.1404336071858594,
    -0.003821644003346669,
    90.19200000000001,
    "f"
  ],
  [
    1.2006584240018057,
    -0.004023460056983841,
    90.19200000000001,
    "f"
  ],
  [
    1.2655504298533102,
    -0.004240916069736311,
    90.19200000000001,
    "f"
  ],
  [
    1.335230850429607,
    -0.004474418274308389,
    90.19200000000001,
    "f"
  ],
  [
    1.4098209114199327,
    -0.00472437290340455,
    90.19200000000001,
    "f"
  ],
  [
    1.4894418385135233,
    -0.004991186189729158,
    90.19200000000001,
    "f"
  ],
  [
    1.5742148573996113,
    -0.005275264365986243,
    90.19200000000001,
    "f"
  ],
  [
    1.664261193767435,
    -0.0055770136648800595,
    90.19200000000001,
    "f"
  ],
  [
    1.759702073306227,
    -0.005896840319115082,
    90.19200000000001,
    "f"
  ],
  [
    1.8606587217052242,
    -0.006235150561395786,
    90.19200000000001,
    "f"
  ],
  [
    1.9672523646536622,
    -0.006592350624426202,
    90.19200000000001,
    "f"
  ],
  [
    2.079604227840775,
    -0.006968846740910584,
    90.19200000000001,
    "f"
  ],
  [
    2.1978355369557976,
    -0.007365045143553628,
    90.19200000000001,
    "f"
  ],
  [
    2.1978355369557976,
    -0.007365045143553628,
    90.19200000000001,
    "f"
  ],
  [
    2.3190729258828604,
    -0.006756008917971235,
    89.23385820241185,
    "f"
  ],
  [
    2.4403453977613196,
    -0.0041274118381968705,
    88.28424337380068,
    "f"
  ],
  [
    2.561627732163257,
    0.0005044238304403592,
    87.34306298933342,
    "f"
  ],
  [
    2.682894708660749,
    0.007123175822610683,
    86.4102090981047,
    "f"
  ],
  [
    2.8041211068258782,
    0.015712521872984553,
    85.48555925873382,
    "f"
  ],
  [
    2.9252817062307237,
    0.026256139716233307,
    84.56897745460014,
    "f"
  ],
  [
    3.046351286447364,
    0.03873770708702673,
    83.66031498455698,
    "f"
  ],
  [
    3.167304627047881,
    0.053140901720035716,
    82.75941132562639,
    "f"
  ],
  [
    3.288116507604352,
    0.06944940134993116,
    81.86609496479417,
    "f"
  ],
  [
    3.4087617076888588,
    0.0876468837113833,
    80.98018419760297,
    "f"
  ],
  [
    3.5292150068734798,
    0.10771702653906323,
    80.1014878917739,
    "f"
  ],
  [
    3.6494511847302955,
    0.12964350756764098,
    79.22980621457123,
    "f"
  ],
  [
    3.7694450208313866,
    0.15341000453178721,
    78.36493132306941,
    "f"
  ],
  [
    3.8891712947488304,
    0.1790001951661726,
    77.50664801687185,
    "f"
  ],
  [
    4.008604786054709,
    0.20639775720546738,
    76.65473435318916,
    "f"
  ],
  [
    4.127720274321099,
    0.2355863683843431,
    75.80896222448905,
    "f"
  ],
  [
    4.246492539120085,
    0.2665497064374698,
    74.96909789920625,
    "f"
  ],
  [
    4.364896360023741,
    0.2992714490995174,
    74.13490252623211,
    "f"
  ],
  [
    4.482906516604153,
    0.33373527410515824,
    73.30613260410462,
    "f"
  ],
  [
    4.600497788433397,
    0.3699248591890616,
    72.48254041598966,
    "f"
  ],
  [
    4.717644955083552,
    0.4078238820858975,
    71.66387443168429,
    "f"
  ],
  [
    4.834322796126699,
    0.4474160205303377,
    70.8498796779902,
    "f"
  ],
  [
    4.950506091134917,
    0.48868495225705244,
    70.04029807889555,
    "f"
  ],
  [
    5.066169619680288,
    0.5316143550007122,
    69.23486876708102,
    "f"
  ],
  [
    5.181288161334889,
    0.5761879064959878,
    68.43332836831792,
    "f"
  ],
  [
    5.295836495670803,
    0.6223892844775498,
    67.63541126037,
    "f"
  ],
  [
    5.409789402260108,
    0.670202166680069,
    66.84084980803834,
    "f"
  ],
  [
    5.52312166067488,
    0.7196102308382151,
    66.04937457600732,
    "f"
  ],
  [
    5.635808050487204,
    0.7705971546866601,
    65.26071452115832,
    "f"
  ],
  [
    5.74782335126916,
    0.8231466159600729,
    64.47459716602259,
    "f"
  ],
  [
    5.859142342592824,
    0.8772422923931253,
    63.69074875504094,
    "f"
  ],
  [
    5.969739804030276,
    0.932867861720488,
    62.90889439529252,
    "f"
  ],
  [
    6.079590515153599,
    0.9900070016768312,
    62.1287581833476,
    "f"
  ],
  [
    6.188669255534872,
    1.0486433899968253,
    61.35006331988791,
    "f"
  ],
  [
    6.296950804746173,
    1.1087607044151409,
    60.57253221373003,
    "f"
  ],
  [
    6.40440994235958,
    1.1703426226664484,
    59.79588657687691,
    "f"
  ],
  [
    6.511021447947179,
    1.233372822485419,
    59.019847512216074,
    "f"
  ],
  [
    6.616760101081044,
    1.2978349816067232,
    58.24413559547531,
    "f"
  ],
  [
    6.721600681333256,
    1.3637127777650315,
    57.468470953045994,
    "f"
  ],
  [
    6.825517968275898,
    1.430989888695015,
    56.692573337279896,
    "f"
  ],
  [
    6.928486741481048,
    1.499649992131343,
    55.9161622008736,
    "f"
  ],
  [
    7.0304817805207795,
    1.5696767658086863,
    55.13895677195478,
    "f"
  ],
  [
    7.131477864967182,
    1.6410538874617169,
    54.36067613149976,
    "f"
  ],
  [
    7.231449774392333,
    1.713765034825105,
    53.58103929471997,
    "f"
  ],
  [
    7.330372288368306,
    1.78779388563352,
    52.79976529807777,
    "f"
  ],
  [
    7.428220186467185,
    1.863124117621633,
    52.01657329360455,
    "f"
  ],
  [
    7.524968248261052,
    1.939739408524115,
    51.231182652224106,
    "f"
  ],
  [
    7.620591253321983,
    2.017623436075636,
    50.44331307780362,
    "f"
  ],
  [
    7.71506398122206,
    2.0967598780108676,
    49.65268473368576,
    "f"
  ],
  [
    7.808361211533364,
    2.1771324120644797,
    48.85901838348195,
    "f"
  ],
  [
    7.90045772382797,
    2.258724715971144,
    48.06203554793467,
    "f"
  ],
  [
    7.991328297677961,
    2.3415204674655277,
    47.26145867968694,
    "f"
  ],
  [
    8.080947712655417,
    2.4255033442823057,
    46.457011357822466,
    "f"
  ],
  [
    8.169290748332417,
    2.510657024156147,
    45.6484185040606,
    "f"
  ],
  [
    8.25633218428104,
    2.5969651848217206,
    44.835406622514824,
    "f"
  ],
  [
    8.342046800073367,
    2.6844115040136987,
    44.0177040649271,
    "f"
  ],
  [
    8.426409375281477,
    2.7729796594667517,
    43.19504132330394,
    "f"
  ],
  [
    8.50939468947745,
    2.8626533289155494,
    42.36715135186432,
    "f"
  ],
  [
    8.590977522233366,
    2.9534161900947637,
    41.53376992019787,
    "f"
  ],
  [
    8.671132653121305,
    3.0452519207390645,
    40.69463599949165,
    "f"
  ],
  [
    8.749834861713346,
    3.138144198583122,
    39.849492183634766,
    "f"
  ],
  [
    8.827058927581566,
    3.232076701361607,
    38.99808514693302,
    "f"
  ],
  [
    8.902779630298053,
    3.3270331068091927,
    38.140166140068686,
    "f"
  ],
  [
    8.97697174943488,
    3.4229970926605446,
    37.27549152581469,
    "f"
  ],
  [
    9.049610064564126,
    3.519952336650336,
    36.4038233558515,
    "f"
  ],
  [
    9.120669355257872,
    3.6178825165132382,
    35.52492998984496,
    "f"
  ],
  [
    9.190124401088202,
    3.716771309983922,
    34.6385867577078,
    "f"
  ],
  [
    9.257949981627192,
    3.816602394797057,
    33.744576665694694,
    "f"
  ],
  [
    9.324120876446925,
    3.9173594486873133,
    32.84269114665767,
    "f"
  ],
  [
    9.38861186511947,
    4.019026149389361,
    31.932730854417173,
    "f"
  ],
  [
    9.451397727216921,
    4.121586174637874,
    31.014506501780318,
    "f"
  ],
  [
    9.51245324231135,
    4.2250232021675185,
    30.087839741256744,
    "f"
  ],
  [
    9.57175318997484,
    4.329320909712969,
    29.152564086984967,
    "f"
  ],
  [
    9.629272349779466,
    4.434462975008893,
    28.208525875786677,
    "f"
  ],
  [
    9.684985501297312,
    4.540433075789964,
    27.255585264609294,
    "f"
  ],
  [
    9.738867424100457,
    4.647214889790849,
    26.293617260905933,
    "f"
  ],
  [
    9.79089289776098,
    4.754792094746222,
    25.322512781732655,
    "f"
  ],
  [
    9.84103670185096,
    4.863148368390753,
    24.3421797365246,
    "f"
  ],
  [
    9.889273615942479,
    4.97226738845911,
    23.352544127649708,
    "f"
  ],
  [
    9.935578419607616,
    5.082132832685967,
    22.353551161939095,
    "f"
  ],
  [
    9.979925892418446,
    5.192728378805991,
    21.345166365468742,
    "f"
  ],
  [
    10.022290813947059,
    5.304037704553857,
    20.327376692931125,
    "f"
  ],
  [
    10.062647963765528,
    5.416044487664232,
    19.300191622002217,
    "f"
  ],
  [
    10.10097212144593,
    5.528732405871787,
    18.263644222199844,
    "f"
  ],
  [
    10.137238066560348,
    5.642085136911195,
    17.217792186860265,
    "f"
  ],
  [
    10.171420578680866,
    5.756086358517124,
    16.162718816062124,
    "f"
  ],
  [
    10.203494437379558,
    5.870719748424247,
    15.098533937614832,
    "f"
  ],
  [
    10.233434422228505,
    5.985968984367232,
    14.025374752641255,
    "f"
  ],
  [
    10.261215312799788,
    6.101817744080751,
    12.94340659183871,
    "f"
  ],
  [
    10.286811888665484,
    6.218249705299473,
    11.852823568237227,
    "f"
  ],
  [
    10.310198929397677,
    6.335248545758072,
    10.753849112207035,
    "f"
  ],
  [
    10.331351214568445,
    6.452797943191217,
    9.646736374632951,
    "f"
  ],
  [
    10.350243523749864,
    6.5708815753335745,
    8.531768484591112,
    "f"
  ],
  [
    10.36685063651402,
    6.689483119919823,
    7.409258648555976,
    "f"
  ],
  [
    10.38114733243299,
    6.808586254684626,
    6.279550079141359,
    "f"
  ],
  [
    10.39310839107885,
    6.928174657362657,
    5.143015742661305,
    "f"
  ],
  [
    10.402708592023686,
    7.048232005688589,
    4.000057916365336,
    "f"
  ],
  [
    10.409922714839576,
    7.1687419773970875,
    2.851107548074765,
    "f"
  ],
  [
    10.414725539098598,
    7.289688250222826,
    1.6966234130859448,
    "f"
  ],
  [
    10.414725539098598,
    7.289688250222826,
    1.6966234130859448,
    "f"
  ],
  [
    10.418251296560499,
    7.4087199547714,
    1.6966233681735048,
    "f"
  ],
  [
    10.42165274136864,
    7.523554792055723,
    1.6966233209028587,
    "f"
  ],
  [
    10.424932436670524,
    7.634279295421454,
    1.6966232711165503,
    "f"
  ],
  [
    10.428092945613642,
    7.7409799982142395,
    1.6966232186446746,
    "f"
  ],
  [
    10.431136831345505,
    7.843743433779744,
    1.6966231633045368,
    "f"
  ],
  [
    10.434066657013611,
    7.942656135463616,
    1.6966231048986629,
    "f"
  ],
  [
    10.436884985765456,
    8.037804636611511,
    1.696623043214288,
    "f"
  ],
  [
    10.439594380748542,
    8.129275470569086,
    1.6966229780218782,
    "f"
  ],
  [
    10.442197405110369,
    8.21715517068199,
    1.6966229090736533,
    "f"
  ],
  [
    10.444696621998444,
    8.301530270295887,
    1.6966228361027333,
    "f"
  ],
  [
    10.447094594560252,
    8.38248730275642,
    1.6966227588209222,
    "f"
  ],
  [
    10.449393885943309,
    8.460112801409254,
    1.6966226769180253,
    "f"
  ],
  [
    10.451597059295107,
    8.534493299600042,
    1.6966225900598602,
    "f"
  ],
  [
    10.453706677763144,
    8.60571533067443,
    1.6966224978868354,
    "f"
  ],
  [
    10.45572530449493,
    8.673865427978084,
    1.6966224000127,
    "f"
  ],
  [
    10.457655502637952,
    8.739030124856647,
    1.696622296023179,
    "f"
  ],
  [
    10.459499835339724,
    8.801295954655785,
    1.69662218547478,
    "f"
  ],
  [
    10.461260865747736,
    8.860749450721146,
    1.6966220678941681,
    "f"
  ],
  [
    10.462941157009492,
    8.917477146398387,
    1.6966219427778242,
    "f"
  ],
  [
    10.464543272272495,
    8.971565575033162,
    1.6966218095922727,
    "f"
  ],
  [
    10.466069774684234,
    9.023101269971121,
    1.6966216677753891,
    "f"
  ],
  [
    10.467523227392226,
    9.07217076455793,
    1.6966215167387872,
    "f"
  ],
  [
    10.468906193543956,
    9.118860592139232,
    1.6966213558716845,
    "f"
  ],
  [
    10.470221236286934,
    9.163257286060688,
    1.6966211845469275,
    "f"
  ],
  [
    10.471470918768658,
    9.20544737966795,
    1.6966210021295183,
    "f"
  ],
  [
    10.472657804136627,
    9.245517406306677,
    1.6966208079883245,
    "f"
  ],
  [
    10.47378445553834,
    9.283553899322518,
    1.6966206015122225,
    "f"
  ],
  [
    10.474853436121297,
    9.319643392061128,
    1.6966203821307317,
    "f"
  ],
  [
    10.475867309032997,
    9.353872417868162,
    1.696620149341129,
    "f"
  ],
  [
    10.476828637420951,
    9.386327510089282,
    1.6966199027427251,
    "f"
  ],
  [
    10.477739984432644,
    9.417095202070131,
    1.6966196420790993,
    "f"
  ],
  [
    10.478603913215586,
    9.44626202715637,
    1.6966193672899976,
    "f"
  ],
  [
    10.479422986917276,
    9.47391451869366,
    1.696619078573633,
    "f"
  ],
  [
    10.480199768685212,
    9.500139210027642,
    1.6966187764579672,
    "f"
  ],
  [
    10.48093682166689,
    9.525022634503976,
    1.6966184618824514,
    "f"
  ],
  [
    10.48163670900982,
    9.548651325468322,
    1.6966181362862471,
    "f"
  ],
  [
    10.482301993861501,
    9.571111816266333,
    1.6966178016996878,
    "f"
  ],
  [
    10.48293523936942,
    9.592490640243653,
    1.696617460831078,
    "f"
  ],
  [
    10.48353900868109,
    9.612874330745948,
    1.696617117141102,
    "f"
  ],
  [
    10.484115864944012,
    9.632349421118873,
    1.6966167748906855,
    "f"
  ],
  [
    10.484668371305684,
    9.65100244470808,
    1.6966164391470215,
    "f"
  ],
  [
    10.485199090913595,
    9.668919934859215,
    1.6966161157333204,
    "f"
  ],
  [
    10.48571058691526,
    9.686188424917944,
    1.696615811104948,
    "f"
  ],
  [
    10.486205422458175,
    9.702894448229921,
    1.6966155321427436,
    "f"
  ],
  [
    10.486686160689835,
    9.719124538140793,
    1.6966152858624355,
    "f"
  ],
  [
    10.487155364757745,
    9.734965227996222,
    1.6966150790490246,
    "f"
  ],
  [
    10.487615597809407,
    9.750503051141859,
    1.6966149178441015,
    "f"
  ],
  [
    10.488069422992318,
    9.76582454092336,
    1.6966148073234422,
    "f"
  ],
  [
    10.488519403453976,
    9.781016230686378,
    1.696614751116556,
    "f"
  ],
  [
    10.488968102341888,
    9.79616465377657,
    1.696614751116499,
    "f"
  ],
  [
    10.489418082803548,
    9.81135634353959,
    1.696614807323499,
    "f"
  ],
  [
    10.489871907986455,
    9.826677833321087,
    1.6966149178441583,
    "f"
  ],
  [
    10.490332141038115,
    9.842215656466724,
    1.6966150790490246,
    "f"
  ],
  [
    10.490801345106025,
    9.85805634632215,
    1.6966152858624355,
    "f"
  ],
  [
    10.49128208333769,
    9.874286436233028,
    1.6966155321427436,
    "f"
  ],
  [
    10.491776918880602,
    9.890992459545,
    1.6966158111048912,
    "f"
  ],
  [
    10.492288414882267,
    9.908260949603731,
    1.6966161157333204,
    "f"
  ],
  [
    10.492819134490182,
    9.926178439754871,
    1.6966164391469647,
    "f"
  ],
  [
    10.49337164085185,
    9.944831463344073,
    1.6966167748906855,
    "f"
  ],
  [
    10.493948497114769,
    9.964306553716995,
    1.696617117141102,
    "f"
  ],
  [
    10.49455226642644,
    9.984690244219292,
    1.696617460831078,
    "f"
  ],
  [
    10.495185511934364,
    10.006069068196616,
    1.696617801699631,
    "f"
  ],
  [
    10.495850796786042,
    10.028529558994626,
    1.696618136286304,
    "f"
  ],
  [
    10.496550684128971,
    10.05215824995897,
    1.6966184618824514,
    "f"
  ],
  [
    10.49728773711065,
    10.077041674435305,
    1.6966187764579672,
    "f"
  ],
  [
    10.498064518878586,
    10.10326636576929,
    1.696619078573633,
    "f"
  ],
  [
    10.498883592580276,
    10.130918857306574,
    1.6966193672899976,
    "f"
  ],
  [
    10.499747521363219,
    10.160085682392815,
    1.6966196420790425,
    "f"
  ],
  [
    10.500658868374915,
    10.190853374373667,
    1.696619902742782,
    "f"
  ],
  [
    10.501620196762865,
    10.223308466594784,
    1.6966201493412427,
    "f"
  ],
  [
    10.502634069674567,
    10.25753749240182,
    1.696620382130675,
    "f"
  ],
  [
    10.503703050257524,
    10.293626985140431,
    1.6966206015121656,
    "f"
  ],
  [
    10.504829701659236,
    10.331663478156273,
    1.6966208079882676,
    "f"
  ],
  [
    10.506016587027204,
    10.371733504794996,
    1.6966210021295183,
    "f"
  ],
  [
    10.507266269508927,
    10.41392359840226,
    1.6966211845468706,
    "f"
  ],
  [
    10.508581312251906,
    10.458320292323716,
    1.6966213558716845,
    "f"
  ],
  [
    10.509964278403636,
    10.505010119905018,
    1.6966215167387872,
    "f"
  ],
  [
    10.511417731111624,
    10.554079614491823,
    1.6966216677753891,
    "f"
  ],
  [
    10.51294423352337,
    10.605615309429787,
    1.6966218095922727,
    "f"
  ],
  [
    10.51454634878637,
    10.659703738064561,
    1.6966219427778242,
    "f"
  ],
  [
    10.516226640048124,
    10.7164314337418,
    1.6966220678941681,
    "f"
  ],
  [
    10.517987670456137,
    10.775884929807162,
    1.69662218547478,
    "f"
  ],
  [
    10.519832003157909,
    10.8381507596063,
    1.696622296023179,
    "f"
  ],
  [
    10.521762201300932,
    10.903315456484863,
    1.696622400012643,
    "f"
  ],
  [
    10.523780828032717,
    10.971465553788516,
    1.6966224978867785,
    "f"
  ],
  [
    10.525890446500757,
    11.042687584862907,
    1.6966225900598602,
    "f"
  ],
  [
    10.528093619852553,
    11.117068083053693,
    1.696622676918082,
    "f"
  ],
  [
    10.530392911235609,
    11.194693581706526,
    1.696622758820979,
    "f"
  ],
  [
    10.53279088379742,
    11.275650614167063,
    1.6966228361027333,
    "f"
  ],
  [
    10.535290100685492,
    11.360025713780956,
    1.6966229090737102,
    "f"
  ],
  [
    10.53789312504732,
    11.447905413893864,
    1.6966229780218782,
    "f"
  ],
  [
    10.540602520030408,
    11.539376247851438,
    1.696623043214288,
    "f"
  ],
  [
    10.543420848782251,
    11.63452474899933,
    1.6966231048986629,
    "f"
  ],
  [
    10.546350674450355,
    11.733437450683205,
    1.69662316330448,
    "f"
  ],
  [
    10.549394560182218,
    11.836200886248704,
    1.6966232186446746,
    "f"
  ],
  [
    10.552555069125342,
    11.942901589041494,
    1.6966232711165503,
    "f"
  ],
  [
    10.555834764427225,
    12.053626092407224,
    1.6966233209028587,
    "f"
  ],
  [
    10.559236209235365,
    12.168460929691548,
    1.6966233681735616,
    "f"
  ],
  [
    10.562761966697266,
    12.28749263424012,
    1.6966234130859448,
    "f"
  ],
  [
    10.562761966697266,
    12.28749263424012,
    1.6966234130859448,
    "f"
  ],
  [
    10.566287724048845,
    12.40652433897609,
    1.6966232550901736,
    "f"
  ],
  [
    10.569689168529004,
    12.521359176817517,
    1.696623088798333,
    "f"
  ],
  [
    10.572968863289743,
    12.632083681102444,
    1.6966229136564834,
    "f"
  ],
  [
    10.576129371483038,
    12.738784385168888,
    1.6966227290677693,
    "f"
  ],
  [
    10.579173256260887,
    12.84154782235489,
    1.6966225343884958,
    "f"
  ],
  [
    10.582103080775273,
    12.94046052599848,
    1.6966223289244908,
    "f"
  ],
  [
    10.584921408178179,
    13.035609029437687,
    1.6966221119272404,
    "f"
  ],
  [
    10.587630801621605,
    13.12707986601055,
    1.6966218825890564,
    "f"
  ],
  [
    10.590233824257524,
    13.21495956905509,
    1.696621640038643,
    "f"
  ],
  [
    10.592733039237938,
    13.29933467190935,
    1.6966213833366055,
    "f"
  ],
  [
    10.595131009714823,
    13.38029170791135,
    1.6966211114697103,
    "f"
  ],
  [
    10.597430298840182,
    13.457917210399135,
    1.696620823346393,
    "f"
  ],
  [
    10.599633469765987,
    13.532297712710726,
    1.6966205177909615,
    "f"
  ],
  [
    10.601743085644232,
    13.603519748184155,
    1.6966201935387062,
    "f"
  ],
  [
    10.60376170962691,
    13.671669850157464,
    1.6966198492307285,
    "f"
  ],
  [
    10.605691904865997,
    13.736834551968673,
    1.6966194834095063,
    "f"
  ],
  [
    10.607536234513493,
    13.799100386955818,
    1.6966190945151993,
    "f"
  ],
  [
    10.609297261721377,
    13.858553888456932,
    1.696618680882466,
    "f"
  ],
  [
    10.61097754964165,
    13.915281589810053,
    1.6966182407400652,
    "f"
  ],
  [
    10.612579661426292,
    13.969370024353204,
    1.6966177722113116,
    "f"
  ],
  [
    10.61410616022728,
    14.020905725424411,
    1.6966172733186795,
    "f"
  ],
  [
    10.615559609196618,
    14.069975226361722,
    1.6966167419923295,
    "f"
  ],
  [
    10.616942571486282,
    14.116665060503152,
    1.6966161760836371,
    "f"
  ],
  [
    10.618257610248268,
    14.161061761186746,
    1.6966155733863388,
    "f"
  ],
  [
    10.619507288634567,
    14.203251861750529,
    1.6966149316664882,
    "f"
  ],
  [
    10.620694169797158,
    14.243321895532539,
    1.6966142487042362,
    "f"
  ],
  [
    10.621820816888036,
    14.2813583958708,
    1.6966135223493666,
    "f"
  ],
  [
    10.622889793059182,
    14.317447896103342,
    1.6966127505950226,
    "f"
  ],
  [
    10.623903661462588,
    14.351676929568207,
    1.696611931672976,
    "f"
  ],
  [
    10.624864985250241,
    14.384132029603421,
    1.6966110641731689,
    "f"
  ],
  [
    10.625776327574131,
    14.414899729547013,
    1.6966101471938941,
    "f"
  ],
  [
    10.626640251586242,
    14.444066562737017,
    1.6966091805236942,
    "f"
  ],
  [
    10.627459320438568,
    14.471719062511472,
    1.696608164858901,
    "f"
  ],
  [
    10.628236097283093,
    14.497943762208402,
    1.6966071020572144,
    "f"
  ],
  [
    10.628973145271798,
    14.522827195165837,
    1.6966059954234538,
    "f"
  ],
  [
    10.629673027556686,
    14.546455894721813,
    1.6966048500207194,
    "f"
  ],
  [
    10.630338307289733,
    14.56891639421436,
    1.6966036729907046,
    "f"
  ],
  [
    10.630971547622933,
    14.59029522698151,
    1.696602473861617,
    "f"
  ],
  [
    10.631575311708266,
    14.610678926361292,
    1.6966012648078959,
    "f"
  ],
  [
    10.632152162697736,
    14.630154025691748,
    1.6966000608178433,
    "f"
  ],
  [
    10.632704663743315,
    14.6488070583109,
    1.696598879718067,
    "f"
  ],
  [
    10.633235377996991,
    14.666724557556774,
    1.6965977419931733,
    "f"
  ],
  [
    10.63374686861077,
    14.68399305676742,
    1.6965966703524487,
    "f"
  ],
  [
    10.634241698736618,
    14.700699089280858,
    1.6965956890022653,
    "f"
  ],
  [
    10.634722431526534,
    14.716929188435119,
    1.6965948226219325,
    "f"
  ],
  [
    10.635191630132503,
    14.732769887568235,
    1.6965940950813092,
    "f"
  ],
  [
    10.635651857706522,
    14.748307720018246,
    1.6965935279844189,
    "f"
  ],
  [
    10.636105677400561,
    14.763629219123175,
    1.696593139188053,
    "f"
  ],
  [
    10.636555652366624,
    14.778820918221054,
    1.6965929414601533,
    "f"
  ],
  [
    10.637004345756694,
    14.79396935064992,
    1.6965929414602101,
    "f"
  ],
  [
    10.637454320722757,
    14.809161049747804,
    1.69659313918811,
    "f"
  ],
  [
    10.637908140416798,
    14.824482548852728,
    1.6965935279844757,
    "f"
  ],
  [
    10.638368367990813,
    14.840020381302736,
    1.6965940950811955,
    "f"
  ],
  [
    10.638837566596784,
    14.855861080435854,
    1.6965948226220462,
    "f"
  ],
  [
    10.639318299386701,
    14.872091179590118,
    1.6965956890019243,
    "f"
  ],
  [
    10.63981312951255,
    14.888797212103555,
    1.696596670352335,
    "f"
  ],
  [
    10.640324620126322,
    14.906065711314195,
    1.6965977419934006,
    "f"
  ],
  [
    10.640855334380005,
    14.923983210560078,
    1.6965988797180103,
    "f"
  ],
  [
    10.641407835425586,
    14.94263624317923,
    1.6966000608177865,
    "f"
  ],
  [
    10.641984686415048,
    14.96211134250968,
    1.696601264807839,
    "f"
  ],
  [
    10.642588450500389,
    14.982495041889466,
    1.6966024738617307,
    "f"
  ],
  [
    10.643221690833585,
    15.003873874656614,
    1.6966036729906477,
    "f"
  ],
  [
    10.643886970566633,
    15.026334374149162,
    1.6966048500206625,
    "f"
  ],
  [
    10.644586852851516,
    15.049963073705136,
    1.6966059954235106,
    "f"
  ],
  [
    10.645323900840227,
    15.074846506662574,
    1.6966071020572144,
    "f"
  ],
  [
    10.64610067768475,
    15.101071206359503,
    1.696608164858901,
    "f"
  ],
  [
    10.646919746537074,
    15.128723706133954,
    1.6966091805236942,
    "f"
  ],
  [
    10.647783670549186,
    15.157890539323958,
    1.6966101471940078,
    "f"
  ],
  [
    10.648695012873077,
    15.188658239267554,
    1.6966110641732257,
    "f"
  ],
  [
    10.649656336660732,
    15.221113339302768,
    1.6966119316730328,
    "f"
  ],
  [
    10.650670205064136,
    15.255342372767632,
    1.6966127505951363,
    "f"
  ],
  [
    10.651739181235284,
    15.291431873000178,
    1.6966135223493666,
    "f"
  ],
  [
    10.65286582832616,
    15.329468373338438,
    1.6966142487042362,
    "f"
  ],
  [
    10.654052709488749,
    15.369538407120444,
    1.6966149316664882,
    "f"
  ],
  [
    10.65530238787505,
    15.41172850768423,
    1.6966155733863388,
    "f"
  ],
  [
    10.656617426637036,
    15.456125208367823,
    1.6966161760836371,
    "f"
  ],
  [
    10.658000388926702,
    15.502815042509255,
    1.6966167419923295,
    "f"
  ],
  [
    10.659453837896038,
    15.551884543446562,
    1.6966172733186795,
    "f"
  ],
  [
    10.660980336697033,
    15.603420244517775,
    1.6966177722113116,
    "f"
  ],
  [
    10.662582448481668,
    15.657508679060925,
    1.6966182407400652,
    "f"
  ],
  [
    10.664262736401936,
    15.71423638041404,
    1.696618680882466,
    "f"
  ],
  [
    10.666023763609823,
    15.773689881915153,
    1.6966190945151425,
    "f"
  ],
  [
    10.66786809325732,
    15.835955716902301,
    1.6966194834095063,
    "f"
  ],
  [
    10.669798288496409,
    15.901120418713514,
    1.6966198492306717,
    "f"
  ],
  [
    10.671816912479088,
    15.96927052068682,
    1.6966201935387062,
    "f"
  ],
  [
    10.673926528357333,
    16.040492556160252,
    1.6966205177909615,
    "f"
  ],
  [
    10.676129699283138,
    16.11487305847184,
    1.696620823346393,
    "f"
  ],
  [
    10.678428988408491,
    16.192498560959624,
    1.6966211114697671,
    "f"
  ],
  [
    10.68082695888538,
    16.27345559696163,
    1.6966213833366055,
    "f"
  ],
  [
    10.683326173865794,
    16.357830699815885,
    1.696621640038643,
    "f"
  ],
  [
    10.685929196501714,
    16.445710402860428,
    1.6966218825890564,
    "f"
  ],
  [
    10.688638589945139,
    16.537181239433288,
    1.6966221119272404,
    "f"
  ],
  [
    10.691456917348045,
    16.632329742872496,
    1.6966223289245477,
    "f"
  ],
  [
    10.69438674186243,
    16.731242446516084,
    1.6966225343884958,
    "f"
  ],
  [
    10.697430626640278,
    16.834005883702083,
    1.6966227290678262,
    "f"
  ],
  [
    10.700591134833576,
    16.94070658776854,
    1.6966229136564834,
    "f"
  ],
  [
    10.70387082959431,
    17.051431092053456,
    1.696623088798333,
    "f"
  ],
  [
    10.707272274074477,
    17.166265929894884,
    1.6966232550901736,
    "f"
  ],
  [
    10.710798031426053,
    17.285297634630854,
    1.6966234130859448,
    "f"
  ]
]