[42.520204,-83.043527]
[42.520204, -83.043527]
[42.520204, -83.043527]
[42.520204, -83.043527]
[42.520204, -83.043527]
[42.520204, -83.043527]
[42.520204, -83.043527]
[42.520204, -83.043527]
[42.520204, -83.043527]
[42.520204, -83.043527]
[42.520204, -83.043527]
[42.520204, -83.043527]
[42.520204, -83.043527]
[42.520204, -83.043527]
[42.520204, -83.043527]
[42.520204, -83.043527]
[42.520204, -83.043527]
[42.520204, -83.043527]
[42.520204, -83.043527]
[42.520204, -83.043527]
[42.520204, -83.043527]
[42.520204, -83.043527]
[42.520204, -83.043527]
[42.520204, -83.043527]
[42.520204, -83.043527]
[42.520204, -83.043527]
[42.520204, -83.043527]
[42.520204, -83.043527]
[42.520204, -83.043527]
[42.520204, -83.043527]
[42.520204, -83.043527]
[42.520204, -83.043527]
[42.520204, -83.043527]
[42.520204, -83.043527]
[42.520204, -83.043527]
[42.520204, -83.043527]
[42.520204, -83.043527]
[42.520204, -83.043527]
[42.520204, -83.043527]
[42.520204, -83.043527]
[42.520204, -83.043527]
[42.520204, -83.043527]
[42.520204, -83.043527]
[42.520204, -83.043527]
[42.520204, -83.043527]
[42.520204, -83.043527]
[42.520204, -83.043527]
[42.520204, -83.043527]
[42.520204, -83.043527]
[42.520204, -83.043527]
[42.520204, -83.043527]
[42.520204, -83.043527]
[42.520204, -83.043527]
[42.520204, -83.043527]
[42.520204, -83.043527]
[42.520204, -83.043527]
[42.520204, -83.043527]
[42.520204, -83.043527]
[42.520204, -83.043527]
[42.520204, -83.043527]
[42.520204, -83.043527]
[42.520204, -83.043527]
[42.520204, -83.043527]
[42.520204, -83.043527]
[42.520204, -83.043527]
[42.520204, -83.043527]
[42.520204, -83.043527]
[42.520204, -83.043527]
[42.520204, -83.043527]
[42.520204, -83.043527]
[42.520204, -83.043527]
[42.520204, -83.043527]
[42.520204, -83.043527]
[42.520204, -83.043527]
[42.520204, -83.043527]
[42.520204, -83.043527]
[42.520204, -83.043527]
[42.520204, -83.043527]
[42.520204, -83.043527]
[42.520204, -83.043527]
[42.520204, -83.043527]
[42.520204, -83.043527]
[42.520204, -83.043527]
[42.520204, -83.043527]
[42.520204, -83.043527]
[42.520204, -83.043527]
[42.520204, -83.043527]
[42.520204, -83.043527]
[42.520204, -83.043527]
[42.520204, -83.043527]
[42.520204, -83.043527]
[42.520204, -83.043527]
[42.520204, -83.043527]
[42.520204, -83.043527]
[42.520204, -83.043527]
[42.520204, -83.043527]
[42.520204, -83.043527]
[42.520204, -83.043527]
[42.520204, -83.043527]
[42.520204, -83.043527]
[42.520204, -83.043527]
[42.520204, -83.043527]
[42.520204, -83.043527]
[42.520204, -83.043527]
[42.520204, -83.043527]
[42.520204, -83.043527]
[42.520204, -83.043527]
[42.520204, -83.043527]
[42.520204, -83.043527]
[42.520204, -83.043527]
[42.520204, -83.043527]
[42.520204, -83.043527]
[42.520204, -83.043527]
[42.520204, -83.043527]
[42.520204, -83.043527]
[42.520204, -83.043527]
[42.520204, -83.043527]
[42.520204, -83.043527]
[42.520204, -83.043527]
[42.520204, -83.043527]
[42.520203, -83.043526]
[42.520203, -83.043526]
[42.520203, -83.043526]
[42.520203, -83.043526]
[42.520203, -83.043526]
[42.520203, -83.043526]
[42.520203, -83.043526]
[42.520203, -83.043526]
[42.520203, -83.043526]
[42.520203, -83.043526]
[42.520203, -83.043526]
[42.520203, -83.043526]
[42.520203, -83.043526]
[42.520203, -83.043526]
[42.520203, -83.043526]
[42.520203, -83.043526]
[42.520203, -83.043526]
[42.520203, -83.043526]
[42.520203, -83.043526]
[42.520203, -83.043526]
[42.520203, -83.043526]
[42.520203, -83.043526]
[42.520203, -83.043526]
[42.520203, -83.043526]
[42.520203, -83.043526]
[42.520203, -83.043526]
[42.520203, -83.043526]
[42.520203, -83.043526]
[42.520203, -83.043526]
[42.520203, -83.043526]
[42.520203, -83.043526]
[42.520203, -83.043526]
[42.520203, -83.043526]
[42.520203, -83.043526]
[42.520203, -83.043526]
[42.520203, -83.043526]
[42.520203, -83.043526]
[42.520203, -83.043526]
[42.520203, -83.043526]
[42.520203, -83.043526]
[42.520203, -83.043526]
[42.520203, -83.043526]
[42.520203, -83.043526]
[42.520203, -83.043526]
[42.520203, -83.043526]
[42.520203, -83.043526]
[42.520203, -83.043526]
[42.520203, -83.043526]
[42.520203, -83.043526]
[42.520203, -83.043526]
[42.520203, -83.043526]
[42.520203, -83.043526]
[42.520203, -83.043526]
[42.520203, -83.043526]
[42.520203, -83.043526]
[42.520203, -83.043526]
[42.520203, -83.043526]
[42.520203, -83.043526]
[42.520203, -83.043526]
[42.520203, -83.043526]
[42.520203, -83.043526]
[42.520203, -83.043526]
[42.520203, -83.043526]
[42.520203, -83.043526]
[42.520203, -83.043526]
[42.520203, -83.043526]
[42.520203, -83.043526]
[42.520203, -83.043526]
[42.520203, -83.043526]
[42.520203, -83.043526]
[42.520203, -83.043526]
[42.520203, -83.043526]
[42.520203, -83.043526]
[42.520203, -83.043526]
[42.520203, -83.043526]
[42.520203, -83.043526]
[42.520203, -83.043526]
[42.520203, -83.043526]
[42.520203, -83.043526]
[42.520203, -83.043526]
[42.520203, -83.043526]
[42.520203, -83.043526]
[42.520203, -83.043526]
[42.520203, -83.043526]
[42.520203, -83.043526]
[42.520203, -83.043526]
[42.520205, -83.043526]
[42.520205, -83.043526]
[42.520205, -83.043525]
[42.520205, -83.043525]
[42.520205, -83.043525]
[42.520205, -83.043525]
[42.520205, -83.043525]
[42.520205, -83.043525]
[42.520205, -83.043525]
[42.520205, -83.043525]
[42.520205, -83.043525]
[42.520205, -83.043525]
[42.520205, -83.043525]
[42.520205, -83.043525]
[42.520205, -83.043525]
[42.520205, -83.043525]
[42.520205, -83.043525]
[42.520205, -83.043525]
[42.520205, -83.043525]
[42.520205, -83.043525]
[42.520205, -83.043525]
[42.520205, -83.043526]
[42.520204, -83.043526]
[42.520204, -83.043526]
[42.520204, -83.043526]
[42.520204, -83.043526]
[42.520204, -83.043526]
[42.520204, -83.043526]
[42.520204, -83.043526]
[42.520204, -83.043526]
[42.520204, -83.043526]
[42.520204, -83.043526]
[42.520204, -83.043526]
[42.520204, -83.043526]
[42.520204, -83.043526]
[42.520204, -83.043526]
[42.520204, -83.043526]
[42.520204, -83.043526]
[42.520204, -83.043526]
[42.520204, -83.043526]
[42.520204, -83.043526]
[42.520204, -83.043526]
[42.520204, -83.043526]
[42.520204, -83.043526]
[42.520204, -83.043526]
[42.520204, -83.043526]
[42.520204, -83.043526]
[42.520204, -83.043526]
[42.520204, -83.043526]
[42.520204, -83.043526]
[42.520204, -83.043526]
[42.520204, -83.043526]
[42.520204, -83.043526]
[42.520204, -83.043526]
[42.520204, -83.043526]
[42.520204, -83.043526]
[42.520204, -83.043526]
[42.520204, -83.043526]
[42.520204, -83.043526]
[42.520204, -83.043526]
[42.520204, -83.043526]
[42.520204, -83.043526]
[42.520204, -83.043526]
[42.520204, -83.043526]
[42.520204, -83.043526]
[42.520204, -83.043526]
[42.520204, -83.043526]
[42.520204, -83.043526]
[42.520204, -83.043526]
[42.520204, -83.043526]
[42.520204, -83.043526]
[42.520204, -83.043526]
[42.520204, -83.043526]
[42.520204, -83.043526]
[42.520204, -83.043526]
[42.520204, -83.043526]
[42.520204, -83.043526]
[42.520204, -83.043526]
[42.520204, -83.043526]
[42.520204, -83.043526]
[42.520203, -83.043526]
[42.520203, -83.043526]
[42.520203, -83.043526]
[42.520203, -83.043526]
[42.520203, -83.043526]
[42.520203, -83.043526]
[42.520203, -83.043526]
[42.520203, -83.043526]
[42.520203, -83.043526]
[42.520203, -83.043526]
[42.520203, -83.043526]
[42.520203, -83.043526]
[42.520203, -83.043526]
[42.520202, -83.043526]
[42.520202, -83.043526]
[42.520202, -83.043526]
[42.520202, -83.043526]
[42.520202, -83.043526]
[42.520202, -83.043526]
[42.520202, -83.043526]
[42.520202, -83.043525]
[42.520202, -83.043525]
[42.520202, -83.043525]
[42.520202, -83.043525]
[42.520202, -83.043525]
[42.520202, -83.043525]
[42.520202, -83.043525]
[42.520202, -83.043525]
[42.520202, -83.043525]
[42.520202, -83.043525]
[42.520202, -83.043525]
[42.520202, -83.043524]
[42.520202, -83.043524]
[42.520202, -83.043524]
--start execution--
--stop execution--
[42.520302, -83.043390]
[42.520302, -83.043390]
[42.520303, -83.043390]
[42.520303, -83.043390]
[42.520303, -83.043390]
[42.520303, -83.043391]
[42.520303, -83.043391]
[42.520303, -83.043391]
[42.520207, -83.043527]
[42.520207, -83.043527]
[42.520207, -83.043527]
[42.520207, -83.043527]
[42.520207, -83.043527]
[42.520207, -83.043527]
[42.520207, -83.043527]
[42.520207, -83.043527]
[42.520207, -83.043527]
[42.520207, -83.043527]
[42.520207, -83.043527]
[42.520207, -83.043527]
[42.520207, -83.043527]
[42.520207, -83.043527]
--start execution--
--stop execution--
[42.520301, -83.043389]
[42.520301, -83.043389]
[42.520300, -83.043389]
[42.520300, -83.043389]
[42.520300, -83.043389]
[42.520300, -83.043389]
[42.520300, -83.043389]
[42.520300, -83.043389]
[42.520300, -83.043389]
[42.520300, -83.043389]
[42.520300, -83.043389]
[42.520300, -83.043389]
[42.520300, -83.043389]
[42.520300, -83.043389]
[42.520300, -83.043389]
[42.520300, -83.043389]
[42.520300, -83.043389]
[42.520300, -83.043389]
[42.520300, -83.043389]
[42.520300, -83.043389]
[42.520300, -83.043389]
[42.520300, -83.043389]
[42.520300, -83.043389]
[42.520300, -83.043389]
[42.520300, -83.043389]
[42.520300, -83.043389]
[42.520300, -83.043389]
[42.520300, -83.043389]
[42.520300, -83.043389]
[42.520300, -83.043389]
[42.520300, -83.043389]
[42.520300, -83.043389]
[42.520300, -83.043389]
[42.520300, -83.043389]
[42.520300, -83.043389]
[42.520300, -83.043389]
[42.520300, -83.043388]
[42.520300, -83.043388]
[42.520300, -83.043388]
[42.520300, -83.043388]
[42.520300, -83.043388]
[42.520300, -83.043388]
[42.520300, -83.043388]
[42.520300, -83.043388]
[42.520300, -83.043388]
[42.520300, -83.043388]
[42.520299, -83.043388]
[42.520300, -83.043388]
[42.520299, -83.043388]
[42.520299, -83.043388]
[42.520299, -83.043388]
[42.520299, -83.043388]
[42.520299, -83.043388]
[42.520299, -83.043388]
[42.520299, -83.043388]
[42.520299, -83.043388]
[42.520299, -83.043388]
[42.520299, -83.043388]
[42.520299, -83.043388]
[42.520299, -83.043388]
[42.520299, -83.043388]
[42.520299, -83.043388]
[42.520299, -83.043388]
[42.520300, -83.043388]
[42.520300, -83.043388]
[42.520300, -83.043388]
[42.520299, -83.043388]
[42.520299, -83.043388]
[42.520299, -83.043388]
[42.520299, -83.043388]
[42.520299, -83.043388]
[42.520299, -83.043388]
[42.520299, -83.043388]
[42.520299, -83.043388]
[42.520299, -83.043388]
[42.520299, -83.043388]
[42.520299, -83.043388]
[42.520299, -83.043388]
[42.520299, -83.043388]
[42.520299, -83.043388]
[42.520299, -83.043388]
[42.520299, -83.043388]
[42.520299, -83.043388]
[42.520299, -83.043388]
[42.520299, -83.043388]
[42.520299, -83.043388]
[42.520299, -83.043388]
[42.520299, -83.043388]
[42.520299, -83.043388]
[42.520299, -83.043388]
[42.520299, -83.043388]
[42.520299, -83.043388]
[42.520299, -83.043388]
[42.520299, -83.043388]
[42.520299, -83.043388]
[42.520299, -83.043388]
[42.520299, -83.043388]
[42.520299, -83.043388]
[42.520299, -83.043388]
[42.520299, -83.043388]
[42.520299, -83.043388]
[42.520299, -83.043388]
[42.520300, -83.043388]
[42.520300, -83.043388]
[42.520300, -83.043388]
[42.520300, -83.043388]
[42.520300, -83.043388]
[42.520300, -83.043388]
[42.520300, -83.043388]
[42.520300, -83.043388]
[42.520300, -83.043388]
[42.520300, -83.043388]
[42.520300, -83.043388]
[42.520300, -83.043388]
[42.520300, -83.043388]
[42.520300, -83.043388]
[42.520300, -83.043388]
[42.520300, -83.043388]
[42.520300, -83.043388]
[42.520300, -83.043388]
[42.520300, -83.043388]
[42.520300, -83.043387]
[42.520300, -83.043387]
[42.520300, -83.043387]
[42.520300, -83.043387]
[42.520300, -83.043387]
[42.520300, -83.043387]
[42.520300, -83.043387]
[42.520300, -83.043387]
[42.520300, -83.043387]
[42.520300, -83.043387]
[42.520300, -83.043387]
[42.520300, -83.043387]
[42.520300, -83.043387]
[42.520300, -83.043387]
[42.520300, -83.043387]
[42.520300, -83.043387]
[42.520300, -83.043387]
[42.520300, -83.043387]
[42.520300, -83.043387]
[42.520300, -83.043387]
[42.520300, -83.043387]
[42.520300, -83.043387]
[42.520300, -83.043387]
[42.520300, -83.043387]
[42.520300, -83.043387]
[42.520300, -83.043387]
[42.520300, -83.043387]
[42.520300, -83.043387]
[42.520300, -83.043387]
[42.520300, -83.043387]
[42.520300, -83.043387]
[42.520300, -83.043387]
[42.520300, -83.043387]
[42.520300, -83.043387]
[42.520300, -83.043387]
[42.520300, -83.043387]
[42.520300, -83.043387]
[42.520300, -83.043388]
[42.520300, -83.043388]
[42.520300, -83.043388]
[42.520300, -83.043388]
[42.520300, -83.043388]
[42.520300, -83.043388]
[42.520300, -83.043388]
[42.520300, -83.043388]
[42.520300, -83.043388]
[42.520300, -83.043388]
[42.520301, -83.043388]
[42.520301, -83.043388]
[42.520301, -83.043388]
[42.520301, -83.043388]
[42.520301, -83.043388]
[42.520301, -83.043388]
[42.520301, -83.043388]
[42.520301, -83.043388]
[42.520301, -83.043388]
[42.520301, -83.043388]
[42.520301, -83.043388]
[42.520301, -83.043388]
[42.520301, -83.043388]
[42.520301, -83.043388]
[42.520301, -83.043388]
[42.520301, -83.043388]
[42.520301, -83.043388]
[42.520301, -83.043388]
[42.520301, -83.043388]
[42.520301, -83.043388]
[42.520301, -83.043388]
[42.520301, -83.043388]
[42.520301, -83.043388]
[42.520301, -83.043388]
[42.520301, -83.043388]
[42.520301, -83.043388]
[42.520301, -83.043388]
[42.520301, -83.043388]
[42.520301, -83.043388]
[42.520301, -83.043388]
[42.520301, -83.043388]
[42.520301, -83.043388]
[42.520301, -83.043388]
[42.520301, -83.043388]
[42.520301, -83.043388]
[42.520301, -83.043388]
[42.520301, -83.043388]
[42.520301, -83.043388]
[42.520301, -83.043388]
[42.520301, -83.043388]
[42.520301, -83.043388]
[42.520301, -83.043388]
[42.520301, -83.043388]
[42.520301, -83.043388]
[42.520301, -83.043388]
[42.520301, -83.043388]
[42.520301, -83.043388]
[42.520301, -83.043388]
[42.520301, -83.043388]
[42.520301, -83.043388]
[42.520301, -83.043388]
[42.520301, -83.043388]
[42.520301, -83.043388]
[42.520301, -83.043388]
[42.520301, -83.043388]
[42.520301, -83.043388]
[42.520301, -83.043388]
[42.520301, -83.043388]
[42.520301, -83.043388]
[42.520301, -83.043388]
[42.520301, -83.043388]
[42.520301, -83.043388]
[42.520301, -83.043388]
[42.520301, -83.043388]
[42.520301, -83.043388]
[42.520301, -83.043388]
[42.520301, -83.043388]
[42.520301, -83.043388]
[42.520301, -83.043388]
[42.520302, -83.043388]
[42.520302, -83.043388]
[42.520302, -83.043388]
[42.520302, -83.043388]
[42.520302, -83.043388]
[42.520302, -83.043388]
[42.520302, -83.043388]
[42.520302, -83.043388]
[42.520302, -83.043388]
[42.520302, -83.043388]
[42.520302, -83.043388]
[42.520302, -83.043388]
[42.520302, -83.043388]
[42.520302, -83.043388]
[42.520302, -83.043388]
[42.520302, -83.043388]
[42.520302, -83.043388]
[42.520302, -83.043388]
[42.520302, -83.043388]
[42.520302, -83.043388]
[42.520302, -83.043388]
[42.520302, -83.043388]
[42.520302, -83.043388]
[42.520302, -83.043388]
[42.520302, -83.043388]
[42.520302, -83.043388]
[42.520302, -83.043388]
[42.520302, -83.043388]
[42.520302, -83.043388]
[42.520302, -83.043388]
[42.520302, -83.043388]
[42.520302, -83.043388]
[42.520302, -83.043388]
[42.520302, -83.043388]
[42.520302, -83.043388]
[42.520302, -83.043388]
[42.520302, -83.043388]
[42.520302, -83.043388]
[42.520302, -83.043388]
[42.520302, -83.043388]
[42.520302, -83.043388]
[42.520302, -83.043388]
[42.520302, -83.043388]
[42.520302, -83.043388]
[42.520302, -83.043388]
[42.520302, -83.043388]
[42.520302, -83.043388]
[42.520302, -83.043388]
[42.520302, -83.043388]
[42.520302, -83.043388]
[42.520302, -83.043388]
[42.520302, -83.043388]
[42.520302, -83.043388]
[42.520302, -83.043388]
[42.520302, -83.043388]
[42.520302, -83.043388]
[42.520302, -83.043388]
[42.520302, -83.043388]
[42.520302, -83.043388]
[42.520302, -83.043388]
[42.520302, -83.043388]
[42.520302, -83.043388]
[42.520302, -83.043388]
[42.520302, -83.043388]
[42.520302, -83.043388]
[42.520302, -83.043388]
[42.520302, -83.043388]
[42.520302, -83.043388]
[42.520302, -83.043388]
[42.520302, -83.043388]
[42.520302, -83.043388]
[42.520302, -83.043388]
[42.520302, -83.043388]
[42.520302, -83.043388]
[42.520302, -83.043388]
[42.520302, -83.043388]
[42.520302, -83.043388]
[42.520302, -83.043388]
[42.520302, -83.043388]
[42.520302, -83.043388]
[42.520302, -83.043388]
[42.520302, -83.043388]
[42.520302, -83.043388]
[42.520302, -83.043388]
[42.520302, -83.043388]
[42.520302, -83.043388]
