--start--
[0.00, 0.00]
[0.00, 0.00]
[0.00, 0.00]
[0.00, 0.00]
[0.00, 0.00]
[0.08, 0.00]
[0.16, 0.00]
[0.41, 0.00]
[0.57, 0.00]
[0.90, 0.00]
[1.31, 0.00]
[1.64, 0.11]
[1.97, 0.11]
[2.30, 0.11]
[2.54, 0.11]
[2.87, 0.22]
[3.12, 0.22]
[3.53, 0.33]
[3.69, 0.33]
[3.94, 0.45]
[4.02, 0.45]
[4.27, 0.56]
[4.51, 0.56]
[4.76, 0.67]
[5.09, 0.78]
[5.17, 0.78]
[5.25, 0.78]
[5.50, 0.89]
[5.66, 1.00]
[5.74, 1.00]
[6.07, 1.11]
[6.32, 1.22]
[6.56, 1.34]
[6.73, 1.34]
[6.81, 1.45]
[7.06, 1.56]
[7.06, 1.56]
[7.30, 1.56]
[7.47, 1.67]
[7.79, 1.89]
[8.04, 2.00]
[8.12, 2.12]
[8.20, 2.12]
[8.20, 2.12]
[8.53, 2.34]
[8.53, 2.34]
[8.70, 2.45]
[8.70, 2.45]
[8.94, 2.56]
[8.94, 2.56]
[9.19, 2.78]
[9.19, 2.78]
[9.27, 2.89]
[9.35, 2.89]
[9.44, 3.12]
[9.44, 3.12]
[9.60, 3.23]
[9.68, 3.34]
[9.76, 3.45]
[9.76, 3.45]
[10.01, 3.67]
[10.01, 3.67]
[10.09, 3.90]
[10.17, 4.01]
[10.26, 4.12]
[10.26, 4.12]
[10.34, 4.34]
[10.42, 4.34]
[10.50, 4.56]
[10.50, 4.56]
[10.58, 4.79]
[10.67, 4.79]
[10.67, 5.01]
[10.75, 5.23]
[10.75, 5.34]
[10.83, 5.34]
[10.83, 5.45]
[10.83, 5.57]
[10.91, 5.79]
[10.91, 5.79]
[10.91, 6.01]
[10.91, 6.12]
[10.99, 6.35]
[10.99, 6.46]
[10.99, 6.57]
[10.99, 6.68]
[11.08, 6.90]
[11.08, 6.90]
[11.08, 7.01]
[11.08, 7.01]
[11.08, 7.35]
[11.08, 7.35]
[11.16, 7.57]
[11.16, 7.57]
[11.16, 7.79]
[11.16, 7.79]
[11.16, 8.02]
[11.16, 8.02]
[11.24, 8.24]
[11.24, 8.35]
[11.24, 8.46]
[11.24, 8.46]
[11.24, 8.79]
[11.24, 8.79]
[11.24, 9.02]
[11.24, 9.02]
[11.32, 9.13]
[11.32, 9.24]
[11.32, 9.46]
[11.32, 9.46]
[11.32, 9.68]
[11.32, 9.91]
[11.32, 10.02]
[11.32, 10.13]
[11.40, 10.24]
[11.40, 10.24]
[11.40, 10.46]
[11.40, 10.46]
[11.40, 10.58]
[11.40, 10.46]
[11.40, 10.46]
[11.40, 10.46]
[11.40, 10.46]
[11.40, 10.46]
[11.40, 10.46]
[11.40, 10.46]
[11.40, 10.46]
[11.40, 10.46]
[11.40, 10.46]
[11.40, 10.46]
[11.40, 10.46]
[11.40, 10.46]
[11.40, 10.46]
[11.40, 10.46]
[11.40, 10.46]
[11.32, 10.46]
[11.32, 10.46]
[11.32, 10.46]
--stop--
[11.32, 10.46]
[11.32, 10.46]
[11.32, 10.35]
[11.32, 10.35]
[11.32, 10.35]
[11.32, 10.35]
[11.32, 10.35]
[11.32, 10.35]
[11.32, 10.35]
[11.32, 10.35]
[11.32, 10.35]
[11.32, 10.35]
[11.32, 10.35]
[11.32, 10.35]
[11.32, 10.35]
[11.32, 10.35]
[11.32, 10.35]
[11.32, 10.35]
[11.32, 10.35]
[11.32, 10.35]
[11.32, 10.35]
[11.32, 10.35]
[11.32, 10.35]
[11.32, 10.35]
[11.32, 10.35]
[11.32, 10.35]
[11.32, 10.35]
[11.32, 10.35]
[11.32, 10.35]
[11.32, 10.35]
[11.32, 10.35]
[11.32, 10.35]
[11.32, 10.35]
[11.32, 10.35]
[11.32, 10.35]
[11.32, 10.35]
[11.40, 10.35]
[11.40, 10.35]
[11.40, 10.35]
[11.40, 10.35]
[11.40, 10.35]
[11.40, 10.35]
[11.40, 10.35]
[11.40, 10.35]
[11.40, 10.35]
[11.40, 10.35]
[11.40, 10.24]
[11.40, 10.35]
[11.40, 10.24]
[11.40, 10.24]
[11.40, 10.24]
[11.40, 10.24]
[11.40, 10.24]
[11.40, 10.24]
[11.40, 10.24]
[11.40, 10.24]
[11.40, 10.24]
[11.40, 10.24]
[11.40, 10.24]
[11.40, 10.24]
[11.40, 10.24]
[11.40, 10.24]
[11.40, 10.24]
[11.40, 10.35]
[11.40, 10.35]
[11.40, 10.35]
[11.40, 10.24]
[11.40, 10.24]
[11.40, 10.24]
[11.40, 10.24]
[11.40, 10.24]
[11.40, 10.24]
[11.40, 10.24]
[11.40, 10.24]
[11.40, 10.24]
[11.40, 10.24]
[11.40, 10.24]
[11.40, 10.24]
[11.40, 10.24]
[11.40, 10.24]
[11.40, 10.24]
[11.40, 10.24]
[11.40, 10.24]
[11.40, 10.24]
[11.40, 10.24]
[11.40, 10.24]
[11.40, 10.24]
[11.40, 10.24]
[11.40, 10.24]
[11.40, 10.24]
[11.40, 10.24]
[11.40, 10.24]
[11.40, 10.24]
[11.40, 10.24]
[11.40, 10.24]
[11.40, 10.24]
[11.40, 10.24]
[11.40, 10.24]
[11.40, 10.24]
[11.40, 10.24]
[11.40, 10.24]
[11.40, 10.24]
[11.40, 10.35]
[11.40, 10.35]
[11.40, 10.35]
[11.40, 10.35]
[11.40, 10.35]
[11.40, 10.35]
[11.40, 10.35]
[11.40, 10.35]
[11.40, 10.35]
[11.40, 10.35]
[11.40, 10.35]
[11.40, 10.35]
[11.40, 10.35]
[11.40, 10.35]
[11.40, 10.35]
[11.40, 10.35]
[11.40, 10.35]
[11.40, 10.35]
[11.40, 10.35]
[11.49, 10.35]
[11.49, 10.35]
[11.49, 10.35]
[11.49, 10.35]
[11.49, 10.35]
[11.49, 10.35]
[11.49, 10.35]
[11.49, 10.35]
[11.49, 10.35]
[11.49, 10.35]
[11.49, 10.35]
[11.49, 10.35]
[11.49, 10.35]
[11.49, 10.35]
[11.49, 10.35]
[11.49, 10.35]
[11.49, 10.35]
[11.49, 10.35]
[11.49, 10.35]
[11.49, 10.35]
[11.49, 10.35]
[11.49, 10.35]
[11.49, 10.35]
[11.49, 10.35]
[11.49, 10.35]
[11.49, 10.35]
[11.49, 10.35]
[11.49, 10.35]
[11.49, 10.35]
[11.49, 10.35]
[11.49, 10.35]
[11.49, 10.35]
[11.49, 10.35]
[11.49, 10.35]
[11.49, 10.35]
[11.49, 10.35]
[11.49, 10.35]
[11.40, 10.35]
[11.40, 10.35]
[11.40, 10.35]
[11.40, 10.35]
[11.40, 10.35]
[11.40, 10.35]
[11.40, 10.35]
[11.40, 10.35]
[11.40, 10.35]
[11.40, 10.35]
[11.40, 10.46]
[11.40, 10.46]
[11.40, 10.46]
[11.40, 10.46]
[11.40, 10.46]
[11.40, 10.46]
[11.40, 10.46]
[11.40, 10.46]
[11.40, 10.46]
[11.40, 10.46]
[11.40, 10.46]
[11.40, 10.46]
[11.40, 10.46]
[11.40, 10.46]
[11.40, 10.46]
[11.40, 10.46]
[11.40, 10.46]
[11.40, 10.46]
[11.40, 10.46]
[11.40, 10.46]
[11.40, 10.46]
[11.40, 10.46]
[11.40, 10.46]
[11.40, 10.46]
[11.40, 10.46]
[11.40, 10.46]
[11.40, 10.46]
[11.40, 10.46]
[11.40, 10.46]
[11.40, 10.46]
[11.40, 10.46]
[11.40, 10.46]
[11.40, 10.46]
[11.40, 10.46]
[11.40, 10.46]
[11.40, 10.46]
[11.40, 10.46]
[11.40, 10.46]
[11.40, 10.46]
[11.40, 10.46]
[11.40, 10.46]
[11.40, 10.46]
[11.40, 10.46]
[11.40, 10.46]
[11.40, 10.46]
[11.40, 10.46]
[11.40, 10.46]
[11.40, 10.46]
[11.40, 10.46]
[11.40, 10.46]
[11.40, 10.46]
[11.40, 10.46]
[11.40, 10.46]
[11.40, 10.46]
[11.40, 10.46]
[11.40, 10.46]
[11.40, 10.46]
[11.40, 10.46]
[11.40, 10.46]
[11.40, 10.46]
[11.40, 10.46]
[11.40, 10.46]
[11.40, 10.46]
[11.40, 10.46]
[11.40, 10.46]
[11.40, 10.46]
[11.40, 10.46]
[11.40, 10.46]
[11.40, 10.46]
[11.40, 10.58]
[11.40, 10.58]
[11.40, 10.58]
[11.40, 10.58]
[11.40, 10.58]
[11.40, 10.58]
[11.40, 10.58]
[11.40, 10.58]
[11.40, 10.58]
[11.40, 10.58]
[11.40, 10.58]
[11.40, 10.58]
[11.40, 10.58]
[11.40, 10.58]
[11.40, 10.58]
[11.40, 10.58]
[11.40, 10.58]
[11.40, 10.58]
[11.40, 10.58]
[11.40, 10.58]
[11.40, 10.58]
[11.40, 10.58]
[11.40, 10.58]
[11.40, 10.58]
[11.40, 10.58]
[11.40, 10.58]
[11.40, 10.58]
[11.40, 10.58]
[11.40, 10.58]
[11.40, 10.58]
[11.40, 10.58]
[11.40, 10.58]
[11.40, 10.58]
[11.40, 10.58]
[11.40, 10.58]
[11.40, 10.58]
[11.40, 10.58]
[11.40, 10.58]
[11.40, 10.58]
[11.40, 10.58]
[11.40, 10.58]
[11.40, 10.58]
[11.40, 10.58]
[11.40, 10.58]
[11.40, 10.58]
[11.40, 10.58]
[11.40, 10.58]
[11.40, 10.58]
[11.40, 10.58]
[11.40, 10.58]
[11.40, 10.58]
[11.40, 10.58]
[11.40, 10.58]
[11.40, 10.58]
[11.40, 10.58]
[11.40, 10.58]
[11.40, 10.58]
[11.40, 10.58]
[11.40, 10.58]
[11.40, 10.58]
[11.40, 10.58]
[11.40, 10.58]
[11.40, 10.58]
[11.40, 10.58]
[11.40, 10.58]
[11.40, 10.58]
[11.40, 10.58]
[11.40, 10.58]
[11.40, 10.58]
[11.40, 10.58]
[11.40, 10.58]
[11.40, 10.58]
[11.40, 10.58]
[11.40, 10.58]
[11.40, 10.58]
[11.40, 10.58]
[11.40, 10.58]
[11.40, 10.58]
[11.40, 10.58]
[11.40, 10.58]
[11.40, 10.58]
[11.40, 10.58]
[11.40, 10.58]
[11.40, 10.58]
[11.40, 10.58]
[11.40, 10.58]
[11.40, 10.58]
[11.40, 10.58]
[11.40, 10.58]
[11.40, 10.58]
[11.40, 10.58]
[11.40, 10.58]
[11.40, 10.58]
[11.40, 10.58]
[11.40, 10.58]
[11.40, 10.58]
[11.49, 10.58]
[11.49, 10.58]
[11.49, 10.58]
[11.49, 10.58]
[11.49, 10.58]
[11.49, 10.58]
[11.49, 10.58]
[11.49, 10.58]
[11.49, 10.58]
[11.49, 10.58]
[11.49, 10.58]
[11.49, 10.58]
[11.49, 10.58]
[11.49, 10.58]
[11.49, 10.58]
[11.49, 10.58]
[11.49, 10.58]
[11.49, 10.58]
[11.49, 10.58]
[11.49, 10.58]
[11.49, 10.58]
[11.49, 10.58]
[11.49, 10.58]
[11.49, 10.58]
[11.49, 10.58]
[11.49, 10.58]
[11.49, 10.58]
[11.49, 10.58]
[11.49, 10.58]
[11.49, 10.58]
[11.49, 10.58]
[11.49, 10.58]
[11.49, 10.58]
[11.49, 10.46]
[11.49, 10.46]
[11.49, 10.46]
[11.49, 10.46]
[11.49, 10.46]
[11.49, 10.46]
[11.49, 10.46]
[11.49, 10.46]
[11.49, 10.46]
[11.49, 10.46]
[11.49, 10.46]
[11.49, 10.46]
[11.49, 10.46]
[11.49, 10.46]
[11.49, 10.46]
[11.49, 10.46]
[11.49, 10.46]
[11.49, 10.46]
[11.49, 10.46]
[11.49, 10.46]
[11.49, 10.46]
[11.49, 10.46]
[11.49, 10.46]
[11.49, 10.46]
[11.49, 10.46]
[11.49, 10.58]
[11.49, 10.58]
[11.49, 10.58]
[11.49, 10.58]
[11.49, 10.58]
[11.49, 10.58]
[11.49, 10.58]
[11.49, 10.58]
[11.57, 10.58]
[11.57, 10.58]
[11.57, 10.58]
[11.57, 10.58]
[11.57, 10.58]
[11.57, 10.58]
[11.57, 10.58]
[11.57, 10.58]
[11.57, 10.58]
[11.57, 10.58]
[11.57, 10.58]
[11.57, 10.58]
[11.57, 10.58]
[11.57, 10.58]
[11.57, 10.58]
[11.49, 10.58]
[11.49, 10.58]
[11.49, 10.58]
[11.49, 10.58]
[11.49, 10.58]
[11.49, 10.58]
[11.49, 10.46]
[11.49, 10.46]
[11.49, 10.46]
[11.49, 10.46]
[11.49, 10.46]
[11.49, 10.46]
[11.49, 10.46]
[11.49, 10.46]
[11.49, 10.46]
[11.49, 10.46]
[11.49, 10.46]
[11.49, 10.46]
[11.49, 10.46]
[11.49, 10.46]
[11.49, 10.46]
[11.49, 10.46]
[11.49, 10.46]
[11.49, 10.46]
[11.49, 10.46]
[11.49, 10.46]
[11.49, 10.46]
[11.49, 10.46]
[11.49, 10.46]
[11.49, 10.46]
[11.49, 10.46]
[11.49, 10.46]
[11.49, 10.46]
[11.49, 10.46]
[11.49, 10.46]
[11.49, 10.46]
