--start--
87.38
87.38
87.38
87.38
87.38
87.38
87.43
87.43
88.15
88.15
88.83
88.83
88.35
88.35
86.93
86.93
85.17
85.17
83.19
83.19
83.19
81.53
81.53
80.00
80.00
80.00
78.55
78.55
78.55
76.94
76.94
75.20
75.20
75.20
73.27
73.27
73.27
71.17
71.17
68.50
68.50
68.50
65.72
65.72
65.72
65.72
62.29
62.29
62.29
62.29
58.76
58.76
58.76
58.76
54.38
54.38
54.38
54.38
49.66
49.66
49.66
49.66
44.35
44.35
44.35
44.35
38.97
38.97
38.97
38.97
32.77
32.77
32.77
27.04
27.04
27.04
27.04
27.04
21.49
21.49
21.49
21.49
16.92
16.92
16.92
16.92
13.77
13.77
13.77
13.77
11.48
11.48
11.48
11.48
9.77
9.77
9.77
9.77
9.77
8.40
8.40
8.40
7.43
7.43
7.43
7.43
6.78
6.78
6.78
6.78
6.38
6.38
6.38
6.38
6.38
6.14
6.14
6.14
6.14
6.09
6.09
6.09
6.09
6.09
6.09
6.09
6.10
6.10
6.10
6.10
6.11
6.11
6.11
6.11
6.08
6.08
6.08
6.08
--stop--
6.08
6.02
6.02
6.02
6.02
6.02
6.02
6.02
6.02
6.05
6.05
6.05
6.07
6.07
6.07
6.07
6.07
6.07
6.07
6.07
6.07
6.07
6.07
6.07
6.07
6.08
6.08
6.08
6.08
6.08
6.08
6.08
6.08
6.09
6.09
6.09
6.09
6.09
6.09
6.09
6.09
6.09
6.09
6.09
6.09
6.09
6.09
6.09
6.09
6.09
6.09
6.09
6.09
6.09
6.09
6.09
6.09
6.09
6.09
6.09
6.09
6.09
6.09
6.09
6.09
6.09
6.09
6.09
6.09
6.09
6.09
6.09
6.09
6.09
6.09
6.09
6.09
6.09
6.09
6.09
6.09
6.09
6.09
6.09
6.09
6.09
6.09
6.09
6.09
6.09
6.09
6.09
6.09
6.09
6.09
6.09
6.09
6.09
6.09
6.09
6.09
6.09
6.09
6.09
6.09
6.09
6.09
6.09
6.09
6.09
6.09
6.09
6.09
6.09
6.09
6.09
6.09
6.09
6.09
6.09
6.09
6.09
6.09
6.09
6.09
6.09
6.09
6.09
6.09
6.09
6.09
6.09
6.09
6.09
6.09
6.09
6.09
6.09
6.09
6.09
6.09
6.09
6.09
6.09
6.09
6.09
6.09
6.09
6.09
6.09
6.09
6.09
6.09
6.09
6.09
6.09
6.09
6.09
6.09
6.09
6.09
6.09
6.09
6.09
6.09
6.09
6.09
6.09
6.09
6.09
6.09
6.09
6.09
6.09
6.09
6.09
6.09
6.09
6.09
6.09
6.09
6.09
6.09
6.09
6.09
6.09
6.09
6.09
6.09
6.09
6.09
6.09
6.09
6.09
6.09
6.09
6.09
6.09
6.09
6.09
6.09
6.09
6.09
6.09
6.09
6.09
6.09
6.09
6.09
6.09
6.09
6.09
6.09
6.09
6.09
6.09
6.09
6.09
6.09
6.09
6.09
6.09
6.09
6.09
6.09
6.09
6.09
6.09
6.09
6.09
6.09
6.09
6.09
6.09
6.09
6.09
6.09
6.09
6.09
6.09
6.09
6.09
6.09
6.09
6.09
6.09
6.09
6.09
6.09
6.09
6.09
6.09
6.09
6.09
6.09
6.09
6.09
6.09
6.09
6.09
6.09
6.09
6.09
6.09
6.09
6.09
6.09
6.09
6.09
6.09
6.09
6.09
6.09
6.09
6.09
6.09
6.09
6.09
6.09
6.09
6.09
6.09
6.09
6.09
6.09
6.09
6.09
6.09
6.09
6.09
6.09
6.09
6.09
6.09
6.09
6.09
6.09
6.09
6.09
6.09
6.09
6.09
6.09
6.09
6.09
6.09
6.09
6.09
6.09
6.09
6.09
6.09
6.09
6.09
6.09
6.09
6.09
6.09
6.09
6.09
6.09
6.09
6.09
6.09
6.09
6.09
6.09
6.09
6.09
6.09
6.09
6.09
6.09
6.09
6.09
6.09
6.09
6.09
6.09
6.09
6.09
6.09
6.09
6.09
6.09
6.09
6.09
6.09
6.09
6.09
6.09
6.09
6.09
6.09
6.09
6.09
6.09
6.09
6.09
6.09
6.09
6.09
6.09
6.09
6.09
6.09
6.09
6.09
6.09
6.09
6.09
6.09
6.09
6.09
6.09
6.09
6.09
6.09
6.09
6.09
6.09
6.09
6.09
6.09
6.09
6.09
6.09
6.09
6.09
6.09
6.09
6.09
6.09
6.09
6.09
6.09
6.09
6.09
6.09
6.09
6.09
6.09
6.09
6.09
6.09
6.09
6.09
6.09
6.09
6.09
6.09
6.09
6.09
6.09
6.09
6.09
6.09
6.09
6.09
6.09
6.09
6.09
6.09
6.09
6.09
6.09
6.09
6.09
6.09
6.09
6.09
6.09
6.09
6.09
6.09
6.09
6.09
6.09
6.09
6.09
6.09
6.09
6.09
6.09
6.09
6.09
6.09
6.09
6.09
6.09
6.09
6.09
6.09
6.09
6.09
6.09
6.09
6.09
6.09
6.09
6.09
6.09
6.09
6.09
6.09
6.09
6.09
6.09
6.09
6.09
6.09
6.09
6.09
6.09
6.09
6.09
6.09
6.09
6.09
6.09
6.09
6.09
6.09
6.09
6.09
6.09
6.09
6.09
6.09
6.09
6.09
6.09
6.09
6.09
6.09
6.09
6.09
6.09
6.09
6.09
6.09
6.09
6.09
6.09
6.09
6.09
6.09
6.09
6.09
6.09
6.09
6.09
6.09
6.09
6.09
6.09
6.09
6.09
6.09
6.09
6.09
6.09
6.09
6.09
6.09
6.09
6.09
6.09
6.09
6.09
6.09
6.09
6.09
6.09
6.09
6.09
6.09
6.09
6.09
6.09
6.09
6.09
6.09
6.09
6.09
6.09
6.09
6.09
6.09
6.09
6.09
6.09
6.09
6.09
6.09
6.09
6.09
6.09
6.09
6.09
6.09
6.09
6.09
6.09
6.09
6.09
6.09
6.09
6.09
6.09
6.09
6.09
6.09
6.09
6.09
6.09
6.09
6.09
6.09
6.09
6.09
6.09
6.09
6.09
6.09
6.09
6.09
6.09
6.09
6.09
6.09
6.09
6.09
6.09
6.09
6.09
6.09
6.09
6.09
6.09
6.09
6.09
6.09
6.09
6.09
6.09
6.09
6.09
6.09
6.09
6.09
6.09
6.09
6.09
6.09
6.09
6.09
6.09
6.09
6.09
6.09
6.09
6.09
6.09
6.09
6.09
6.09
6.09
6.09
6.09
6.09
6.09
6.09
6.09
6.09
6.09
6.09
6.09
6.09
6.09
6.09
6.09
6.09
6.09
6.09
6.09
6.09
6.09
6.09
6.09
6.09
6.09
6.09
6.09
6.09
6.09
6.09
6.09
6.09
6.09
6.09
6.09
6.09
6.09
6.09
6.09
6.09
6.09
6.09
6.09
6.09
6.09
6.09
6.09
6.09
6.09
6.09
6.09
6.09
6.09
6.09
6.09
6.09
6.09
6.09
6.09
6.09
6.09
6.09
6.09
6.09
6.09
6.09
6.09
6.09
6.09
6.09
6.09
6.09
6.09
6.09
6.09
6.09
6.09
6.09
6.09
6.09
6.09
6.09
6.09
6.09
6.09
6.09
6.09
6.09
6.09
6.09
6.09
6.09
6.09
6.09
6.09
6.09
6.09
6.09
6.09
6.09
6.09
6.09
6.09
6.09
6.09
6.09
6.09
6.09
6.09
6.09
6.09
6.09
6.09
6.09
6.09
6.09
6.09
6.09
6.09
6.09
6.09
6.09
6.09
6.09
6.09
6.09
6.09
6.09
6.09
6.09
6.09
6.09
6.09
6.09
6.09
6.09
6.09
6.09
6.09
6.09
6.09
6.09
6.09
6.09
6.09
6.09
6.09
6.09
6.09
6.09
6.09
6.09
6.09
6.09
6.09
6.09
6.09
6.09
6.09
6.09
6.09
6.09
6.09
6.09
6.09
6.09
6.09
6.09
6.09
6.09
6.09
6.09
6.09
6.09
6.09
6.09
6.09
6.09
6.09
6.09
6.09
6.09
6.09
6.09
6.09
6.09
6.09
6.09
6.09
6.09
6.09
6.09
6.09
6.09
6.09
6.09
6.09
6.09
6.09
6.09
6.09
6.09
6.09
6.09
6.09
6.09
6.09
6.09
6.09
6.09
6.09
6.09
6.09
6.09
6.09
6.09
6.09
6.09
6.09
6.09
6.09
6.09
6.09
6.09
6.09
6.09
6.09
6.09
6.09
6.09
6.09
6.09
6.09
6.09
6.09
6.09
6.09
6.09
6.09
6.09
6.09
6.09
6.09
6.09
6.09
