[
  [
    0.0,
    0.0,
    82.86,
    "f"
  ],
  [
    0.11730854125973798,
    0.014694725849040552,
    82.86,
    "f"
  ],
  [
    0.2287701938049589,
    0.028657037623137968,
    82.86,
    "f"
  ],
  [
    0.3345055120421476,
    0.04190203664342512,
    82.86,
    "f"
  ],
  [
    0.43463505037778905,
    0.054444824231034916,
    82.86,
    "f"
  ],
  [
    0.5292793632183682,
    0.0663005017071,
    82.86,
    "f"
  ],
  [
    0.6185590049703698,
    0.07748417039275357,
    82.86,
    "f"
  ],
  [
    0.7025945300402789,
    0.08801093160912815,
    82.86,
    "f"
  ],
  [
    0.78150649283458,
    0.0978958866773566,
    82.86,
    "f"
  ],
  [
    0.8554154477597582,
    0.10715413691857206,
    82.86,
    "f"
  ],
  [
    0.9244419492222989,
    0.11580078365390706,
    82.86,
    "f"
  ],
  [
    0.9887065516286861,
    0.12385092820449461,
    82.86,
    "f"
  ],
  [
    1.0483298093854052,
    0.13131967189146748,
    82.86,
    "f"
  ],
  [
    1.1034322768989415,
    0.13822211603595852,
    82.86,
    "f"
  ],
  [
    1.1541345085757784,
    0.1445733619591007,
    82.86,
    "f"
  ],
  [
    1.2005570588224033,
    0.150388510982027,
    82.86,
    "f"
  ],
  [
    1.2428204820452977,
    0.15568266442586964,
    82.86,
    "f"
  ],
  [
    1.2810453326509497,
    0.16047092361176218,
    82.86,
    "f"
  ],
  [
    1.3153521650458424,
    0.16476838986083697,
    82.86,
    "f"
  ],
  [
    1.3458615336364614,
    0.16859016449422715,
    82.86,
    "f"
  ],
  [
    1.3726939928292912,
    0.17195134883306562,
    82.86,
    "f"
  ],
  [
    1.3959700970308164,
    0.17486704419848464,
    82.86,
    "f"
  ],
  [
    1.4158104006475234,
    0.17735235191161802,
    82.86,
    "f"
  ],
  [
    1.4323354580858947,
    0.179422373293598,
    82.86,
    "f"
  ],
  [
    1.4456658237524174,
    0.18109220966555728,
    82.86,
    "f"
  ],
  [
    1.4559220520535745,
    0.182376962348629,
    82.86,
    "f"
  ],
  [
    1.463224697395853,
    0.18329173266394594,
    82.86,
    "f"
  ],
  [
    1.4676943141857364,
    0.18385162193264104,
    82.86,
    "f"
  ],
  [
    1.469451456829709,
    0.184071731475847,
    82.86,
    "f"
  ],
  [
    1.4686166797342568,
    0.18396716261469692,
    82.86,
    "f"
  ],
  [
    1.4653105373058648,
    0.1835530166703233,
    82.86,
    "f"
  ],
  [
    1.4596535839510172,
    0.18284439496385918,
    82.86,
    "f"
  ],
  [
    1.451766374076199,
    0.18185639881643723,
    82.86,
    "f"
  ],
  [
    1.4417694620878958,
    0.18060412954919058,
    82.86,
    "f"
  ],
  [
    1.4297834023925922,
    0.17910268848325184,
    82.86,
    "f"
  ],
  [
    1.415928749396772,
    0.17736717693975435,
    82.86,
    "f"
  ],
  [
    1.4003260575069212,
    0.17541269623983002,
    82.86,
    "f"
  ],
  [
    1.3830958811295244,
    0.17325434770461268,
    82.86,
    "f"
  ],
  [
    1.3643587746710666,
    0.17090723265523433,
    82.86,
    "f"
  ],
  [
    1.3442352925380323,
    0.1683864524128288,
    82.86,
    "f"
  ],
  [
    1.3228459891369075,
    0.16570710829852797,
    82.86,
    "f"
  ],
  [
    1.300311418874176,
    0.16288430163346512,
    82.86,
    "f"
  ],
  [
    1.2767521361563223,
    0.15993313373877294,
    82.86,
    "f"
  ],
  [
    1.2522886953898322,
    0.15686870593558466,
    82.86,
    "f"
  ],
  [
    1.227041650981191,
    0.15370611954503277,
    82.86,
    "f"
  ],
  [
    1.201131557336882,
    0.15046047588825018,
    82.86,
    "f"
  ],
  [
    1.1746789688633912,
    0.1471468762863697,
    82.86,
    "f"
  ],
  [
    1.1478044399672034,
    0.14378042206052444,
    82.86,
    "f"
  ],
  [
    1.1206285250548038,
    0.140376214531847,
    82.86,
    "f"
  ],
  [
    1.0932717785326762,
    0.13694935502147026,
    82.86,
    "f"
  ],
  [
    1.0658547548073067,
    0.13351494485052712,
    82.86,
    "f"
  ],
  [
    1.0384980082851794,
    0.13008808534015043,
    82.86,
    "f"
  ],
  [
    1.0113220933727793,
    0.126683877811473,
    82.86,
    "f"
  ],
  [
    0.984447564476592,
    0.1233174235856277,
    82.86,
    "f"
  ],
  [
    0.957994976003101,
    0.12000382398374726,
    82.86,
    "f"
  ],
  [
    0.9320848823587927,
    0.11675818032696483,
    82.86,
    "f"
  ],
  [
    0.9068378379501505,
    0.11359559393641278,
    82.86,
    "f"
  ],
  [
    0.8823743971836608,
    0.1105311661332245,
    82.86,
    "f"
  ],
  [
    0.8588151144658076,
    0.10757999823853243,
    82.86,
    "f"
  ],
  [
    0.8362805442030756,
    0.10475719157346952,
    82.86,
    "f"
  ],
  [
    0.8148912408019506,
    0.10207784745916892,
    82.86,
    "f"
  ],
  [
    0.7947677586689166,
    0.099557067216763,
    82.86,
    "f"
  ],
  [
    0.7760306522104587,
    0.09720995216738493,
    82.86,
    "f"
  ],
  [
    0.7588004758330618,
    0.09505160363216741,
    82.86,
    "f"
  ],
  [
    0.7431977839432111,
    0.09309712293224337,
    82.86,
    "f"
  ],
  [
    0.7293431309473916,
    0.09136161138874554,
    82.86,
    "f"
  ],
  [
    0.7173570712520874,
    0.08986017032280696,
    82.86,
    "f"
  ],
  [
    0.7073601592637839,
    0.08860790105556021,
    82.86,
    "f"
  ],
  [
    0.6994729493889658,
    0.08761990490813837,
    82.86,
    "f"
  ],
  [
    0.6938159960341184,
    0.08691128320167424,
    82.86,
    "f"
  ],
  [
    0.6905098536057264,
    0.08649713725730068,
    82.86,
    "f"
  ],
  [
    0.6896750765102745,
    0.08639256839615045,
    82.86,
    "f"
  ],
  [
    0.6914322191542475,
    0.08661267793935651,
    82.86,
    "f"
  ],
  [
    0.6959018359441307,
    0.08717256720805161,
    82.86,
    "f"
  ],
  [
    0.7032044812864087,
    0.08808733752336856,
    82.86,
    "f"
  ],
  [
    0.7134607095875664,
    0.08937209020644038,
    82.86,
    "f"
  ],
  [
    0.7267910752540885,
    0.0910419265783996,
    82.86,
    "f"
  ],
  [
    0.7433161326924604,
    0.09311194796037947,
    82.86,
    "f"
  ],
  [
    0.7631564363091667,
    0.09559725567351263,
    82.86,
    "f"
  ],
  [
    0.7864325405106924,
    0.0985129510389321,
    82.86,
    "f"
  ],
  [
    0.8132649997035224,
    0.1018741353777704,
    82.86,
    "f"
  ],
  [
    0.8437743682941409,
    0.10569591001116052,
    82.86,
    "f"
  ],
  [
    0.878081200689034,
    0.10999337626023542,
    82.86,
    "f"
  ],
  [
    0.9163060512946858,
    0.11478163544612802,
    82.86,
    "f"
  ],
  [
    0.9585694745175806,
    0.12007578888997078,
    82.86,
    "f"
  ],
  [
    1.004992024764205,
    0.1258909379128969,
    82.86,
    "f"
  ],
  [
    1.055694256441042,
    0.13224218383603897,
    82.86,
    "f"
  ],
  [
    1.1107967239545786,
    0.13914462798053018,
    82.86,
    "f"
  ],
  [
    1.1704199817112977,
    0.146613371667503,
    82.86,
    "f"
  ],
  [
    1.2346845841176854,
    0.1546635162180906,
    82.86,
    "f"
  ],
  [
    1.3037110855802256,
    0.1633101629534256,
    82.86,
    "f"
  ],
  [
    1.377620040505404,
    0.1725684131946409,
    82.86,
    "f"
  ],
  [
    1.4565320032997056,
    0.18245336826286962,
    82.86,
    "f"
  ],
  [
    1.540567528369614,
    0.19298012947924414,
    82.86,
    "f"
  ],
  [
    1.6298471701216162,
    0.2041637981648976,
    82.86,
    "f"
  ],
  [
    1.7244914829621951,
    0.21601947564096258,
    82.86,
    "f"
  ],
  [
    1.824621021297836,
    0.22856226322857232,
    82.86,
    "f"
  ],
  [
    1.9303563395350252,
    0.24180726224885962,
    82.86,
    "f"
  ],
  [
    2.041817992080246,
    0.25576957402295697,
    82.86,
    "f"
  ],
  [
    2.1591265333399834,
    0.2704642998719976,
    82.86,
    "f"
  ],
  [
    2.1591265333399834,
    0.2704642998719976,
    82.86,
    "f"
  ],
  [
    2.279435887296901,
    0.2862957263826671,
    82.14838041811537,
    "f"
  ],
  [
    2.3998030204208596,
    0.30365182839105875,
    81.44263164554921,
    "f"
  ],
  [
    2.520203050849143,
    0.3225232395924198,
    80.74247880481708,
    "f"
  ],
  [
    2.640611096719034,
    0.3429005936819949,
    80.04764819684333,
    "f"
  ],
  [
    2.761002276167816,
    0.36477452435502977,
    79.35786741305553,
    "f"
  ],
  [
    2.8813517073327732,
    0.38813566530677,
    78.67286542366581,
    "f"
  ],
  [
    3.001634508351188,
    0.4129746502324605,
    77.99237264416819,
    "f"
  ],
  [
    3.1218257973603443,
    0.4392821128273483,
    77.3161209819679,
    "f"
  ],
  [
    3.2419006924975236,
    0.467048686786677,
    76.64384386495134,
    "f"
  ],
  [
    3.3618343119000134,
    0.4962650058056943,
    75.9752762536991,
    "f"
  ],
  [
    3.4816017737050924,
    0.5269217035796447,
    75.31015463894424,
    "f"
  ],
  [
    3.6011781960500464,
    0.559009413803774,
    74.64821702578278,
    "f"
  ],
  [
    3.7205386970721586,
    0.5925187701733272,
    73.9892029060524,
    "f"
  ],
  [
    3.839658394908712,
    0.6274404063835506,
    73.33285322021173,
    "f"
  ],
  [
    3.9585124076969906,
    0.6637649561296899,
    72.67891030997343,
    "f"
  ],
  [
    4.077075853574275,
    0.7014830531069904,
    72.02711786287203,
    "f"
  ],
  [
    4.195323850677853,
    0.7405853310106969,
    71.37722084988216,
    "f"
  ],
  [
    4.313231517145004,
    0.7810624235360564,
    70.72896545714137,
    "f"
  ],
  [
    4.430773971113014,
    0.8229049643783133,
    70.0820990127787,
    "f"
  ],
  [
    4.547926330719166,
    0.8661035872327145,
    69.43636990980347,
    "f"
  ],
  [
    4.66466371410074,
    0.9106489257945045,
    68.7915275259653,
    "f"
  ],
  [
    4.780961239395025,
    0.9565316137589288,
    68.14732214146248,
    "f"
  ],
  [
    4.896794024739299,
    1.003742284821233,
    67.50350485534595,
    "f"
  ],
  [
    5.01213718827085,
    1.0522715726766634,
    66.85982750144153,
    "f"
  ],
  [
    5.126965848126956,
    1.1021101110204667,
    66.21604256459607,
    "f"
  ],
  [
    5.241255122444906,
    1.153248533547885,
    65.57190309804069,
    "f"
  ],
  [
    5.354980129361981,
    1.2056774739541667,
    64.92716264265594,
    "f"
  ],
  [
    5.468115987015462,
    1.2593875659345564,
    64.28157514892438,
    "f"
  ],
  [
    5.580637813542634,
    1.3143694431843005,
    63.634894902357345,
    "f"
  ],
  [
    5.692520727080784,
    1.3706137393986437,
    62.986876453194085,
    "f"
  ],
  [
    5.803739845767188,
    1.4281110882728307,
    62.33727455118155,
    "f"
  ],
  [
    5.914270287739135,
    1.4868521235021097,
    61.6858440862665,
    "f"
  ],
  [
    6.024087171133909,
    1.546827478781724,
    61.032340036049945,
    "f"
  ],
  [
    6.133165614088789,
    1.608027787806921,
    60.376517420885975,
    "f"
  ],
  [
    6.241480734741059,
    1.6704436842729438,
    59.718131267536236,
    "f"
  ],
  [
    6.349007651228005,
    1.7340658018750403,
    59.056936582329556,
    "f"
  ],
  [
    6.455721481686911,
    1.798884774308457,
    58.39268833481542,
    "f"
  ],
  [
    6.561597344255056,
    1.864891235268435,
    57.72514145294467,
    "f"
  ],
  [
    6.666610357069725,
    1.932075818450223,
    57.054050830856724,
    "f"
  ],
  [
    6.770735638268206,
    2.000429157549067,
    56.37917135040463,
    "f"
  ],
  [
    6.873948305987776,
    2.0699418862602124,
    55.700257917599444,
    "f"
  ],
  [
    6.9762234783657195,
    2.140604638278903,
    55.0170655152118,
    "f"
  ],
  [
    7.077536273539323,
    2.2124080473003858,
    54.32934927282348,
    "f"
  ],
  [
    7.177861809645869,
    2.2853427470199064,
    53.63686455567738,
    "f"
  ],
  [
    7.277175204822638,
    2.35939937113271,
    52.93936707373187,
    "f"
  ],
  [
    7.375451577206914,
    2.4345685533340427,
    52.236613012378925,
    "f"
  ],
  [
    7.472666044935984,
    2.51084092731915,
    51.528359186338534,
    "f"
  ],
  [
    7.568793726147128,
    2.588207126783276,
    50.814363218290836,
    "f"
  ],
  [
    7.663809738977628,
    2.666657785421668,
    50.0943837438508,
    "f"
  ],
  [
    7.757689201564775,
    2.7461835369295717,
    49.368180644527385,
    "f"
  ],
  [
    7.8504072320458445,
    2.8267750150022324,
    48.63551531033919,
    "f"
  ],
  [
    7.9419389485581195,
    2.9084228533348946,
    47.89615093377368,
    "f"
  ],
  [
    8.032259469238888,
    2.991117685622804,
    47.14985283678669,
    "f"
  ],
  [
    8.12134391222543,
    3.074850145561207,
    46.39638883252388,
    "f"
  ],
  [
    8.209167395655033,
    3.1596108668453504,
    45.63552962342345,
    "f"
  ],
  [
    8.295705037664977,
    3.2453904831704783,
    44.867049237305196,
    "f"
  ],
  [
    8.380931956392544,
    3.332179628231835,
    44.09072550298254,
    "f"
  ],
  [
    8.464823269975021,
    3.4199689357246665,
    43.306340566830386,
    "f"
  ],
  [
    8.54735409654969,
    3.5087490393442233,
    42.5136814516128,
    "f"
  ],
  [
    8.628499554253832,
    3.598510572785743,
    41.71254065870636,
    "f"
  ],
  [
    8.708234761224734,
    3.6892441697444784,
    40.90271681465231,
    "f"
  ],
  [
    8.786534835599674,
    3.7809404639156696,
    40.08401536272265,
    "f"
  ],
  [
    8.863374895515944,
    3.873590088994566,
    39.2562492998926,
    "f"
  ],
  [
    8.938730059110819,
    3.9671836786764105,
    38.41923995927095,
    "f"
  ],
  [
    9.012575444521586,
    4.0617118666564505,
    37.57281783764313,
    "f"
  ],
  [
    9.084886169885529,
    4.157165286629931,
    36.716823467331665,
    "f"
  ],
  [
    9.15563735333993,
    4.2535345722920965,
    35.851108331069724,
    "f"
  ],
  [
    9.224804113022072,
    4.3508103573381955,
    34.97553581801492,
    "f"
  ],
  [
    9.292361567069241,
    4.44898327546347,
    34.089982218402156,
    "f"
  ],
  [
    9.358284833618717,
    4.548043960363168,
    33.19433775364422,
    "f"
  ],
  [
    9.422549030807785,
    4.647983045732534,
    32.28850763794492,
    "f"
  ],
  [
    9.485129276773726,
    4.748791165266814,
    31.372413166686385,
    "f"
  ],
  [
    9.546000689653829,
    4.850458952661255,
    30.445992826005977,
    "f"
  ],
  [
    9.605138387585372,
    4.952977041611099,
    29.5092034170832,
    "f"
  ],
  [
    9.66251748870564,
    5.056336065811596,
    28.562021187740243,
    "f"
  ],
  [
    9.718113111151915,
    5.160526658957988,
    27.604442963013355,
    "f"
  ],
  [
    9.771900373061484,
    5.265539454745523,
    26.63648726540964,
    "f"
  ],
  [
    9.823854392571628,
    5.371365086869444,
    25.658195414629745,
    "f"
  ],
  [
    9.87395028781963,
    5.477994189024999,
    24.669632595638063,
    "f"
  ],
  [
    9.922163176942773,
    5.585417394907432,
    23.670888883116447,
    "f"
  ],
  [
    9.96846817807834,
    5.693625338211989,
    22.66208020957737,
    "f"
  ],
  [
    10.01284040936362,
    5.802608652633917,
    21.643349263752782,
    "f"
  ],
  [
    10.055254988935886,
    5.912357971868459,
    20.614866305357793,
    "f"
  ],
  [
    10.09568703493243,
    6.022863929610863,
    19.576829881969502,
    "f"
  ],
  [
    10.134111665490533,
    6.134117159556373,
    18.529467433599677,
    "f"
  ],
  [
    10.170503998747478,
    6.2461082954002345,
    17.47303577059688,
    "f"
  ],
  [
    10.204839152840547,
    6.358827970837697,
    16.40782141081587,
    "f"
  ],
  [
    10.237092245907023,
    6.472266819564,
    15.334140762566392,
    "f"
  ],
  [
    10.267238396084194,
    6.586415475274391,
    14.252340140708895,
    "f"
  ],
  [
    10.295252721509339,
    6.701264571664119,
    13.162795604422172,
    "f"
  ],
  [
    10.321110340319741,
    6.8168047424284275,
    12.065912606626341,
    "f"
  ],
  [
    10.344786370652686,
    6.9330266212625595,
    10.962125446804976,
    "f"
  ],
  [
    10.366255930645458,
    7.049920841861763,
    9.85189652101667,
    "f"
  ],
  [
    10.385494138435334,
    7.167478037921285,
    8.735715365202338,
    "f"
  ],
  [
    10.402476112159604,
    7.285688843136366,
    7.6140974904459995,
    "f"
  ],
  [
    10.417176969955552,
    7.404543891202259,
    6.48758301159387,
    "f"
  ],
  [
    10.429571829960457,
    7.524033815814204,
    5.356735073529023,
    "f"
  ],
  [
    10.439635810311602,
    7.644149250667448,
    4.222138082381207,
    "f"
  ],
  [
    10.447344029146274,
    7.764880829457237,
    3.0843957519531386,
    "f"
  ],
  [
    10.447344029146274,
    7.764880829457237,
    3.0843957519531386,
    "f"
  ],
  [
    10.453751560703317,
    7.883792231238573,
    3.0843954931609687,
    "f"
  ],
  [
    10.459933172555548,
    7.99851100982895,
    3.0843952207800385,
    "f"
  ],
  [
    10.465893522841212,
    8.109123611067364,
    3.084394933903127,
    "f"
  ],
  [
    10.47163726969855,
    8.215716480792796,
    3.0843946315525272,
    "f"
  ],
  [
    10.47716907126581,
    8.31837606484424,
    3.084394312673851,
    "f"
  ],
  [
    10.482493585681233,
    8.417188809060686,
    3.0843939761302863,
    "f"
  ],
  [
    10.487615471083059,
    8.512241159281118,
    3.0843936206955505,
    "f"
  ],
  [
    10.492539385609541,
    8.603619561344527,
    3.0843932450466696,
    "f"
  ],
  [
    10.497269987398909,
    8.691410461089896,
    3.08439284775676,
    "f"
  ],
  [
    10.50181193458942,
    8.775700304356224,
    3.0843924272867866,
    "f"
  ],
  [
    10.506169885319306,
    8.856575536982493,
    3.084391981977433,
    "f"
  ],
  [
    10.510348497726822,
    8.934122604807696,
    3.0843915100405184,
    "f"
  ],
  [
    10.514352429950204,
    9.00842795367082,
    3.0843910095504157,
    "f"
  ],
  [
    10.518186340127695,
    9.07957802941085,
    3.0843904784354663,
    "f"
  ],
  [
    10.521854886397543,
    9.147659277866783,
    3.084389914470023,
    "f"
  ],
  [
    10.525362726897987,
    9.212758144877597,
    3.0843893152666624,
    "f"
  ],
  [
    10.528714519767275,
    9.274961076282292,
    3.0843886782702157,
    "f"
  ],
  [
    10.531914923143647,
    9.334354517919847,
    3.084388000753279,
    "f"
  ],
  [
    10.534968595165353,
    9.391024915629261,
    3.0843872798142797,
    "f"
  ],
  [
    10.537880193970627,
    9.445058715249514,
    3.0843865123794103,
    "f"
  ],
  [
    10.540654377697715,
    9.496542362619595,
    3.0843856952096758,
    "f"
  ],
  [
    10.543295804484867,
    9.545562303578501,
    3.0843848249146504,
    "f"
  ],
  [
    10.545809132470316,
    9.59220498396521,
    3.0843838979749307,
    "f"
  ],
  [
    10.548199019792316,
    9.636556849618719,
    3.084382910776867,
    "f"
  ],
  [
    10.550470124589104,
    9.678704346378012,
    3.0843818596613914,
    "f"
  ],
  [
    10.552627104998928,
    9.718733920082085,
    3.0843807409923443,
    "f"
  ],
  [
    10.55467461916003,
    9.75673201656992,
    3.084379551247764,
    "f"
  ],
  [
    10.556617325210649,
    9.792785081680503,
    3.084378287140737,
    "f"
  ],
  [
    10.558459881289032,
    9.826979561252827,
    3.08437694577475,
    "f"
  ],
  [
    10.560206945533425,
    9.859401901125887,
    3.084375524840482,
    "f"
  ],
  [
    10.561863176082069,
    9.89013854713866,
    3.084374022860686,
    "f"
  ],
  [
    10.563433231073205,
    9.919275945130142,
    3.0843724394891296,
    "f"
  ],
  [
    10.564921768645084,
    9.946900540939323,
    3.0843707758666596,
    "f"
  ],
  [
    10.566333446935941,
    9.973098780405188,
    3.0843690350360475,
    "f"
  ],
  [
    10.567672924084023,
    9.997957109366725,
    3.0843672224106626,
    "f"
  ],
  [
    10.568944858227578,
    10.021561973662925,
    3.0843653462833913,
    "f"
  ],
  [
    10.570153907504842,
    10.043999819132777,
    3.0843634183524387,
    "f"
  ],
  [
    10.571304730054061,
    10.065357091615267,
    3.0843614542244495,
    "f"
  ],
  [
    10.572401984013478,
    10.085720236949387,
    3.084359473840493,
    "f"
  ],
  [
    10.573450327521343,
    10.105175700974126,
    3.0843575017515263,
    "f"
  ],
  [
    10.574454418715893,
    10.123809929528473,
    3.084355567156365,
    "f"
  ],
  [
    10.575418915735371,
    10.141709368451412,
    3.084353703608258,
    "f"
  ],
  [
    10.576348476718024,
    10.158960463581938,
    3.084351948303322,
    "f"
  ],
  [
    10.577247759802097,
    10.175649660759039,
    3.0843503408909783,
    "f"
  ],
  [
    10.578121423125825,
    10.191863405821694,
    3.084348921795595,
    "f"
  ],
  [
    10.578974124827457,
    10.207688144608904,
    3.0843477301135636,
    "f"
  ],
  [
    10.579810523045243,
    10.223210322959655,
    3.0843468012323,
    "f"
  ],
  [
    10.580635275917418,
    10.23851638671293,
    3.084346164400017,
    "f"
  ],
  [
    10.581453041582224,
    10.253692781707723,
    3.0843458405298065,
    "f"
  ],
  [
    10.58226847817791,
    10.268825953783024,
    3.084345840529693,
    "f"
  ],
  [
    10.583086243842718,
    10.284002348777818,
    3.0843461643999603,
    "f"
  ],
  [
    10.583910996714893,
    10.299308412531094,
    3.084346801232357,
    "f"
  ],
  [
    10.584747394932675,
    10.314830590881844,
    3.0843477301136204,
    "f"
  ],
  [
    10.585600096634309,
    10.330655329669051,
    3.084348921795595,
    "f"
  ],
  [
    10.58647375995804,
    10.346869074731712,
    3.0843503408909214,
    "f"
  ],
  [
    10.58737304304211,
    10.363558271908811,
    3.084351948303322,
    "f"
  ],
  [
    10.588302604024761,
    10.380809367039335,
    3.084353703608315,
    "f"
  ],
  [
    10.589267101044243,
    10.398708805962276,
    3.084355567156422,
    "f"
  ],
  [
    10.590271192238793,
    10.417343034516621,
    3.08435750175164,
    "f"
  ],
  [
    10.591319535746655,
    10.436798498541359,
    3.08435947384055,
    "f"
  ],
  [
    10.592416789706075,
    10.45716164387548,
    3.0843614542244495,
    "f"
  ],
  [
    10.593567612255296,
    10.478518916357972,
    3.0843634183524387,
    "f"
  ],
  [
    10.594776661532558,
    10.500956761827824,
    3.0843653462833345,
    "f"
  ],
  [
    10.59604859567611,
    10.524561626124024,
    3.084367222410606,
    "f"
  ],
  [
    10.597388072824195,
    10.549419955085561,
    3.0843690350360475,
    "f"
  ],
  [
    10.598799751115052,
    10.575618194551426,
    3.0843707758667165,
    "f"
  ],
  [
    10.60028828868693,
    10.603242790360605,
    3.0843724394891865,
    "f"
  ],
  [
    10.601858343678066,
    10.632380188352085,
    3.0843740228606293,
    "f"
  ],
  [
    10.60351457422671,
    10.663116834364862,
    3.084375524840482,
    "f"
  ],
  [
    10.605261638471102,
    10.69553917423792,
    3.08437694577475,
    "f"
  ],
  [
    10.607104194549487,
    10.729733653810246,
    3.084378287140794,
    "f"
  ],
  [
    10.609046900600108,
    10.765786718920832,
    3.084379551247764,
    "f"
  ],
  [
    10.611094414761208,
    10.803784815408664,
    3.0843807409922874,
    "f"
  ],
  [
    10.613251395171028,
    10.843814389112731,
    3.0843818596613914,
    "f"
  ],
  [
    10.615522499967819,
    10.88596188587203,
    3.084382910776924,
    "f"
  ],
  [
    10.617912387289818,
    10.930313751525539,
    3.0843838979749307,
    "f"
  ],
  [
    10.62042571527527,
    10.97695643191225,
    3.0843848249146504,
    "f"
  ],
  [
    10.62306714206242,
    11.02597637287115,
    3.0843856952096758,
    "f"
  ],
  [
    10.625841325789509,
    11.077460020241235,
    3.0843865123794103,
    "f"
  ],
  [
    10.628752924594783,
    11.131493819861488,
    3.0843872798143366,
    "f"
  ],
  [
    10.631806596616485,
    11.188164217570899,
    3.0843880007533357,
    "f"
  ],
  [
    10.635006999992857,
    11.247557659208455,
    3.0843886782702157,
    "f"
  ],
  [
    10.638358792862144,
    11.30976059061315,
    3.0843893152666055,
    "f"
  ],
  [
    10.641866633362593,
    11.374859457623966,
    3.0843899144699662,
    "f"
  ],
  [
    10.645535179632438,
    11.442940706079895,
    3.0843904784354663,
    "f"
  ],
  [
    10.649369089809932,
    11.51409078181993,
    3.0843910095504157,
    "f"
  ],
  [
    10.653373022033314,
    11.588396130683051,
    3.084391510040575,
    "f"
  ],
  [
    10.657551634440825,
    11.665943198508252,
    3.0843919819774896,
    "f"
  ],
  [
    10.661909585170717,
    11.746818431134525,
    3.0843924272867866,
    "f"
  ],
  [
    10.666451532361226,
    11.831108274400851,
    3.08439284775676,
    "f"
  ],
  [
    10.671182134150598,
    11.918899174146224,
    3.0843932450466127,
    "f"
  ],
  [
    10.676106048677076,
    12.010277576209633,
    3.0843936206954936,
    "f"
  ],
  [
    10.681227934078905,
    12.105329926430063,
    3.0843939761302863,
    "f"
  ],
  [
    10.686552448494325,
    12.204142670646506,
    3.084394312673851,
    "f"
  ],
  [
    10.692084250061583,
    12.30680225469795,
    3.0843946315525272,
    "f"
  ],
  [
    10.697827996918924,
    12.413395124423385,
    3.084394933903127,
    "f"
  ],
  [
    10.703788347204586,
    12.524007725661797,
    3.0843952207800385,
    "f"
  ],
  [
    10.709969959056817,
    12.638726504252176,
    3.084395493160912,
    "f"
  ],
  [
    10.71637749061386,
    12.757637906033512,
    3.0843957519531386,
    "f"
  ],
  [
    10.71637749061386,
    12.757637906033512,
    3.0843957519531386,
    "f"
  ],
  [
    10.722785022170902,
    12.876549307814848,
    3.0843954931609687,
    "f"
  ],
  [
    10.728966634023132,
    12.991268086405228,
    3.0843952207800385,
    "f"
  ],
  [
    10.734926984308798,
    13.101880687643641,
    3.0843949339031838,
    "f"
  ],
  [
    10.740670731166135,
    13.208473557369073,
    3.0843946315525272,
    "f"
  ],
  [
    10.746202532733395,
    13.311133141420516,
    3.0843943126739077,
    "f"
  ],
  [
    10.751527047148816,
    13.409945885636962,
    3.0843939761302863,
    "f"
  ],
  [
    10.756648932550643,
    13.50499823585739,
    3.0843936206955505,
    "f"
  ],
  [
    10.761572847077122,
    13.5963766379208,
    3.0843932450466696,
    "f"
  ],
  [
    10.76630344886649,
    13.684167537666168,
    3.084392847756817,
    "f"
  ],
  [
    10.770845396057004,
    13.7684573809325,
    3.0843924272868435,
    "f"
  ],
  [
    10.775203346786894,
    13.84933261355877,
    3.0843919819774896,
    "f"
  ],
  [
    10.779381959194406,
    13.926879681383973,
    3.0843915100405184,
    "f"
  ],
  [
    10.783385891417794,
    14.001185030247099,
    3.0843910095504725,
    "f"
  ],
  [
    10.787219801595281,
    14.072335105987127,
    3.084390478435523,
    "f"
  ],
  [
    10.79088834786513,
    14.140416354443062,
    3.084389914470023,
    "f"
  ],
  [
    10.794396188365575,
    14.205515221453874,
    3.0843893152666624,
    "f"
  ],
  [
    10.797747981234863,
    14.26771815285857,
    3.0843886782702725,
    "f"
  ],
  [
    10.800948384611232,
    14.327111594496122,
    3.084388000753279,
    "f"
  ],
  [
    10.804002056632937,
    14.383781992205536,
    3.0843872798142797,
    "f"
  ],
  [
    10.80691365543821,
    14.43781579182579,
    3.0843865123794103,
    "f"
  ],
  [
    10.809687839165301,
    14.48929943919587,
    3.0843856952096758,
    "f"
  ],
  [
    10.812329265952453,
    14.538319380154777,
    3.0843848249146504,
    "f"
  ],
  [
    10.814842593937902,
    14.584962060541484,
    3.0843838979749307,
    "f"
  ],
  [
    10.817232481259902,
    14.629313926194994,
    3.084382910776924,
    "f"
  ],
  [
    10.819503586056689,
    14.671461422954287,
    3.0843818596613914,
    "f"
  ],
  [
    10.821660566466516,
    14.71149099665836,
    3.0843807409923443,
    "f"
  ],
  [
    10.823708080627615,
    14.749489093146193,
    3.084379551247764,
    "f"
  ],
  [
    10.825650786678233,
    14.785542158256778,
    3.084378287140737,
    "f"
  ],
  [
    10.827493342756616,
    14.819736637829102,
    3.0843769457748067,
    "f"
  ],
  [
    10.829240407001013,
    14.852158977702164,
    3.084375524840368,
    "f"
  ],
  [
    10.830896637549651,
    14.882895623714935,
    3.084374022860686,
    "f"
  ],
  [
    10.832466692540788,
    14.912033021706415,
    3.0843724394891296,
    "f"
  ],
  [
    10.833955230112672,
    14.939657617515598,
    3.0843707758666596,
    "f"
  ],
  [
    10.835366908403525,
    14.965855856981463,
    3.0843690350360475,
    "f"
  ],
  [
    10.836706385551608,
    14.990714185942998,
    3.084367222410606,
    "f"
  ],
  [
    10.83797831969516,
    15.014319050239198,
    3.0843653462833345,
    "f"
  ],
  [
    10.839187368972429,
    15.036756895709054,
    3.084363418352382,
    "f"
  ],
  [
    10.840338191521647,
    15.058114168191544,
    3.0843614542243927,
    "f"
  ],
  [
    10.841435445481064,
    15.078477313525662,
    3.08435947384055,
    "f"
  ],
  [
    10.842483788988929,
    15.097932777550403,
    3.0843575017515263,
    "f"
  ],
  [
    10.843487880183478,
    15.116567006104749,
    3.084355567156422,
    "f"
  ],
  [
    10.844452377202952,
    15.134466445027684,
    3.084353703608258,
    "f"
  ],
  [
    10.845381938185609,
    15.151717540158213,
    3.0843519483033788,
    "f"
  ],
  [
    10.846281221269683,
    15.168406737335314,
    3.0843503408909214,
    "f"
  ],
  [
    10.847154884593412,
    15.184620482397971,
    3.0843489217953675,
    "f"
  ],
  [
    10.848007586295044,
    15.200445221185179,
    3.08434773011345,
    "f"
  ],
  [
    10.848843984512829,
    15.215967399535929,
    3.0843468012323,
    "f"
  ],
  [
    10.849668737385002,
    15.231273463289206,
    3.0843461643999603,
    "f"
  ],
  [
    10.850486503049806,
    15.246449858283995,
    3.0843458405297497,
    "f"
  ],
  [
    10.851301939645495,
    15.2615830303593,
    3.084345840529636,
    "f"
  ],
  [
    10.852119705310304,
    15.276759425354092,
    3.084346164400017,
    "f"
  ],
  [
    10.852944458182478,
    15.292065489107369,
    3.0843468012323,
    "f"
  ],
  [
    10.85378085640026,
    15.307587667458119,
    3.08434773011345,
    "f"
  ],
  [
    10.854633558101895,
    15.323412406245328,
    3.084348921795481,
    "f"
  ],
  [
    10.855507221425624,
    15.339626151307987,
    3.0843503408909214,
    "f"
  ],
  [
    10.856406504509694,
    15.356315348485087,
    3.084351948303322,
    "f"
  ],
  [
    10.857336065492346,
    15.37356644361561,
    3.084353703608258,
    "f"
  ],
  [
    10.858300562511829,
    15.39146588253855,
    3.084355567156365,
    "f"
  ],
  [
    10.859304653706376,
    15.410100111092895,
    3.0843575017515263,
    "f"
  ],
  [
    10.860352997214239,
    15.429555575117636,
    3.084359473840493,
    "f"
  ],
  [
    10.861450251173661,
    15.449918720451755,
    3.0843614542243927,
    "f"
  ],
  [
    10.86260107372288,
    15.471275992934247,
    3.084363418352382,
    "f"
  ],
  [
    10.863810123000146,
    15.4937138384041,
    3.0843653462832776,
    "f"
  ],
  [
    10.865082057143695,
    15.5173187027003,
    3.084367222410606,
    "f"
  ],
  [
    10.866421534291781,
    15.542177031661836,
    3.0843690350360475,
    "f"
  ],
  [
    10.867833212582635,
    15.5683752711277,
    3.0843707758666596,
    "f"
  ],
  [
    10.869321750154514,
    15.595999866936882,
    3.0843724394891865,
    "f"
  ],
  [
    10.87089180514565,
    15.62513726492836,
    3.0843740228606293,
    "f"
  ],
  [
    10.872548035694297,
    15.65587391094114,
    3.084375524840368,
    "f"
  ],
  [
    10.874295099938688,
    15.688296250814195,
    3.084376945774693,
    "f"
  ],
  [
    10.876137656017072,
    15.722490730386522,
    3.084378287140794,
    "f"
  ],
  [
    10.87808036206769,
    15.758543795497106,
    3.084379551247764,
    "f"
  ],
  [
    10.880127876228793,
    15.79654189198494,
    3.0843807409923443,
    "f"
  ],
  [
    10.882284856638613,
    15.836571465689008,
    3.0843818596614483,
    "f"
  ],
  [
    10.884555961435403,
    15.878718962448305,
    3.084382910776867,
    "f"
  ],
  [
    10.886945848757401,
    15.923070828101812,
    3.0843838979749307,
    "f"
  ],
  [
    10.889459176742855,
    15.969713508488525,
    3.0843848249146504,
    "f"
  ],
  [
    10.892100603530006,
    16.018733449447428,
    3.0843856952097326,
    "f"
  ],
  [
    10.894874787257093,
    16.07021709681751,
    3.0843865123794103,
    "f"
  ],
  [
    10.897786386062366,
    16.12425089643776,
    3.0843872798143366,
    "f"
  ],
  [
    10.900840058084068,
    16.180921294147172,
    3.084388000753279,
    "f"
  ],
  [
    10.904040461460443,
    16.240314735784732,
    3.0843886782702725,
    "f"
  ],
  [
    10.90739225432973,
    16.302517667189427,
    3.0843893152666624,
    "f"
  ],
  [
    10.910900094830177,
    16.36761653420024,
    3.084389914470023,
    "f"
  ],
  [
    10.914568641100022,
    16.43569778265617,
    3.084390478435523,
    "f"
  ],
  [
    10.918402551277516,
    16.506847858396203,
    3.0843910095504725,
    "f"
  ],
  [
    10.922406483500898,
    16.581153207259327,
    3.084391510040575,
    "f"
  ],
  [
    10.926585095908411,
    16.658700275084527,
    3.084391981977433,
    "f"
  ],
  [
    10.9309430466383,
    16.7395755077108,
    3.0843924272868435,
    "f"
  ],
  [
    10.935484993828812,
    16.823865350977126,
    3.08439284775676,
    "f"
  ],
  [
    10.94021559561818,
    16.9116562507225,
    3.0843932450466696,
    "f"
  ],
  [
    10.94513951014466,
    17.003034652785907,
    3.0843936206955505,
    "f"
  ],
  [
    10.950261395546487,
    17.098087003006338,
    3.0843939761302863,
    "f"
  ],
  [
    10.955585909961911,
    17.196899747222783,
    3.0843943126739077,
    "f"
  ],
  [
    10.961117711529168,
    17.299559331274224,
    3.0843946315525272,
    "f"
  ],
  [
    10.966861458386509,
    17.40615220099966,
    3.0843949339031838,
    "f"
  ],
  [
    10.972821808672169,
    17.51676480223807,
    3.0843952207800385,
    "f"
  ],
  [
    10.979003420524405,
    17.631483580828455,
    3.0843954931609687,
    "f"
  ],
  [
    10.985410952081445,
    17.750394982609784,
    3.0843957519531386,
    "f"
  ]
]