--start--
[-0.16, 0.00]
[-0.16, 0.00]
[-0.16, 0.00]
[-0.16, 0.11]
[-0.16, 0.11]
[-0.16, 0.11]
[-0.16, 0.11]
[-0.16, 0.11]
[-0.16, 0.11]
[-0.16, 0.11]
[-0.16, 0.11]
[-0.16, 0.11]
[-0.16, 0.11]
[-0.16, 0.11]
[-0.16, 0.11]
[-0.16, 0.11]
[-0.16, 0.11]
[-0.16, 0.11]
[-0.08, 0.11]
[-0.08, 0.11]
[0.08, 0.11]
[0.08, 0.11]
[0.16, 0.11]
[0.41, 0.11]
[0.41, 0.11]
[0.66, 0.11]
[0.74, 0.11]
[0.74, 0.11]
[0.98, 0.11]
[0.98, 0.11]
[1.07, 0.11]
[1.31, 0.11]
[1.31, 0.11]
[1.39, 0.11]
[1.48, 0.22]
[1.72, 0.22]
[1.81, 0.22]
[1.81, 0.22]
[1.89, 0.22]
[1.97, 0.22]
[2.22, 0.33]
[2.30, 0.33]
[2.30, 0.33]
[2.38, 0.33]
[2.54, 0.33]
[2.71, 0.45]
[2.79, 0.45]
[2.79, 0.45]
[2.95, 0.45]
[3.04, 0.45]
[3.12, 0.45]
[3.28, 0.56]
[3.28, 0.56]
[3.45, 0.56]
[3.53, 0.56]
[3.69, 0.67]
[3.77, 0.67]
[3.77, 0.67]
[3.94, 0.67]
[4.02, 0.67]
[4.18, 0.78]
[4.27, 0.78]
[4.27, 0.78]
[4.51, 0.89]
[4.51, 0.89]
[4.68, 0.89]
[4.76, 0.89]
[4.76, 0.89]
[5.00, 1.00]
[5.00, 1.00]
[5.17, 1.00]
[5.25, 1.11]
[5.25, 1.11]
[5.33, 1.11]
[5.42, 1.11]
[5.58, 1.22]
[5.66, 1.22]
[5.66, 1.22]
[5.74, 1.34]
[5.83, 1.34]
[6.07, 1.45]
[6.15, 1.45]
[6.15, 1.45]
[6.24, 1.45]
[6.32, 1.56]
[6.48, 1.67]
[6.56, 1.67]
[6.56, 1.67]
[6.65, 1.78]
[6.73, 1.78]
[6.89, 1.89]
[7.06, 2.00]
[7.06, 2.00]
[7.22, 2.00]
[7.22, 2.00]
[7.38, 2.23]
[7.47, 2.23]
[7.47, 2.23]
[7.63, 2.34]
[7.63, 2.34]
[7.88, 2.56]
[7.88, 2.56]
[7.88, 2.56]
[7.96, 2.56]
[8.04, 2.67]
[8.20, 2.78]
[8.29, 2.89]
[8.29, 2.89]
[8.45, 3.01]
[8.53, 3.01]
[8.61, 3.12]
[8.70, 3.23]
[8.70, 3.23]
[8.78, 3.34]
[8.78, 3.34]
[8.94, 3.45]
[9.03, 3.56]
[9.03, 3.56]
[9.11, 3.56]
[9.19, 3.78]
[9.27, 3.78]
[9.27, 3.90]
[9.27, 3.90]
[9.35, 3.90]
[9.44, 4.12]
[9.52, 4.23]
[9.60, 4.23]
[9.60, 4.23]
[9.60, 4.34]
[9.68, 4.45]
[9.76, 4.56]
[9.85, 4.68]
[9.85, 4.68]
[9.85, 4.90]
[9.93, 4.90]
[10.01, 5.12]
[10.01, 5.12]
[10.01, 5.12]
[10.09, 5.34]
[10.09, 5.45]
[10.09, 5.57]
[10.09, 5.68]
[10.09, 5.68]
[10.17, 5.68]
[10.17, 5.90]
[10.26, 6.12]
[10.26, 6.12]
[10.26, 6.12]
[10.26, 6.46]
[10.26, 6.46]
[10.34, 6.68]
[10.34, 6.68]
[10.34, 6.68]
[10.34, 6.79]
[10.34, 6.90]
[10.42, 7.12]
[10.42, 7.12]
[10.42, 7.35]
[10.42, 7.46]
[10.42, 7.57]
[10.42, 7.68]
[10.42, 7.68]
[10.42, 7.68]
[10.50, 7.90]
[10.50, 8.02]
[10.50, 8.13]
[10.50, 8.24]
[10.50, 8.24]
[10.58, 8.46]
[10.58, 8.57]
[10.58, 8.79]
[10.58, 8.79]
[10.58, 8.79]
[10.58, 8.91]
[10.67, 9.02]
[10.67, 9.13]
[10.67, 9.24]
[10.67, 9.24]
[10.67, 9.35]
[10.75, 9.57]
[10.75, 9.68]
[10.75, 9.80]
[10.75, 9.80]
[10.75, 9.91]
[10.75, 10.13]
[10.83, 10.24]
[10.83, 10.35]
[10.83, 10.35]
[10.83, 10.46]
[10.91, 10.58]
[10.91, 10.69]
[10.91, 10.80]
[10.91, 10.80]
[10.91, 10.91]
[10.91, 11.13]
[10.99, 11.24]
[10.99, 11.35]
[10.99, 11.35]
[10.99, 11.47]
[10.99, 11.69]
[10.99, 11.69]
[10.99, 11.80]
[10.99, 11.80]
[11.08, 11.91]
[11.08, 12.13]
[11.08, 12.25]
[11.08, 12.36]
[11.08, 12.36]
[11.08, 12.47]
[11.08, 12.47]
[11.08, 12.47]
[11.08, 12.47]
[11.08, 12.47]
[11.08, 12.47]
[11.08, 12.47]
[11.08, 12.47]
--stop--
[11.08, 12.47]
[11.08, 12.47]
[11.08, 12.47]
[11.16, 12.47]
[11.16, 12.47]
[11.16, 12.47]
[11.16, 12.47]
[11.16, 12.47]
[11.16, 12.47]
[11.16, 12.47]
[11.16, 12.47]
[11.16, 12.47]
[11.16, 12.47]
[11.16, 12.47]
[11.16, 12.47]
[11.16, 12.47]
[11.16, 12.36]
[11.16, 12.36]
[11.16, 12.36]
[11.16, 12.36]
[11.16, 12.36]
[11.16, 12.36]
[11.16, 12.36]
[11.16, 12.36]
[11.16, 12.36]
[11.16, 12.36]
[11.16, 12.36]
[11.16, 12.36]
[11.16, 12.36]
[11.16, 12.36]
[11.16, 12.36]
[11.16, 12.36]
[11.16, 12.36]
[11.16, 12.36]
[11.16, 12.36]
[11.16, 12.36]
[11.24, 12.36]
[11.24, 12.36]
[11.24, 12.36]
[11.24, 12.36]
[11.24, 12.36]
[11.24, 12.36]
[11.24, 12.36]
[11.24, 12.36]
[11.24, 12.36]
[11.24, 12.36]
[11.24, 12.36]
[11.24, 12.36]
[11.24, 12.36]
[11.24, 12.25]
[11.24, 12.25]
[11.24, 12.25]
[11.24, 12.25]
[11.24, 12.25]
[11.24, 12.25]
[11.24, 12.25]
[11.24, 12.25]
[11.24, 12.25]
[11.24, 12.25]
[11.24, 12.25]
[11.24, 12.25]
[11.24, 12.25]
[11.24, 12.25]
[11.24, 12.25]
[11.24, 12.25]
[11.32, 12.25]
[11.32, 12.25]
[11.32, 12.25]
[11.32, 12.25]
[11.32, 12.25]
[11.32, 12.25]
[11.32, 12.25]
[11.32, 12.25]
[11.32, 12.25]
[11.32, 12.25]
[11.32, 12.25]
[11.32, 12.25]
[11.32, 12.25]
[11.32, 12.25]
[11.32, 12.25]
[11.32, 12.25]
[11.32, 12.25]
[11.32, 12.25]
[11.32, 12.25]
[11.32, 12.25]
[11.32, 12.25]
[11.32, 12.25]
[11.32, 12.25]
[11.32, 12.13]
[11.32, 12.13]
[11.40, 12.13]
[11.40, 12.13]
[11.40, 12.13]
[11.40, 12.13]
[11.40, 12.13]
[11.40, 12.13]
[11.40, 12.13]
[11.40, 12.13]
[11.40, 12.13]
[11.40, 12.13]
[11.40, 12.13]
[11.40, 12.13]
[11.40, 12.13]
[11.40, 12.13]
[11.40, 12.13]
[11.40, 12.13]
[11.40, 12.13]
[11.40, 12.13]
[11.40, 12.13]
[11.40, 12.13]
[11.40, 12.13]
[11.40, 12.13]
[11.40, 12.13]
[11.40, 12.13]
[11.40, 12.13]
[11.40, 12.13]
[11.40, 12.13]
[11.40, 12.13]
[11.40, 12.13]
[11.40, 12.13]
[11.40, 12.13]
[11.40, 12.13]
[11.40, 12.13]
[11.40, 12.13]
[11.40, 12.13]
[11.40, 12.13]
[11.40, 12.13]
[11.40, 12.13]
[11.40, 12.13]
[11.40, 12.13]
[11.40, 12.13]
[11.40, 12.13]
[11.40, 12.13]
[11.40, 12.13]
[11.40, 12.13]
[11.40, 12.13]
[11.40, 12.13]
[11.40, 12.13]
[11.40, 12.13]
[11.40, 12.13]
[11.40, 12.13]
[11.40, 12.13]
[11.40, 12.13]
[11.49, 12.13]
[11.49, 12.13]
[11.49, 12.13]
[11.49, 12.13]
[11.49, 12.13]
[11.49, 12.13]
[11.49, 12.13]
[11.49, 12.13]
[11.49, 12.13]
[11.49, 12.13]
[11.49, 12.13]
[11.49, 12.13]
[11.49, 12.13]
[11.49, 12.13]
[11.49, 12.13]
[11.49, 12.13]
[11.49, 12.13]
[11.49, 12.13]
[11.49, 12.13]
[11.49, 12.13]
[11.49, 12.13]
[11.49, 12.13]
[11.49, 12.13]
[11.49, 12.13]
[11.49, 12.13]
[11.49, 12.13]
[11.49, 12.13]
[11.49, 12.13]
[11.49, 12.13]
[11.49, 12.13]
[11.49, 12.13]
[11.49, 12.13]
[11.49, 12.13]
[11.49, 12.13]
[11.49, 12.13]
[11.49, 12.13]
[11.49, 12.13]
[11.49, 12.13]
[11.49, 12.13]
[11.49, 12.13]
[11.49, 12.13]
[11.49, 12.13]
[11.49, 12.13]
[11.49, 12.13]
[11.49, 12.13]
[11.49, 12.13]
[11.49, 12.13]
[11.49, 12.13]
[11.40, 12.13]
[11.40, 12.13]
[11.40, 12.13]
[11.40, 12.13]
[11.40, 12.13]
[11.40, 12.13]
[11.40, 12.13]
[11.40, 12.13]
[11.40, 12.13]
[11.40, 12.13]
[11.40, 12.13]
[11.40, 12.13]
[11.40, 12.13]
[11.40, 12.13]
[11.40, 12.13]
[11.40, 12.13]
[11.40, 12.13]
[11.40, 12.13]
[11.40, 12.13]
[11.40, 12.13]
[11.40, 12.13]
[11.40, 12.13]
[11.40, 12.13]
[11.40, 12.13]
[11.40, 12.13]
[11.40, 12.25]
[11.40, 12.25]
[11.40, 12.25]
[11.40, 12.25]
[11.40, 12.25]
[11.40, 12.25]
[11.40, 12.25]
[11.40, 12.25]
[11.40, 12.25]
[11.40, 12.25]
[11.40, 12.25]
[11.40, 12.25]
[11.40, 12.25]
[11.40, 12.25]
[11.40, 12.25]
[11.40, 12.25]
[11.40, 12.25]
[11.40, 12.25]
[11.40, 12.25]
[11.40, 12.25]
[11.40, 12.25]
[11.40, 12.25]
[11.40, 12.25]
[11.40, 12.25]
[11.40, 12.25]
[11.40, 12.25]
[11.40, 12.25]
[11.32, 12.25]
[11.32, 12.25]
[11.32, 12.25]
[11.32, 12.25]
[11.32, 12.25]
[11.32, 12.25]
[11.32, 12.25]
[11.32, 12.25]
[11.32, 12.25]
[11.32, 12.25]
[11.32, 12.25]
[11.32, 12.25]
[11.32, 12.25]
[11.32, 12.25]
[11.32, 12.25]
[11.32, 12.25]
[11.32, 12.25]
[11.32, 12.25]
[11.32, 12.25]
[11.32, 12.25]
[11.32, 12.25]
[11.32, 12.25]
[11.32, 12.25]
[11.32, 12.25]
[11.32, 12.25]
[11.32, 12.25]
[11.32, 12.25]
[11.32, 12.25]
[11.32, 12.25]
[11.32, 12.25]
[11.32, 12.25]
[11.32, 12.25]
[11.32, 12.25]
[11.32, 12.25]
[11.32, 12.25]
[11.32, 12.25]
[11.32, 12.25]
[11.32, 12.25]
[11.32, 12.25]
[11.32, 12.25]
[11.32, 12.25]
[11.32, 12.25]
[11.32, 12.25]
[11.32, 12.25]
[11.32, 12.25]
[11.32, 12.25]
[11.32, 12.25]
[11.32, 12.25]
[11.32, 12.25]
[11.32, 12.25]
[11.32, 12.25]
[11.32, 12.25]
[11.32, 12.25]
[11.32, 12.25]
[11.32, 12.25]
[11.40, 12.25]
[11.40, 12.25]
[11.40, 12.25]
[11.40, 12.25]
[11.40, 12.25]
[11.40, 12.25]
[11.40, 12.25]
[11.40, 12.25]
[11.40, 12.25]
[11.40, 12.25]
[11.40, 12.25]
[11.40, 12.13]
[11.40, 12.13]
[11.40, 12.13]
[11.40, 12.13]
[11.40, 12.13]
[11.40, 12.13]
[11.40, 12.13]
[11.40, 12.13]
[11.40, 12.13]
[11.40, 12.13]
[11.40, 12.13]
[11.40, 12.13]
[11.40, 12.13]
[11.40, 12.13]
[11.40, 12.13]
[11.40, 12.13]
[11.40, 12.13]
[11.40, 12.13]
[11.40, 12.13]
[11.40, 12.13]
[11.40, 12.13]
[11.40, 12.13]
[11.40, 12.13]
[11.40, 12.13]
[11.40, 12.13]
[11.40, 12.13]
[11.40, 12.13]
[11.40, 12.13]
[11.40, 12.13]
[11.40, 12.13]
[11.40, 12.13]
[11.40, 12.13]
[11.40, 12.13]
[11.40, 12.13]
[11.40, 12.13]
[11.40, 12.13]
[11.40, 12.13]
[11.40, 12.13]
[11.40, 12.13]
[11.40, 12.13]
[11.40, 12.13]
[11.40, 12.13]
[11.40, 12.13]
[11.40, 12.13]
[11.40, 12.13]
[11.40, 12.13]
[11.40, 12.13]
[11.40, 12.13]
[11.40, 12.13]
[11.40, 12.13]
[11.40, 12.13]
[11.40, 12.13]
[11.40, 12.13]
[11.40, 12.13]
[11.40, 12.13]
[11.40, 12.13]
[11.40, 12.13]
[11.40, 12.13]
[11.40, 12.13]
[11.40, 12.13]
[11.40, 12.13]
[11.40, 12.13]
[11.40, 12.13]
[11.40, 12.13]
[11.40, 12.13]
[11.40, 12.13]
[11.40, 12.13]
[11.40, 12.13]
[11.40, 12.13]
[11.40, 12.13]
[11.40, 12.13]
[11.40, 12.13]
[11.40, 12.13]
[11.40, 12.13]
[11.40, 12.13]
[11.40, 12.13]
[11.40, 12.13]
[11.40, 12.13]
[11.40, 12.13]
[11.40, 12.13]
[11.40, 12.13]
[11.40, 12.13]
[11.40, 12.13]
[11.40, 12.13]
[11.49, 12.13]
[11.49, 12.13]
[11.49, 12.13]
[11.49, 12.13]
[11.49, 12.13]
[11.49, 12.13]
[11.49, 12.13]
[11.49, 12.13]
[11.49, 12.13]
[11.49, 12.13]
[11.49, 12.13]
[11.49, 12.13]
[11.49, 12.13]
[11.49, 12.13]
[11.49, 12.13]
[11.49, 12.13]
[11.49, 12.25]
[11.49, 12.25]
[11.49, 12.25]
[11.49, 12.25]
[11.49, 12.25]
[11.49, 12.25]
[11.49, 12.25]
[11.49, 12.25]
[11.49, 12.25]
[11.49, 12.25]
[11.49, 12.25]
[11.49, 12.25]
[11.49, 12.25]
[11.49, 12.25]
[11.49, 12.25]
[11.49, 12.25]
[11.49, 12.25]
[11.49, 12.25]
[11.49, 12.25]
[11.49, 12.25]
[11.49, 12.25]
[11.49, 12.25]
[11.49, 12.25]
[11.49, 12.25]
[11.49, 12.25]
[11.49, 12.25]
[11.49, 12.25]
[11.49, 12.25]
[11.49, 12.25]
[11.49, 12.25]
[11.49, 12.25]
[11.49, 12.25]
[11.49, 12.25]
[11.49, 12.25]
[11.49, 12.25]
[11.49, 12.25]
[11.49, 12.25]
[11.49, 12.25]
[11.49, 12.25]
[11.49, 12.25]
[11.49, 12.25]
[11.49, 12.25]
[11.49, 12.25]
[11.49, 12.25]
[11.49, 12.25]
[11.49, 12.25]
[11.49, 12.25]
[11.49, 12.25]
[11.49, 12.25]
[11.57, 12.25]
[11.57, 12.25]
[11.57, 12.13]
[11.57, 12.13]
[11.57, 12.13]
[11.57, 12.13]
[11.57, 12.13]
[11.57, 12.13]
[11.57, 12.13]
[11.57, 12.13]
[11.57, 12.13]
[11.57, 12.13]
[11.57, 12.13]
[11.57, 12.13]
[11.57, 12.13]
[11.57, 12.13]
[11.49, 12.13]
[11.49, 12.13]
[11.49, 12.13]
[11.49, 12.13]
[11.57, 12.13]
[11.57, 12.13]
[11.57, 12.13]
[11.57, 12.13]
[11.57, 12.13]
[11.57, 12.13]
[11.57, 12.13]
[11.57, 12.13]
[11.57, 12.13]
[11.57, 12.13]
[11.57, 12.13]
[11.57, 12.13]
[11.57, 12.13]
[11.57, 12.13]
[11.57, 12.13]
[11.57, 12.13]
[11.57, 12.13]
[11.57, 12.13]
[11.57, 12.13]
[11.57, 12.13]
[11.57, 12.13]
[11.57, 12.13]
[11.57, 12.13]
[11.57, 12.13]
[11.57, 12.13]
[11.57, 12.13]
[11.57, 12.13]
[11.57, 12.13]
[11.57, 12.13]
[11.57, 12.13]
[11.57, 12.13]
[11.57, 12.13]
[11.57, 12.13]
[11.57, 12.13]
[11.57, 12.13]
[11.57, 12.13]
[11.57, 12.13]
[11.57, 12.13]
[11.57, 12.13]
[11.57, 12.13]
[11.57, 12.13]
[11.57, 12.13]
[11.57, 12.13]
[11.57, 12.13]
[11.57, 12.13]
[11.57, 12.13]
[11.57, 12.13]
[11.57, 12.13]
[11.57, 12.13]
[11.57, 12.13]
[11.57, 12.13]
[11.57, 12.13]
[11.57, 12.13]
[11.57, 12.13]
[11.57, 12.13]
[11.57, 12.13]
[11.57, 12.13]
[11.57, 12.13]
[11.57, 12.13]
[11.57, 12.13]
[11.57, 12.13]
[11.57, 12.13]
[11.57, 12.13]
[11.57, 12.13]
[11.57, 12.13]
[11.57, 12.13]
[11.57, 12.25]
[11.57, 12.25]
[11.57, 12.25]
[11.57, 12.25]
[11.57, 12.25]
[11.57, 12.25]
[11.57, 12.25]
[11.57, 12.25]
[11.57, 12.25]
[11.57, 12.25]
[11.57, 12.25]
[11.57, 12.25]
[11.57, 12.25]
[11.57, 12.25]
[11.57, 12.25]
[11.57, 12.25]
[11.57, 12.25]
[11.57, 12.25]
[11.57, 12.25]
[11.57, 12.25]
[11.57, 12.25]
[11.57, 12.25]
[11.57, 12.25]
[11.57, 12.25]
[11.49, 12.25]
[11.49, 12.25]
[11.49, 12.25]
[11.49, 12.25]
[11.49, 12.25]
[11.49, 12.25]
[11.49, 12.25]
[11.49, 12.25]
[11.49, 12.25]
[11.49, 12.25]
[11.49, 12.25]
[11.49, 12.25]
[11.49, 12.25]
[11.49, 12.25]
[11.49, 12.25]
[11.49, 12.25]
[11.49, 12.25]
[11.49, 12.25]
[11.49, 12.25]
[11.49, 12.25]
[11.49, 12.25]
[11.49, 12.25]
[11.49, 12.25]
[11.49, 12.25]
[11.49, 12.25]
[11.49, 12.25]
[11.49, 12.25]
[11.49, 12.25]
[11.49, 12.25]
[11.49, 12.25]
[11.49, 12.25]
[11.49, 12.25]
[11.49, 12.25]
[11.49, 12.25]
[11.49, 12.13]
[11.49, 12.13]
[11.49, 12.13]
[11.49, 12.13]
[11.49, 12.13]
[11.49, 12.13]
[11.49, 12.13]
[11.49, 12.13]
[11.49, 12.13]
[11.49, 12.13]
[11.49, 12.13]
[11.49, 12.13]
[11.49, 12.13]
[11.49, 12.13]
[11.49, 12.13]
[11.49, 12.13]
[11.49, 12.13]
[11.49, 12.13]
[11.49, 12.13]
[11.49, 12.13]
[11.49, 12.13]
[11.49, 12.13]
[11.49, 12.13]
[11.49, 12.13]
[11.49, 12.13]
[11.49, 12.13]
[11.49, 12.13]
[11.49, 12.13]
[11.49, 12.13]
[11.49, 12.13]
[11.49, 12.13]
[11.49, 12.13]
[11.49, 12.13]
[11.49, 12.13]
[11.49, 12.13]
[11.49, 12.13]
[11.49, 12.13]
[11.49, 12.13]
[11.49, 12.13]
[11.49, 12.13]
[11.49, 12.13]
[11.49, 12.13]
[11.49, 12.13]
[11.49, 12.13]
[11.49, 12.13]
[11.49, 12.13]
[11.49, 12.13]
[11.49, 12.13]
[11.49, 12.13]
[11.49, 12.13]
[11.49, 12.13]
[11.49, 12.13]
[11.49, 12.13]
[11.49, 12.13]
[11.49, 12.13]
[11.49, 12.13]
[11.40, 12.13]
[11.40, 12.13]
[11.40, 12.13]
[11.40, 12.13]
[11.40, 12.13]
[11.40, 12.13]
[11.40, 12.13]
[11.40, 12.13]
[11.40, 12.13]
[11.40, 12.13]
[11.40, 12.13]
[11.40, 12.13]
[11.40, 12.13]
[11.40, 12.13]
[11.40, 12.13]
[11.40, 12.13]
[11.40, 12.13]
[11.40, 12.13]
[11.40, 12.13]
[11.40, 12.13]
[11.40, 12.13]
[11.40, 12.13]
[11.40, 12.13]
[11.40, 12.13]
[11.40, 12.13]
[11.40, 12.13]
[11.40, 12.13]
[11.40, 12.13]
[11.40, 12.13]
[11.40, 12.13]
[11.40, 12.13]
[11.40, 12.13]
[11.40, 12.13]
[11.40, 12.13]
[11.40, 12.13]
[11.40, 12.25]
[11.40, 12.25]
[11.40, 12.25]
[11.40, 12.25]
[11.40, 12.25]
[11.40, 12.25]
[11.40, 12.25]
[11.40, 12.25]
[11.40, 12.25]
[11.40, 12.25]
[11.40, 12.25]
[11.40, 12.25]
[11.40, 12.25]
[11.40, 12.25]
[11.40, 12.25]
[11.40, 12.25]
[11.40, 12.25]
[11.40, 12.25]
[11.40, 12.25]
[11.40, 12.25]
[11.40, 12.25]
[11.40, 12.25]
[11.40, 12.25]
[11.40, 12.25]
[11.40, 12.25]
[11.40, 12.25]
[11.40, 12.25]
[11.40, 12.25]
[11.40, 12.25]
[11.40, 12.25]
[11.40, 12.25]
[11.40, 12.25]
[11.40, 12.25]
[11.40, 12.25]
[11.32, 12.25]
[11.32, 12.25]
[11.32, 12.25]
[11.32, 12.25]
[11.32, 12.25]
[11.32, 12.25]
[11.32, 12.25]
[11.32, 12.25]
[11.32, 12.25]
[11.32, 12.25]
[11.32, 12.25]
[11.32, 12.25]
[11.32, 12.25]
[11.32, 12.25]
[11.32, 12.25]
[11.32, 12.25]
[11.32, 12.25]
[11.32, 12.25]
[11.32, 12.25]
[11.32, 12.25]
[11.32, 12.25]
[11.32, 12.25]
[11.32, 12.25]
[11.32, 12.25]
[11.32, 12.25]
[11.32, 12.25]
[11.32, 12.25]
[11.32, 12.25]
[11.32, 12.25]
[11.32, 12.25]
[11.32, 12.25]
[11.32, 12.25]
[11.32, 12.25]
[11.32, 12.25]
[11.32, 12.25]
[11.32, 12.25]
[11.32, 12.25]
[11.32, 12.25]
[11.32, 12.25]
[11.32, 12.25]
[11.32, 12.25]
[11.32, 12.25]
[11.32, 12.25]
[11.32, 12.25]
[11.32, 12.25]
[11.32, 12.25]
[11.32, 12.25]
[11.32, 12.25]
[11.32, 12.25]
[11.32, 12.25]
[11.32, 12.25]
[11.32, 12.25]
[11.32, 12.25]
[11.32, 12.25]
[11.32, 12.25]
[11.32, 12.25]
[11.32, 12.25]
[11.32, 12.25]
[11.32, 12.25]
[11.32, 12.25]
[11.32, 12.25]
[11.32, 12.25]
[11.32, 12.25]
[11.32, 12.25]
[11.32, 12.25]
[11.32, 12.25]
[11.32, 12.25]
[11.32, 12.25]
[11.32, 12.25]
[11.32, 12.25]
[11.32, 12.25]
[11.32, 12.25]
[11.32, 12.25]
[11.32, 12.25]
[11.32, 12.25]
[11.32, 12.25]
[11.32, 12.25]
[11.32, 12.25]
[11.32, 12.25]
[11.32, 12.25]
[11.32, 12.25]
[11.32, 12.25]
[11.32, 12.25]
[11.32, 12.25]
[11.32, 12.25]
[11.32, 12.25]
[11.32, 12.25]
[11.32, 12.25]
[11.32, 12.25]
[11.32, 12.25]
[11.32, 12.25]
[11.32, 12.25]
[11.32, 12.25]
[11.32, 12.25]
[11.32, 12.25]
[11.32, 12.25]
[11.32, 12.25]
[11.32, 12.25]
[11.32, 12.25]
[11.32, 12.25]
[11.32, 12.25]
[11.32, 12.25]
[11.32, 12.25]
[11.32, 12.25]
[11.32, 12.25]
[11.32, 12.25]
[11.32, 12.25]
[11.32, 12.25]
[11.32, 12.25]
[11.32, 12.25]
[11.32, 12.13]
[11.32, 12.13]
[11.32, 12.13]
[11.32, 12.13]
[11.32, 12.13]
[11.32, 12.13]
[11.32, 12.13]
[11.32, 12.13]
[11.32, 12.13]
[11.32, 12.13]
[11.32, 12.13]
[11.32, 12.13]
[11.32, 12.13]
[11.32, 12.13]
[11.32, 12.13]
[11.32, 12.13]
[11.32, 12.13]
[11.32, 12.13]
[11.32, 12.13]
[11.32, 12.13]
[11.32, 12.13]
[11.32, 12.13]
[11.32, 12.13]
[11.32, 12.13]
[11.32, 12.13]
[11.32, 12.13]
[11.32, 12.13]
[11.32, 12.13]
[11.32, 12.02]
[11.32, 12.02]
[11.32, 12.13]
[11.32, 12.13]
[11.32, 12.02]
[11.32, 12.13]
[11.32, 12.02]
[11.32, 12.02]
[11.32, 12.02]
[11.32, 12.02]
[11.32, 12.02]
[11.32, 12.02]
[11.32, 12.02]
[11.32, 12.02]
[11.32, 12.02]
[11.32, 12.02]
[11.32, 12.02]
[11.32, 12.02]
[11.32, 12.02]
[11.32, 12.02]
[11.32, 12.02]
[11.32, 12.02]
[11.32, 12.02]
[11.32, 12.02]
[11.32, 12.02]
[11.32, 12.02]
[11.32, 12.02]
[11.32, 12.02]
[11.32, 12.02]
[11.32, 12.02]
[11.24, 12.02]
[11.24, 12.02]
[11.24, 12.02]
[11.24, 12.02]
[11.24, 12.02]
[11.24, 12.02]
[11.24, 12.02]
[11.24, 12.02]
[11.24, 12.02]
[11.24, 12.02]
[11.24, 12.02]
[11.24, 12.02]
[11.24, 12.02]
[11.24, 12.02]
[11.24, 12.02]
[11.24, 12.02]
[11.24, 12.02]
[11.24, 12.02]
[11.24, 12.02]
[11.24, 12.02]
[11.24, 12.02]
[11.24, 12.02]
[11.24, 12.02]
[11.24, 12.02]
[11.24, 12.02]
[11.24, 12.02]
[11.24, 12.02]
[11.24, 12.02]
[11.24, 12.02]
[11.24, 12.02]
[11.24, 12.02]
[11.24, 12.02]
[11.24, 12.02]
[11.24, 12.02]
[11.24, 11.91]
[11.24, 11.91]
[11.24, 11.91]
[11.24, 11.91]
[11.24, 11.91]
[11.24, 11.91]
[11.24, 11.91]
[11.24, 11.91]
[11.24, 11.91]
[11.24, 11.91]
[11.24, 11.91]
[11.24, 11.91]
[11.24, 11.91]
[11.24, 11.91]
[11.24, 11.91]
[11.24, 11.91]
[11.24, 11.91]
[11.24, 11.91]
[11.24, 11.91]
[11.24, 11.91]
[11.24, 11.91]
[11.24, 11.91]
[11.24, 11.91]
[11.24, 11.91]
[11.24, 11.91]
[11.24, 11.91]
[11.24, 11.91]
[11.24, 11.91]
[11.24, 12.02]
[11.24, 12.02]
[11.24, 12.02]
[11.24, 12.02]
[11.24, 12.02]
[11.24, 12.02]
[11.24, 12.02]
[11.24, 12.02]
[11.24, 12.02]
[11.24, 12.02]
[11.24, 12.02]
[11.24, 12.02]
[11.24, 12.02]
[11.24, 12.02]
[11.24, 12.02]
[11.24, 12.02]
[11.24, 12.02]
[11.24, 12.02]
[11.24, 12.02]
[11.24, 12.02]
[11.24, 12.02]
[11.24, 12.02]
[11.24, 12.02]
[11.24, 12.02]
[11.24, 12.02]
[11.24, 12.02]
[11.24, 12.02]
[11.24, 12.02]
[11.24, 12.02]
[11.24, 12.02]
[11.16, 12.02]
[11.16, 12.02]
[11.16, 12.02]
[11.16, 12.02]
[11.16, 12.02]
[11.16, 12.02]
[11.16, 12.02]
[11.16, 12.02]
[11.16, 12.02]
[11.16, 12.02]
[11.16, 12.02]
[11.16, 12.02]
[11.16, 12.02]
[11.16, 12.02]
[11.16, 12.02]
[11.16, 12.02]
[11.16, 12.02]
[11.16, 12.13]
[11.16, 12.13]
[11.16, 12.13]
[11.16, 12.13]
[11.16, 12.13]
[11.16, 12.13]
[11.16, 12.13]
[11.16, 12.13]
[11.16, 12.13]
[11.16, 12.13]
[11.16, 12.13]
[11.16, 12.13]
[11.16, 12.13]
[11.24, 12.13]
[11.24, 12.13]
[11.24, 12.13]
[11.24, 12.13]
[11.24, 12.13]
[11.24, 12.13]
[11.24, 12.13]
[11.24, 12.13]
[11.24, 12.13]
[11.24, 12.13]
[11.24, 12.13]
[11.24, 12.13]
[11.24, 12.13]
[11.24, 12.13]
[11.24, 12.02]
[11.24, 12.02]
[11.24, 12.02]
[11.24, 12.02]
[11.24, 12.02]
[11.24, 12.02]
[11.24, 12.02]
[11.24, 12.02]
[11.24, 12.02]
[11.24, 12.02]
[11.24, 12.02]
[11.24, 12.02]
[11.24, 12.02]
[11.24, 12.02]
[11.24, 12.02]
[11.32, 12.02]
[11.32, 12.02]
[11.32, 12.02]
[11.32, 12.02]
[11.32, 12.02]
[11.32, 12.02]
[11.32, 12.02]
[11.32, 12.02]
[11.32, 12.02]
[11.32, 12.02]
[11.32, 12.02]
[11.32, 12.02]
[11.32, 12.02]
[11.32, 12.02]
[11.32, 12.02]
[11.32, 12.02]
[11.32, 12.02]
[11.32, 12.02]
[11.32, 12.02]
[11.32, 12.02]
[11.32, 12.02]
[11.32, 12.02]
[11.40, 12.02]
[11.40, 12.02]
[11.40, 12.02]
[11.40, 12.02]
[11.40, 12.02]
[11.40, 12.02]
[11.40, 12.02]
[11.40, 12.02]
[11.40, 12.02]
[11.40, 12.02]
[11.40, 12.02]
[11.40, 12.02]
[11.40, 12.02]
[11.40, 12.02]
[11.40, 12.02]
[11.40, 12.02]
[11.40, 12.02]
[11.40, 12.02]
[11.40, 12.02]
[11.40, 12.02]
[11.40, 12.02]
[11.40, 12.02]
[11.40, 12.02]
[11.40, 12.02]
[11.40, 12.02]
[11.40, 12.02]
[11.40, 12.02]
[11.40, 12.02]
[11.40, 12.02]
[11.40, 12.02]
[11.40, 12.02]
[11.40, 12.02]
[11.40, 12.02]
[11.40, 12.02]
[11.40, 12.02]
[11.40, 12.02]
[11.40, 12.02]
[11.40, 12.02]
[11.40, 12.02]
[11.40, 12.02]
[11.40, 12.02]
[11.40, 12.02]
[11.40, 12.02]
[11.40, 12.02]
[11.40, 12.02]
[11.40, 12.02]
[11.40, 12.02]
[11.40, 12.02]
[11.40, 12.02]
[11.40, 12.02]
[11.40, 12.02]
[11.40, 12.02]
[11.40, 11.91]
[11.40, 11.91]
[11.40, 11.91]
[11.40, 11.91]
[11.40, 11.91]
[11.40, 11.91]
[11.40, 11.91]
[11.40, 11.91]
[11.40, 11.91]
[11.40, 11.91]
[11.40, 11.91]
[11.40, 11.91]
[11.40, 11.91]
[11.40, 11.91]
[11.40, 11.91]
[11.40, 11.91]
[11.40, 11.91]
[11.40, 11.91]
[11.40, 11.91]
[11.40, 11.91]
[11.40, 11.91]
[11.40, 11.91]
[11.49, 11.91]
[11.49, 11.91]
[11.49, 11.91]
[11.49, 11.91]
[11.49, 11.91]
[11.49, 11.91]
[11.49, 11.91]
[11.49, 11.91]
[11.49, 11.91]
[11.49, 11.91]
[11.49, 11.91]
[11.49, 11.91]
[11.49, 11.91]
[11.49, 11.91]
[11.49, 11.91]
[11.49, 11.91]
[11.49, 11.91]
[11.49, 11.91]
[11.49, 11.91]
[11.49, 11.91]
[11.49, 12.02]
[11.49, 12.02]
[11.57, 12.02]
[11.57, 12.02]
[11.57, 12.02]
[11.57, 12.02]
[11.57, 12.02]
[11.57, 12.02]
[11.57, 12.02]
[11.57, 12.02]
[11.57, 12.02]
[11.57, 12.02]
[11.57, 12.02]
[11.57, 12.02]
[11.57, 12.02]
[11.57, 12.02]
[11.57, 12.02]
[11.57, 12.02]
[11.57, 12.02]
[11.57, 12.02]
[11.57, 12.02]
[11.57, 12.02]
[11.57, 12.02]
[11.57, 12.02]
[11.57, 12.02]
[11.57, 12.02]
[11.57, 12.02]
[11.57, 12.02]
[11.57, 12.02]
[11.57, 12.02]
[11.57, 11.91]
[11.57, 11.91]
[11.57, 11.80]
[11.57, 11.69]
[11.57, 11.69]
[11.57, 11.58]
[11.57, 11.35]
[11.49, 11.24]
[11.49, 11.02]
[11.49, 11.02]
[11.49, 10.69]
[11.40, 10.58]
[11.40, 10.46]
[11.40, 10.35]
[11.32, 10.02]
[11.32, 10.02]
[11.32, 9.57]
[11.32, 9.57]
[11.24, 9.24]
[11.24, 9.24]
[11.16, 8.68]
[11.16, 8.68]
[11.08, 8.35]
[11.08, 8.35]
[10.99, 7.68]
[10.99, 7.68]
[10.99, 7.35]
[10.99, 7.35]
[10.91, 6.79]
[10.91, 6.68]
[10.83, 6.12]
[10.83, 6.12]
[10.75, 5.79]
[10.75, 5.45]
[10.67, 5.12]
[10.67, 5.12]
[10.67, 4.79]
[10.58, 4.68]
[10.58, 4.56]
[10.58, 4.45]
[10.58, 4.45]
[10.58, 4.45]
[10.58, 4.56]
[10.58, 4.56]
[10.58, 4.56]
[10.58, 4.56]
[10.58, 4.79]
[10.58, 4.79]
[10.58, 4.90]
[10.58, 5.01]
[10.58, 5.23]
[10.58, 5.23]
[10.50, 5.45]
[10.50, 5.68]
[10.42, 5.90]
[10.34, 6.12]
[10.26, 6.35]
[10.26, 6.35]
[10.17, 6.57]
[10.17, 6.68]
[10.17, 6.79]
[10.17, 6.79]
[10.17, 7.01]
[10.17, 7.01]
[10.17, 7.12]
[10.17, 7.12]
[10.17, 7.35]
[10.17, 7.46]
[10.26, 7.68]
[10.26, 7.68]
[10.26, 7.90]
[10.34, 8.02]
[10.34, 8.13]
[10.34, 8.24]
[10.42, 8.35]
[10.42, 8.46]
[10.42, 8.46]
[10.42, 8.46]
[10.42, 8.46]
[10.42, 8.46]
[10.42, 8.46]
[10.42, 8.46]
[10.42, 8.46]
[10.42, 8.46]
[10.42, 8.46]
[10.42, 8.46]
[10.42, 8.46]
[10.42, 8.46]
[10.42, 8.46]
[10.42, 8.46]
[10.42, 8.46]
[10.42, 8.57]
[10.42, 8.57]
[10.42, 8.57]
[10.42, 8.46]
[10.42, 8.46]
[10.42, 8.46]
[10.42, 8.35]
[10.34, 8.24]
[10.34, 8.13]
[10.34, 7.90]
[10.34, 7.90]
[10.34, 7.68]
[10.34, 7.57]
[10.26, 7.35]
[10.26, 7.35]
[10.26, 7.01]
[10.26, 6.90]
[10.17, 6.46]
[10.17, 6.46]
[10.17, 6.01]
[10.17, 6.01]
[10.17, 5.79]
[10.17, 5.79]
[10.09, 5.57]
[10.09, 5.57]
[10.09, 5.57]
[10.09, 5.57]
[10.09, 5.57]
[10.09, 5.57]
[10.09, 5.57]
[10.09, 5.57]
[10.09, 5.57]
[10.09, 5.57]
[10.09, 5.57]
[10.09, 5.57]
[10.09, 5.57]
[10.09, 5.57]
[10.09, 5.68]
[10.09, 5.68]
[10.17, 5.68]
[10.17, 5.79]
[10.17, 5.90]
[10.17, 5.90]
[10.26, 6.01]
[10.26, 6.01]
[10.26, 6.12]
[10.26, 6.12]
[10.26, 6.12]
[10.26, 6.12]
[10.26, 6.12]
[10.26, 6.12]
[10.26, 6.12]
[10.26, 6.12]
[10.26, 6.12]
[10.26, 6.12]
[10.26, 6.12]
[10.26, 6.12]
[10.26, 6.12]
[10.26, 6.12]
[10.26, 6.12]
[10.26, 6.12]
[10.26, 6.12]
[10.17, 6.12]
[10.17, 6.12]
[10.17, 6.12]
[10.17, 6.12]
[10.17, 6.12]
[10.17, 6.12]
[10.17, 6.12]
[10.17, 6.12]
[10.17, 6.12]
[10.17, 6.12]
[10.17, 6.12]
[10.17, 6.12]
[10.17, 6.12]
[10.17, 6.12]
[10.17, 6.12]
[10.17, 6.12]
[10.17, 6.12]
[10.17, 6.12]
[10.17, 6.12]
[10.17, 6.12]
[10.17, 6.12]
[10.17, 6.12]
[10.17, 6.12]
[10.17, 6.12]
[10.17, 6.12]
[10.17, 6.23]
[10.17, 6.23]
[10.17, 6.46]
[10.26, 6.57]
[10.26, 6.68]
[10.34, 6.79]
[10.42, 7.12]
[10.42, 7.35]
[10.42, 7.46]
[10.42, 7.46]
[10.42, 7.46]
[10.42, 7.46]
[10.42, 7.46]
[10.42, 7.46]
[10.42, 7.35]
[10.42, 7.35]
[10.42, 7.24]
[10.42, 7.12]
[10.42, 7.01]
[10.42, 6.79]
[10.42, 6.46]
[10.42, 6.46]
[10.42, 6.35]
[10.42, 6.12]
[10.42, 6.12]
[10.42, 5.79]
[10.42, 5.45]
[10.42, 5.34]
[10.34, 5.23]
[10.34, 4.90]
[10.34, 4.79]
[10.26, 4.56]
[10.26, 4.45]
[10.17, 4.34]
[10.17, 4.23]
[10.09, 3.90]
[10.01, 3.67]
[10.01, 3.67]
[9.85, 3.45]
[9.85, 3.34]
[9.68, 3.01]
[9.68, 3.01]
[9.52, 2.78]
[9.44, 2.67]
[9.35, 2.56]
[9.11, 2.23]
[9.11, 2.23]
[8.94, 2.00]
[8.78, 1.89]
[8.70, 1.78]
[8.45, 1.56]
[8.29, 1.45]
[8.20, 1.34]
[7.88, 1.11]
[7.79, 1.00]
[7.63, 1.00]
[7.47, 0.89]
[7.14, 0.78]
[7.14, 0.78]
[6.81, 0.67]
[6.65, 0.67]
[6.32, 0.67]
[6.07, 0.67]
[5.91, 0.67]
[5.74, 0.67]
[5.33, 0.67]
[5.09, 0.67]
[4.92, 0.67]
[4.68, 0.67]
[4.27, 0.78]
[4.27, 0.78]
[3.77, 0.78]
[3.61, 0.78]
[3.12, 0.78]
[2.95, 0.78]
[2.71, 0.78]
[2.46, 0.67]
[2.05, 0.67]
[1.81, 0.56]
[1.56, 0.56]
[1.39, 0.45]
[0.90, 0.33]
[0.74, 0.33]
[0.49, 0.22]
[0.25, 0.22]
[-0.16, 0.11]
[-0.16, 0.11]
[-0.90, 0.00]
[-1.07, 0.00]
[-1.31, -0.11]
[-1.31, -0.11]
[-1.89, -0.11]
[-1.89, -0.11]
[-2.22, -0.11]
[-2.30, -0.11]
[-2.46, -0.11]
[-2.54, -0.11]
[-2.63, -0.11]
[-2.63, -0.11]
[-2.63, -0.11]
[-2.63, -0.11]
[-2.63, -0.11]
[-2.63, -0.11]
[-2.46, -0.11]
[-2.38, -0.11]
[-2.22, -0.11]
[-2.22, -0.11]
[-1.81, 0.00]
[-1.64, 0.00]
[-1.39, 0.00]
[-1.15, 0.00]
[-1.15, 0.00]
[-0.90, 0.11]
[-0.90, 0.11]
[-0.41, 0.11]
[-0.41, 0.11]
[-0.08, 0.11]
[-0.08, 0.11]
[0.33, 0.22]
[0.33, 0.22]
[0.57, 0.22]
[0.57, 0.22]
[0.98, 0.22]
[0.98, 0.22]
[1.31, 0.33]
[1.48, 0.33]
[1.72, 0.45]
[2.05, 0.45]
[2.22, 0.45]
[2.46, 0.56]
[2.46, 0.56]
[2.79, 0.56]
[3.12, 0.67]
[3.28, 0.67]
[3.28, 0.67]
[3.61, 0.78]
[3.94, 0.78]
[3.94, 0.78]
[3.94, 0.78]
[3.94, 0.78]
[3.94, 0.78]
[3.94, 0.78]
[3.94, 0.78]
[3.94, 0.78]
[3.94, 0.78]
[3.94, 0.78]
[3.94, 0.78]
[3.94, 0.78]
[3.94, 0.78]
[3.94, 0.78]
[3.94, 0.78]
[3.94, 0.78]
[3.94, 0.78]
[3.94, 0.78]
[3.94, 0.78]
[3.94, 0.78]
[3.94, 0.78]
[3.94, 0.89]
[3.94, 0.89]
[3.94, 0.89]
[3.94, 0.89]
[3.94, 0.89]
[3.94, 0.89]
[3.94, 0.89]
[3.94, 0.89]
[3.94, 0.89]
[3.94, 0.89]
[3.94, 0.89]
[3.94, 0.89]
[3.94, 0.89]
[3.94, 0.89]
[3.94, 0.89]
[3.94, 0.89]
[3.94, 0.89]
[3.94, 0.89]
[3.94, 0.89]
[3.94, 0.89]
[3.94, 0.89]
[3.94, 0.89]
[3.94, 0.89]
[3.94, 0.89]
[3.94, 0.89]
[3.94, 0.89]
[3.94, 0.89]
[3.94, 0.89]
[3.94, 0.89]
[3.94, 0.89]
[3.94, 0.89]
[3.94, 0.89]
[3.94, 0.89]
[3.94, 0.89]
[3.94, 0.89]
[3.94, 0.89]
[3.94, 0.89]
[3.94, 0.89]
[3.94, 0.89]
[3.94, 0.89]
[3.94, 0.89]
[3.94, 0.89]
[3.94, 0.89]
[3.94, 0.89]
[3.94, 0.89]
[3.94, 0.89]
[3.94, 0.89]
[3.94, 0.89]
[3.94, 1.00]
[3.94, 1.00]
[3.94, 1.00]
[3.94, 1.00]
[3.94, 1.00]
[3.94, 1.00]
[3.94, 1.00]
[3.94, 1.00]
[3.94, 1.00]
[3.94, 1.00]
[3.94, 1.00]
[3.94, 1.00]
[3.94, 1.00]
[3.94, 1.00]
[3.94, 1.00]
[3.94, 1.00]
[3.94, 1.00]
[3.94, 1.00]
[3.94, 1.00]
[3.94, 1.00]
[3.94, 1.00]
[3.94, 1.00]
[3.94, 1.00]
[3.94, 1.00]
[4.02, 1.00]
[4.02, 1.00]
[4.02, 1.00]
[4.02, 1.00]
[4.02, 1.00]
[4.02, 1.00]
[4.02, 1.00]
[4.02, 1.00]
[4.02, 1.00]
[4.02, 1.00]
[4.02, 1.00]
[4.02, 1.00]
[4.02, 1.00]
[4.02, 1.00]
[4.02, 1.00]
[4.02, 1.00]
[4.02, 1.00]
[4.02, 1.00]
[4.02, 1.00]
[4.02, 1.00]
[4.02, 1.00]
[4.02, 1.00]
[4.02, 1.00]
[4.02, 1.00]
[4.02, 1.00]
[4.02, 1.00]
[4.02, 1.00]
[4.02, 1.00]
[4.02, 1.00]
[4.02, 1.00]
[4.02, 1.00]
[4.02, 1.00]
[4.02, 1.00]
[4.02, 1.00]
[4.02, 1.00]
[4.02, 1.00]
[4.02, 1.00]
[4.02, 1.00]
[4.02, 1.00]
[4.02, 1.00]
[4.02, 1.00]
[4.02, 1.00]
[4.02, 1.00]
[4.02, 1.00]
[4.02, 1.00]
[4.02, 1.00]
[4.02, 1.00]
[4.02, 1.00]
[4.02, 1.00]
[4.02, 1.00]
[4.02, 1.00]
[4.02, 1.00]
[4.02, 1.00]
[4.02, 1.00]
[4.02, 1.00]
[4.02, 1.00]
[4.02, 1.00]
[4.02, 1.00]
[4.02, 1.00]
[4.02, 1.00]
[4.02, 1.00]
[4.02, 1.00]
[4.02, 1.00]
[4.02, 1.00]
[4.02, 1.00]
[4.02, 1.00]
[4.10, 1.00]
[4.10, 1.00]
[4.10, 1.00]
[4.10, 1.00]
[4.10, 1.00]
[4.10, 1.00]
[4.10, 1.00]
[4.10, 1.00]
[4.10, 1.00]
[4.10, 1.00]
[4.10, 1.00]
[4.10, 1.00]
[4.10, 1.00]
[4.10, 1.00]
[4.10, 1.00]
[4.10, 1.00]
[4.10, 1.00]
[4.10, 1.00]
[4.10, 1.00]
[4.18, 1.00]
[4.18, 1.00]
[4.27, 1.00]
[4.35, 1.00]
[4.35, 1.00]
[4.43, 1.11]
[4.51, 1.11]
[4.59, 1.11]
[4.68, 1.11]
[4.92, 1.22]
[5.00, 1.34]
[5.09, 1.34]
[5.25, 1.34]
[5.33, 1.45]
[5.58, 1.56]
[5.74, 1.56]
[5.74, 1.56]
[5.91, 1.67]
[5.91, 1.67]
[5.99, 1.78]
[6.07, 1.78]
[6.24, 1.89]
[6.32, 1.89]
[6.40, 1.89]
[6.40, 2.00]
[6.48, 2.00]
[6.73, 2.12]
[6.81, 2.23]
[6.89, 2.23]
[6.97, 2.34]
[7.14, 2.45]
[7.22, 2.45]
[7.30, 2.56]
[7.38, 2.56]
[7.47, 2.67]
[7.47, 2.67]
[7.63, 2.89]
[7.79, 3.01]
[7.79, 3.01]
[7.88, 3.12]
[7.88, 3.12]
[7.96, 3.23]
[8.04, 3.23]
[8.04, 3.34]
[8.12, 3.34]
[8.20, 3.45]
[8.29, 3.56]
[8.29, 3.56]
[8.37, 3.67]
[8.45, 3.78]
[8.61, 3.90]
[8.61, 4.12]
[8.70, 4.23]
[8.86, 4.45]
[8.94, 4.56]
[9.03, 4.68]
[9.11, 4.79]
[9.11, 4.79]
[9.11, 4.79]
[9.11, 4.79]
[9.11, 4.79]
[9.11, 4.79]
[9.11, 4.79]
[9.11, 4.79]
[9.11, 4.79]
[9.11, 4.79]
[9.11, 4.79]
[9.11, 4.79]
[9.11, 4.79]
[9.11, 4.79]
[9.11, 4.79]
[9.11, 4.79]
[9.11, 4.79]
[9.11, 4.90]
[9.11, 4.90]
[9.11, 4.90]
[9.11, 4.90]
[9.11, 4.90]
[9.11, 4.90]
[9.11, 4.90]
[9.11, 4.90]
[9.11, 4.90]
[9.11, 4.90]
[9.11, 4.90]
[9.11, 4.90]
[9.11, 4.90]
[9.11, 4.90]
[9.11, 4.90]
[9.11, 4.90]
[9.11, 4.90]
[9.11, 4.90]
[9.11, 4.90]
[9.11, 4.90]
[9.19, 4.90]
[9.19, 4.90]
[9.19, 4.90]
[9.19, 4.90]
[9.19, 4.90]
[9.19, 4.90]
[9.19, 4.90]
[9.19, 4.90]
[9.19, 4.90]
[9.19, 4.90]
[9.19, 4.90]
[9.19, 4.90]
[9.19, 4.90]
[9.19, 4.90]
[9.19, 4.90]
[9.19, 4.90]
[9.19, 4.90]
[9.19, 4.90]
[9.19, 4.90]
[9.19, 5.01]
[9.19, 5.01]
[9.19, 5.01]
[9.19, 5.01]
[9.19, 5.01]
[9.19, 5.01]
[9.19, 5.01]
[9.19, 5.01]
[9.19, 5.01]
[9.19, 5.01]
[9.19, 5.01]
[9.19, 5.01]
[9.19, 5.01]
[9.19, 5.01]
[9.19, 5.01]
[9.19, 5.01]
[9.19, 5.01]
[9.19, 5.01]
[9.19, 5.01]
[9.19, 5.01]
[9.19, 5.01]
[9.19, 5.01]
[9.19, 5.01]
[9.19, 5.01]
[9.19, 5.01]
[9.19, 5.01]
[9.19, 5.01]
[9.19, 5.01]
[9.19, 5.01]
[9.19, 5.01]
[9.19, 5.01]
[9.19, 5.01]
[9.19, 5.01]
[9.19, 5.01]
[9.19, 5.01]
[9.19, 5.01]
[9.19, 5.01]
[9.19, 5.01]
[9.19, 5.01]
[9.19, 5.01]
[9.19, 5.01]
[9.19, 5.01]
[9.19, 5.01]
[9.19, 5.01]
[9.19, 5.01]
[9.19, 5.01]
[9.19, 5.01]
[9.19, 5.01]
[9.19, 5.01]
[9.19, 5.01]
[9.19, 5.01]
[9.19, 5.01]
[9.19, 5.01]
[9.19, 5.01]
[9.19, 5.01]
[9.19, 5.01]
[9.19, 5.01]
[9.19, 5.01]
[9.19, 5.01]
[9.19, 5.01]
[9.19, 5.01]
[9.19, 5.01]
[9.19, 5.01]
[9.19, 5.01]
[9.19, 5.01]
[9.19, 5.01]
[9.19, 5.01]
[9.19, 5.01]
[9.19, 5.01]
[9.19, 5.01]
[9.19, 5.01]
[9.19, 5.01]
[9.19, 5.01]
[9.19, 5.01]
[9.19, 5.01]
[9.19, 5.01]
[9.19, 5.01]
[9.19, 5.01]
[9.19, 5.01]
[9.19, 5.01]
[9.19, 5.01]
[9.19, 5.01]
[9.27, 5.01]
[9.27, 5.01]
[9.27, 5.01]
[9.27, 4.90]
[9.27, 4.90]
[9.27, 4.90]
[9.27, 4.90]
[9.27, 4.90]
[9.27, 4.90]
[9.27, 4.90]
[9.27, 4.90]
[9.27, 4.90]
[9.27, 4.90]
[9.27, 4.90]
[9.27, 4.90]
[9.27, 4.90]
[9.27, 4.90]
[9.27, 4.90]
[9.27, 4.90]
[9.27, 4.90]
[9.27, 4.90]
[9.27, 4.90]
[9.27, 4.90]
[9.27, 4.90]
[9.27, 4.90]
[9.27, 4.90]
[9.27, 4.90]
[9.27, 4.90]
[9.35, 4.90]
[9.35, 4.90]
[9.35, 4.90]
[9.35, 4.90]
[9.35, 4.90]
[9.35, 4.90]
[9.35, 4.90]
[9.35, 4.90]
[9.35, 4.90]
[9.35, 4.90]
[9.35, 4.90]
[9.35, 4.90]
[9.35, 4.90]
[9.35, 4.90]
[9.27, 4.90]
[9.27, 4.90]
[9.27, 4.90]
[9.27, 4.90]
[9.27, 4.90]
[9.27, 4.90]
[9.27, 4.90]
[9.27, 4.90]
[9.27, 4.90]
[9.27, 4.90]
[9.27, 4.90]
[9.27, 4.90]
[9.27, 4.90]
[9.27, 4.90]
[9.27, 4.90]
[9.27, 4.90]
[9.35, 4.90]
[9.35, 4.90]
[9.35, 4.90]
[9.35, 4.90]
[9.35, 4.90]
[9.35, 4.90]
[9.35, 4.90]
[9.35, 4.90]
[9.35, 4.90]
[9.35, 4.90]
[9.35, 4.90]
[9.35, 4.90]
[9.35, 4.90]
[9.35, 4.90]
[9.35, 4.90]
[9.35, 4.90]
[9.35, 4.90]
[9.35, 4.90]
[9.35, 4.90]
[9.35, 4.90]
[9.35, 4.90]
[9.35, 4.90]
[9.35, 4.90]
[9.35, 5.01]
[9.35, 5.01]
[9.35, 5.01]
[9.35, 5.01]
[9.35, 5.01]
[9.35, 5.01]
[9.35, 5.01]
[9.35, 5.01]
[9.35, 5.01]
[9.35, 5.01]
[9.35, 5.01]
[9.35, 5.01]
[9.35, 5.01]
[9.35, 5.01]
[9.35, 5.01]
[9.35, 5.01]
[9.35, 5.01]
[9.35, 5.01]
[9.35, 5.01]
[9.35, 5.01]
[9.35, 5.01]
[9.35, 5.01]
[9.35, 5.01]
[9.35, 5.01]
[9.35, 5.01]
[9.35, 5.01]
[9.35, 5.01]
[9.35, 5.01]
[9.35, 5.01]
[9.35, 5.01]
[9.35, 5.01]
[9.35, 5.01]
[9.35, 5.01]
[9.35, 5.01]
[9.35, 5.01]
[9.35, 5.01]
[9.35, 5.01]
[9.35, 5.01]
[9.35, 5.01]
[9.35, 5.01]
[9.35, 4.90]
[9.35, 4.90]
[9.35, 4.90]
[9.35, 4.90]
[9.35, 4.90]
[9.35, 4.90]
[9.35, 4.90]
[9.35, 4.90]
[9.35, 4.90]
[9.35, 4.90]
[9.35, 5.01]
[9.35, 5.01]
[9.35, 5.01]
[9.35, 5.01]
[9.35, 5.01]
[9.35, 5.01]
[9.35, 5.01]
[9.35, 5.01]
[9.35, 5.01]
[9.35, 5.01]
[9.35, 5.01]
[9.35, 5.01]
[9.35, 5.01]
[9.35, 5.01]
[9.35, 5.01]
[9.35, 5.01]
[9.35, 5.01]
[9.35, 5.01]
[9.35, 5.01]
[9.35, 5.01]
[9.35, 5.01]
[9.35, 4.90]
[9.35, 4.90]
[9.35, 4.90]
[9.35, 4.90]
[9.35, 4.90]
[9.35, 4.90]
[9.35, 4.90]
[9.35, 4.90]
[9.35, 4.90]
[9.35, 4.90]
[9.44, 4.90]
[9.44, 4.90]
[9.35, 4.90]
[9.35, 4.90]
[9.44, 4.90]
[9.44, 4.90]
[9.44, 4.90]
[9.44, 4.90]
[9.44, 4.90]
[9.44, 4.90]
[9.44, 4.90]
[9.44, 4.90]
[9.44, 4.90]
[9.44, 4.90]
[9.44, 4.90]
[9.44, 4.90]
[9.44, 4.90]
[9.44, 4.90]
[9.44, 4.90]
[9.44, 4.90]
[9.44, 4.90]
[9.44, 4.90]
[9.44, 4.90]
[9.44, 4.90]
[9.44, 4.90]
[9.44, 4.90]
[9.44, 4.90]
[9.44, 4.90]
[9.44, 4.90]
[9.44, 4.90]
[9.44, 4.90]
[9.44, 4.90]
[9.44, 4.90]
[9.44, 4.90]
[9.44, 4.90]
[9.44, 4.90]
[9.44, 4.90]
[9.44, 4.90]
[9.44, 4.90]
[9.44, 4.90]
[9.44, 4.90]
[9.44, 4.90]
[9.44, 4.90]
[9.44, 4.90]
[9.44, 4.90]
[9.44, 4.90]
[9.44, 4.90]
[9.44, 4.90]
[9.44, 4.90]
[9.44, 4.90]
[9.44, 4.90]
[9.44, 4.90]
[9.44, 4.90]
[9.44, 4.90]
[9.44, 4.90]
[9.44, 4.90]
[9.44, 4.90]
[9.44, 4.90]
[9.44, 4.90]
[9.44, 4.90]
[9.44, 5.01]
[9.44, 5.01]
[9.44, 5.01]
[9.44, 5.01]
[9.44, 5.01]
[9.44, 5.01]
[9.44, 5.01]
[9.44, 5.01]
[9.44, 5.01]
[9.44, 5.01]
[9.44, 5.01]
[9.44, 5.01]
[9.44, 5.01]
[9.44, 5.01]
[9.44, 5.01]
[9.44, 5.01]
[9.44, 5.01]
[9.44, 5.01]
[9.44, 5.01]
[9.44, 5.01]
[9.44, 5.01]
[9.44, 5.01]
[9.44, 5.01]
[9.44, 5.01]
[9.44, 5.01]
[9.44, 5.01]
[9.44, 5.01]
[9.44, 5.01]
[9.44, 5.01]
[9.44, 5.01]
[9.44, 5.01]
[9.44, 5.01]
[9.44, 5.01]
[9.44, 5.01]
[9.44, 5.01]
[9.44, 5.01]
[9.44, 5.01]
[9.52, 5.01]
[9.52, 5.01]
[9.52, 5.01]
[9.52, 5.01]
[9.52, 5.01]
[9.52, 5.01]
[9.52, 5.01]
[9.52, 5.01]
[9.52, 5.01]
[9.52, 5.12]
[9.52, 5.12]
[9.52, 5.12]
[9.52, 5.12]
[9.52, 5.12]
[9.52, 5.12]
[9.52, 5.12]
[9.52, 5.12]
[9.52, 5.12]
[9.52, 5.12]
[9.52, 5.12]
[9.52, 5.12]
[9.52, 5.12]
[9.52, 5.12]
[9.52, 5.12]
[9.52, 5.12]
[9.52, 5.12]
[9.52, 5.12]
[9.52, 5.12]
[9.52, 5.12]
[9.52, 5.12]
[9.52, 5.12]
[9.52, 5.12]
[9.52, 5.12]
[9.52, 5.01]
[9.52, 5.01]
[9.52, 5.01]
[9.52, 5.01]
[9.52, 5.01]
[9.52, 5.01]
[9.52, 5.01]
[9.44, 5.01]
[9.44, 5.01]
[9.44, 5.01]
[9.44, 5.01]
[9.44, 5.01]
[9.44, 5.01]
[9.44, 5.01]
[9.44, 5.01]
[9.44, 5.01]
[9.44, 5.01]
[9.44, 5.01]
[9.44, 5.01]
[9.44, 5.01]
[9.44, 5.01]
[9.35, 5.01]
[9.35, 5.01]
[9.35, 4.90]
[9.35, 4.90]
[9.35, 4.90]
[9.35, 4.90]
[9.35, 4.90]
[9.35, 4.90]
[9.35, 4.90]
[9.35, 4.90]
[9.35, 4.90]
[9.35, 4.90]
[9.27, 4.90]
[9.27, 4.90]
[9.27, 4.90]
[9.27, 4.90]
[9.27, 4.90]
[9.27, 4.90]
[9.27, 4.90]
[9.27, 4.90]
[9.27, 4.90]
[9.27, 4.90]
[9.27, 4.90]
[9.27, 4.90]
[9.27, 4.90]
[9.27, 4.90]
[9.27, 4.90]
[9.19, 4.90]
[9.19, 4.90]
[9.19, 4.90]
[9.19, 4.90]
[9.19, 4.90]
[9.19, 4.90]
[9.19, 5.01]
[9.19, 5.01]
[9.19, 5.01]
[9.19, 5.01]
[9.19, 5.01]
[9.19, 5.01]
[9.19, 5.01]
[9.19, 5.01]
[9.19, 5.01]
[9.19, 5.01]
[9.19, 5.01]
[9.19, 5.01]
[9.19, 5.01]
[9.19, 5.01]
[9.19, 5.01]
[9.19, 5.01]
[9.19, 5.01]
[9.19, 5.01]
[9.19, 5.01]
[9.19, 5.01]
[9.19, 4.90]
[9.19, 4.90]
[9.19, 4.90]
[9.19, 4.90]
[9.19, 4.90]
[9.19, 4.90]
[9.19, 4.90]
[9.19, 4.90]
[9.19, 5.01]
[9.19, 5.01]
[9.19, 5.01]
[9.19, 5.01]
[9.19, 5.01]
[9.19, 5.01]
[9.19, 5.01]
[9.19, 5.01]
[9.19, 5.01]
[9.19, 5.01]
[9.19, 5.01]
[9.19, 5.01]
[9.19, 5.01]
[9.19, 5.01]
[9.19, 5.01]
[9.19, 5.01]
[9.19, 5.01]
[9.19, 5.01]
[9.19, 5.01]
[9.19, 5.01]
[9.19, 5.01]
[9.19, 5.01]
[9.19, 5.01]
[9.19, 5.01]
[9.19, 5.01]
[9.19, 5.01]
[9.19, 5.01]
[9.19, 5.01]
[9.19, 5.01]
[9.19, 5.01]
[9.19, 5.01]
[9.19, 5.01]
[9.19, 5.01]
[9.19, 5.01]
[9.19, 5.01]
[9.19, 5.01]
[9.19, 5.01]
[9.19, 5.01]
[9.19, 5.01]
[9.19, 5.01]
[9.19, 5.01]
[9.19, 5.01]
[9.19, 5.01]
[9.19, 5.01]
[9.19, 5.01]
[9.19, 5.01]
[9.19, 5.01]
[9.19, 5.01]
[9.19, 5.01]
[9.19, 5.01]
[9.11, 5.01]
[9.11, 5.01]
[9.11, 5.01]
[9.11, 5.01]
[9.11, 5.01]
[9.11, 5.01]
[9.11, 5.01]
[9.11, 5.01]
[9.11, 5.01]
[9.11, 5.01]
[9.11, 5.01]
[9.11, 5.01]
[9.11, 5.01]
[9.11, 5.01]
[9.11, 5.01]
[9.11, 5.01]
[9.11, 5.01]
[9.11, 5.01]
[9.11, 5.01]
[9.11, 5.01]
[9.11, 5.01]
[9.11, 4.90]
[9.11, 4.90]
[9.11, 4.90]
[9.11, 4.90]
[9.11, 4.90]
[9.03, 4.90]
[9.03, 4.90]
[9.03, 4.90]
[9.03, 4.90]
[9.03, 4.90]
[9.03, 4.90]
[9.03, 4.90]
[9.03, 4.90]
[9.03, 4.90]
[9.03, 4.90]
[9.03, 4.90]
[9.03, 4.90]
[9.03, 4.90]
[9.03, 4.90]
[9.03, 4.90]
[8.94, 4.90]
[8.94, 4.90]
[8.94, 4.90]
[8.94, 4.90]
[8.94, 4.90]
[8.94, 4.90]
[8.94, 4.90]
[8.94, 4.90]
[8.94, 4.90]
[8.94, 4.90]
[8.94, 4.90]
[8.94, 4.90]
[8.94, 4.90]
[8.94, 4.90]
[8.94, 4.90]
[8.86, 4.90]
[8.86, 4.90]
[8.86, 4.90]
[8.86, 4.90]
[8.86, 4.90]
[8.86, 4.90]
[8.86, 4.90]
[8.86, 4.90]
[8.86, 4.90]
[8.86, 4.90]
[8.86, 4.90]
[8.86, 4.90]
[8.86, 4.90]
[8.86, 4.90]
[8.86, 4.90]
[8.86, 4.90]
[8.86, 4.90]
[8.86, 4.90]
[8.86, 4.90]
[8.86, 4.90]
[8.86, 4.90]
[8.86, 4.90]
[8.86, 4.90]
[8.86, 4.90]
[8.86, 4.90]
[8.86, 4.90]
[8.86, 4.90]
[8.86, 4.90]
[8.86, 4.90]
[8.86, 4.90]
[8.86, 4.90]
[8.86, 4.90]
[8.86, 4.90]
[8.86, 4.90]
[8.86, 4.90]
[8.86, 4.90]
[8.86, 4.90]
[8.86, 4.90]
[8.94, 4.90]
[8.94, 4.90]
[8.94, 4.90]
[8.94, 4.90]
[8.94, 4.90]
[8.94, 4.90]
[8.94, 4.90]
[8.94, 4.90]
[8.94, 4.90]
[8.94, 4.90]
[8.94, 4.90]
[8.94, 4.90]
[8.94, 4.90]
[8.94, 4.90]
[8.94, 4.90]
[8.94, 4.90]
[8.94, 4.90]
[9.03, 4.90]
[9.03, 5.01]
[9.03, 5.01]
[9.03, 5.01]
[9.03, 5.01]
[9.03, 5.01]
[9.03, 5.01]
[9.03, 5.01]
[9.03, 5.01]
[9.03, 5.01]
[9.03, 5.01]
[9.03, 5.01]
[9.03, 5.01]
[9.03, 5.01]
[9.03, 5.01]
[9.03, 5.01]
[9.03, 5.01]
[9.03, 5.01]
[9.03, 5.01]
[9.03, 5.01]
[9.03, 5.01]
[9.03, 5.01]
[9.03, 5.01]
[9.03, 5.01]
[9.03, 5.01]
[9.03, 5.01]
[9.03, 5.01]
[9.03, 5.01]
[9.03, 5.01]
[9.03, 5.01]
[9.03, 5.01]
[9.03, 5.01]
[9.03, 5.01]
[9.03, 5.01]
[9.03, 5.01]
[9.03, 5.01]
[9.03, 5.01]
[9.03, 5.01]
[9.03, 5.01]
[9.03, 5.01]
[9.03, 5.01]
[9.03, 5.01]
[9.03, 5.01]
[9.03, 5.01]
[9.03, 5.01]
[9.03, 5.01]
[9.03, 5.01]
[9.03, 5.01]
[9.03, 5.01]
[9.03, 5.01]
[9.11, 5.01]
[9.11, 5.01]
[9.11, 5.01]
[9.11, 5.01]
[9.11, 5.01]
[9.11, 5.01]
[9.11, 5.01]
[9.11, 5.01]
[9.11, 5.01]
[9.11, 5.01]
[9.11, 5.01]
[9.11, 5.01]
[9.11, 5.01]
[9.11, 5.01]
[9.11, 5.01]
[9.11, 5.01]
[9.11, 5.01]
[9.11, 5.01]
[9.11, 5.01]
[9.11, 5.01]
[9.11, 5.01]
[9.11, 5.01]
[9.11, 5.01]
[9.11, 5.01]
[9.11, 5.01]
[9.11, 5.01]
[9.11, 5.01]
[9.11, 5.01]
[9.11, 5.01]
[9.11, 5.01]
[9.11, 5.01]
[9.11, 5.01]
[9.11, 5.01]
[9.11, 5.01]
[9.11, 5.01]
[9.11, 5.01]
[9.11, 5.01]
[9.11, 5.01]
[9.11, 5.01]
[9.11, 5.01]
[9.11, 5.01]
[9.11, 5.01]
[9.11, 5.01]
[9.11, 5.01]
[9.11, 5.01]
[9.11, 5.01]
[9.11, 5.01]
[9.11, 5.01]
[9.11, 5.01]
[9.11, 5.01]
[9.11, 5.01]
[9.11, 5.01]
[9.11, 5.01]
[9.11, 5.01]
[9.11, 5.01]
[9.11, 5.01]
[9.11, 5.01]
[9.11, 5.01]
[9.11, 4.90]
[9.11, 4.90]
[9.11, 4.90]
[9.11, 4.90]
[9.11, 4.90]
[9.11, 4.90]
[9.11, 4.90]
[9.11, 4.90]
[9.11, 4.90]
[9.11, 4.90]
[9.11, 4.90]
[9.11, 4.90]
[9.11, 4.90]
[9.11, 4.90]
[9.11, 4.90]
[9.11, 4.90]
[9.11, 4.90]
[9.11, 4.90]
[9.11, 4.90]
[9.11, 4.90]
[9.11, 4.90]
[9.11, 4.90]
[9.11, 4.90]
[9.11, 4.90]
[9.03, 4.90]
[9.03, 4.90]
[9.03, 4.90]
[9.11, 4.90]
[9.11, 4.90]
[9.11, 4.90]
[9.11, 4.90]
[9.11, 4.90]
[9.11, 4.90]
[9.11, 4.90]
[9.11, 4.90]
[9.11, 4.90]
[9.11, 4.90]
[9.11, 4.90]
[9.11, 4.90]
[9.11, 4.90]
[9.11, 4.90]
[9.11, 4.90]
[9.11, 4.90]
[9.11, 4.90]
[9.11, 4.90]
[9.11, 4.90]
[9.11, 4.90]
[9.11, 4.90]
[9.11, 4.90]
[9.11, 4.90]
[9.11, 5.01]
[9.11, 5.01]
[9.11, 5.01]
[9.11, 5.01]
[9.11, 5.01]
[9.11, 5.01]
[9.11, 5.01]
[9.11, 5.01]
[9.11, 5.01]
[9.11, 5.01]
[9.11, 5.01]
[9.11, 4.90]
[9.11, 4.90]
[9.11, 4.90]
[9.11, 4.90]
[9.11, 4.90]
[9.03, 4.90]
[9.03, 4.90]
[9.03, 5.01]
[9.03, 5.01]
[9.03, 5.01]
[9.03, 5.01]
[9.03, 5.01]
[9.03, 5.01]
[9.03, 5.01]
[9.03, 5.01]
[9.03, 5.01]
[9.03, 5.01]
[9.03, 5.01]
[9.03, 5.01]
[9.03, 5.01]
[9.03, 5.01]
[9.03, 5.01]
[9.03, 5.01]
[9.03, 5.01]
[9.03, 5.01]
[9.03, 5.01]
[9.03, 5.01]
[9.03, 5.01]
[9.03, 5.01]
[9.03, 5.01]
[9.03, 5.01]
[9.03, 5.01]
[9.03, 5.01]
[9.03, 5.01]
[9.03, 5.01]
[9.03, 5.01]
[9.03, 5.01]
[9.03, 5.01]
[9.03, 5.01]
[9.03, 5.01]
[9.03, 5.01]
[9.03, 5.01]
[9.03, 5.01]
[9.03, 5.01]
[9.03, 5.12]
[9.03, 5.12]
[9.03, 5.12]
[9.03, 5.12]
[9.03, 5.12]
[9.03, 5.12]
[9.03, 5.12]
[9.03, 5.12]
[9.03, 5.12]
[9.03, 5.12]
[9.03, 5.12]
[9.03, 5.12]
[9.03, 5.12]
[9.03, 5.12]
[9.03, 5.12]
[9.03, 5.12]
[9.03, 5.12]
[9.03, 5.12]
[9.03, 5.12]
[9.03, 5.12]
[9.03, 5.12]
[9.03, 5.12]
[9.03, 5.12]
[9.03, 5.12]
[9.03, 5.12]
[9.03, 5.12]
[9.03, 5.12]
[9.03, 5.12]
[9.03, 5.12]
[8.94, 5.12]
[8.94, 5.12]
[8.94, 5.12]
[8.94, 5.12]
[8.94, 5.12]
[8.94, 5.12]
[8.94, 5.12]
[8.94, 5.12]
[8.94, 5.12]
[8.94, 5.12]
[8.94, 5.12]
[8.94, 5.12]
[8.94, 5.12]
[8.94, 5.12]
[8.94, 5.12]
[8.94, 5.12]
[8.94, 5.12]
[8.94, 5.12]
[8.94, 5.12]
[8.94, 5.12]
[8.94, 5.12]
[8.94, 5.01]
[8.94, 5.01]
[8.94, 5.01]
[8.94, 5.01]
[8.94, 5.01]
[8.94, 5.01]
[8.94, 5.01]
[8.94, 5.01]
[8.94, 5.01]
[8.94, 5.01]
[8.94, 5.01]
[8.94, 5.01]
[8.94, 5.01]
[8.94, 5.01]
[8.94, 5.01]
[8.94, 5.01]
[8.94, 5.01]
[8.94, 5.01]
[8.94, 5.01]
[8.94, 5.01]
[8.94, 5.01]
[8.94, 5.01]
[8.94, 5.01]
[8.94, 5.01]
[8.94, 5.01]
[8.94, 5.01]
[8.94, 5.01]
[8.94, 5.01]
[8.94, 5.01]
[8.94, 5.01]
[8.94, 5.01]
[8.94, 5.01]
[8.94, 5.01]
[8.94, 5.01]
[8.94, 5.01]
[8.94, 5.01]
[8.94, 5.01]
[8.94, 5.01]
[8.94, 5.01]
[8.94, 5.01]
[8.94, 5.01]
[8.94, 5.01]
[8.94, 5.01]
[8.94, 5.01]
[8.94, 5.01]
[8.94, 5.01]
[8.94, 5.01]
[8.94, 5.01]
[8.94, 5.01]
[8.86, 5.01]
[8.86, 5.01]
[8.86, 5.01]
[8.86, 5.01]
[8.86, 5.01]
[8.86, 5.01]
[8.86, 5.01]
[8.86, 5.01]
[8.86, 5.01]
[8.86, 5.01]
[8.86, 5.01]
[8.86, 5.01]
[8.86, 5.01]
[8.86, 5.01]
[8.86, 5.01]
[8.86, 5.01]
[8.86, 5.01]
[8.86, 4.90]
[8.86, 4.90]
[8.86, 4.90]
[8.86, 4.90]
[8.86, 4.90]
[8.86, 4.90]
[8.86, 4.90]
[8.86, 4.90]
[8.86, 4.90]
[8.86, 4.90]
[8.86, 4.90]
[8.86, 4.90]
[8.86, 4.90]
[8.78, 4.90]
[8.78, 4.90]
[8.78, 4.90]
[8.78, 4.90]
[8.78, 4.90]
[8.78, 4.79]
