--start--
86.61
86.61
86.61
86.61
86.61
86.61
86.61
86.61
86.61
86.61
86.61
86.61
86.61
86.61
86.61
86.61
86.61
86.61
86.61
86.61
86.61
86.61
86.61
86.80
86.80
86.80
86.80
86.80
86.73
86.73
86.73
86.73
86.73
86.73
86.04
86.04
86.04
86.04
86.04
84.92
84.92
84.92
84.92
83.63
83.63
83.63
83.63
83.63
82.26
82.26
82.26
82.26
82.26
80.84
80.84
80.84
80.84
80.84
79.36
79.36
79.36
79.36
79.36
77.76
77.76
77.76
77.76
77.76
76.02
76.02
76.02
76.02
76.02
74.22
74.22
74.22
74.22
74.22
72.31
72.31
72.31
72.31
72.31
72.31
70.20
70.20
70.20
70.20
68.03
68.03
68.03
68.03
68.03
65.76
65.76
65.76
65.76
65.76
63.44
63.44
63.44
63.44
63.44
61.03
61.03
61.03
61.03
61.03
58.43
58.43
58.43
58.43
58.43
55.52
55.52
55.52
55.52
55.52
55.52
52.22
52.22
52.22
52.22
48.54
48.54
48.54
48.54
48.54
44.33
44.33
44.33
44.33
44.33
39.59
39.59
39.59
39.59
39.59
34.49
34.49
34.49
34.49
34.49
34.49
29.40
29.40
29.40
29.40
24.69
24.69
24.69
24.69
24.69
20.73
20.73
20.73
20.73
17.46
17.46
17.46
17.46
17.46
17.46
14.87
14.87
14.87
14.87
14.87
12.93
12.93
12.93
12.93
12.93
11.44
11.44
11.44
11.44
11.44
10.25
10.25
10.25
10.25
10.25
9.20
9.20
9.20
9.20
9.20
9.20
8.37
8.37
8.37
8.37
7.68
7.68
7.68
7.68
7.68
7.09
7.09
7.09
7.09
7.09
6.61
6.61
6.61
6.61
6.61
6.26
6.26
6.26
6.26
6.26
6.28
6.28
6.28
--stop--
6.28
6.28
6.29
6.29
6.29
6.29
6.29
6.30
6.30
6.30
6.30
6.30
6.30
6.33
6.33
6.33
6.33
6.22
6.22
6.22
6.22
6.22
6.08
6.08
6.08
6.08
6.08
6.08
6.06
6.06
6.06
6.06
6.04
6.04
6.04
6.04
6.04
6.01
6.01
6.01
6.01
6.01
5.98
5.98
5.98
5.98
5.98
5.98
5.98
5.98
5.98
5.98
5.98
5.98
5.98
5.98
5.97
5.97
5.97
5.97
5.97
5.98
5.98
5.98
5.98
5.98
5.97
5.97
5.97
5.97
5.97
5.97
5.97
5.97
5.97
5.97
5.97
5.97
5.97
5.97
5.97
5.97
5.97
5.97
5.97
5.97
5.97
5.97
5.97
5.97
5.97
5.97
5.97
5.97
5.97
5.97
5.97
5.97
5.97
5.97
5.97
5.97
5.97
5.97
5.97
5.97
5.97
5.97
5.97
5.97
5.97
5.97
5.97
5.97
5.97
5.97
5.97
5.97
5.97
5.97
5.97
5.97
5.97
5.97
5.97
5.97
5.97
5.97
5.97
5.97
5.97
5.97
5.97
5.97
5.97
5.97
5.97
5.97
5.97
5.97
5.97
5.97
5.97
5.97
5.97
5.97
5.97
5.97
5.97
5.97
5.97
5.97
5.97
5.97
5.97
5.97
5.97
5.97
5.97
5.97
5.97
5.97
5.97
5.97
5.97
5.97
5.97
5.97
5.97
5.97
5.97
5.97
5.97
5.97
5.97
5.97
5.97
5.97
5.97
5.97
5.97
5.97
5.97
5.97
5.97
5.97
5.97
5.97
5.97
5.97
5.97
5.97
5.97
5.97
5.97
5.97
5.97
5.97
5.97
5.97
5.97
5.97
5.97
5.97
5.97
5.97
5.97
5.97
5.97
5.97
5.97
5.97
5.97
5.97
5.97
5.97
5.97
5.97
5.97
5.97
5.97
5.97
5.97
5.97
5.97
5.97
5.97
5.97
5.97
5.97
5.97
5.97
5.97
5.97
5.97
5.97
5.97
5.97
5.97
5.97
5.97
5.97
5.97
5.97
5.97
5.97
5.97
5.97
5.97
5.97
5.97
5.97
5.97
5.97
5.97
5.97
5.97
5.97
5.97
5.97
5.97
5.97
5.97
5.97
5.97
5.97
5.97
5.97
5.97
5.97
5.97
5.97
5.97
5.97
5.97
5.97
5.97
5.97
5.97
5.97
5.97
5.97
5.97
5.97
5.97
5.97
5.97
5.97
5.97
5.97
5.97
5.97
5.97
5.97
5.97
5.97
5.97
5.97
5.97
5.97
5.97
5.97
5.97
5.97
5.97
5.97
5.97
5.97
5.97
5.97
5.97
5.97
5.97
5.97
5.97
5.97
5.97
5.97
5.97
5.97
5.97
5.97
5.97
5.97
5.97
5.97
5.97
5.97
5.97
5.97
5.97
5.97
5.97
5.97
5.97
5.97
5.97
5.97
5.97
5.97
5.97
5.97
5.97
5.97
5.97
5.97
5.97
5.97
5.97
5.97
5.97
5.97
5.97
5.97
5.97
5.97
5.97
5.97
5.97
5.97
5.97
5.97
5.97
5.97
5.97
5.97
5.97
5.97
5.97
5.97
5.97
5.97
5.97
5.97
5.97
5.97
5.97
5.97
5.97
5.97
5.97
5.97
5.97
5.97
5.97
5.97
5.97
5.97
5.97
5.97
5.97
5.97
5.97
5.97
5.97
5.97
5.97
5.97
5.97
5.97
5.97
5.97
5.97
5.97
5.97
5.97
5.97
5.97
5.97
5.97
5.97
5.97
5.97
5.97
5.97
5.97
5.97
5.97
5.97
5.97
5.97
5.97
5.97
5.97
5.97
5.97
5.97
5.97
5.97
5.97
5.97
5.97
5.97
5.97
5.97
5.97
5.97
5.97
5.97
5.97
5.97
5.97
5.97
5.97
5.97
5.97
5.97
5.97
5.97
5.97
5.97
5.97
5.97
5.97
5.97
5.97
5.97
5.97
5.97
5.97
5.97
5.97
5.97
5.97
5.97
5.97
5.97
5.97
5.97
5.97
5.97
5.97
5.97
5.97
5.97
5.97
5.97
5.97
5.97
5.97
5.97
5.97
5.97
5.97
5.97
5.97
5.97
5.97
5.97
5.97
5.97
5.97
5.97
5.97
5.97
5.97
5.97
5.97
5.97
5.97
5.97
5.97
5.97
5.97
5.97
5.97
5.97
5.97
5.97
5.97
5.97
5.97
5.97
5.97
5.97
5.97
5.97
5.97
5.97
5.97
5.97
5.97
5.97
5.97
5.97
5.97
5.97
5.97
5.97
5.97
5.97
5.97
5.97
5.97
5.97
5.97
5.97
5.97
5.97
5.97
5.97
5.97
5.97
5.97
5.97
5.97
5.97
5.97
5.97
5.97
5.97
5.97
5.97
5.97
5.97
5.97
5.97
5.97
5.97
5.97
5.97
5.97
5.97
5.97
5.97
5.97
5.97
5.97
5.97
5.97
5.97
5.97
5.97
5.97
5.97
5.97
5.97
5.97
5.97
5.97
5.97
5.97
5.97
5.97
5.97
5.97
5.97
5.97
5.97
5.97
5.97
5.97
5.97
5.97
5.97
5.97
5.97
5.97
5.97
5.97
5.97
5.97
5.97
5.97
5.97
5.97
5.97
5.97
5.97
5.97
5.97
5.97
5.97
5.97
5.97
5.97
5.97
5.97
5.97
5.97
5.97
5.97
5.97
5.97
5.97
5.97
5.97
5.97
5.97
5.97
5.97
5.97
5.97
5.97
5.97
5.97
5.97
5.97
5.97
5.97
5.97
5.97
5.97
5.97
5.97
5.97
5.97
5.97
5.97
5.97
5.97
5.97
5.97
5.97
5.97
5.97
5.97
5.97
5.97
5.97
5.97
5.97
5.97
5.97
5.97
5.97
5.97
5.97
5.97
5.97
5.97
5.97
5.97
5.97
5.97
5.97
5.97
5.97
5.97
5.97
5.97
5.97
5.97
5.97
5.97
5.97
5.97
5.97
5.97
5.97
5.97
5.97
5.97
5.97
5.97
5.97
5.97
5.97
5.97
5.97
5.97
5.97
5.97
5.97
5.97
5.97
5.97
5.97
5.97
5.97
5.97
5.97
5.97
5.97
5.97
5.97
5.97
5.97
5.97
5.97
5.97
5.97
5.97
5.97
5.97
5.97
5.97
5.97
5.97
5.97
5.97
5.97
5.97
5.97
5.97
5.97
5.97
5.97
5.97
5.97
5.97
5.97
5.97
5.97
5.97
5.97
5.97
5.97
5.97
5.97
5.97
5.97
5.97
5.97
5.97
5.97
5.97
5.97
5.97
5.97
5.97
5.97
5.97
5.97
5.97
5.97
5.97
5.97
5.97
5.97
5.97
5.97
5.97
5.97
5.97
5.97
5.97
5.97
5.97
5.97
5.97
5.97
5.97
5.97
5.97
5.97
5.97
5.97
5.97
5.97
5.97
5.97
5.97
5.97
5.97
5.97
5.97
5.97
5.97
5.97
5.97
5.97
5.97
5.97
5.97
5.97
5.97
5.97
5.97
5.97
5.97
5.97
5.97
5.97
5.97
5.97
5.97
5.97
5.97
5.97
5.97
5.97
5.97
5.97
5.97
5.97
5.97
5.97
5.97
5.97
5.97
5.97
5.97
5.97
5.97
5.97
5.97
5.97
5.97
5.97
5.97
5.97
5.97
5.97
5.97
5.97
5.97
5.97
5.97
5.97
5.97
5.97
5.97
5.97
5.97
5.97
5.97
5.97
5.97
5.97
5.97
5.97
5.97
5.97
5.97
5.97
5.97
5.97
5.97
5.97
5.97
5.97
5.97
5.97
5.97
5.97
5.97
5.97
5.97
5.97
5.97
5.97
5.97
5.97
5.97
5.97
5.97
5.97
5.97
5.97
5.97
5.97
5.97
5.97
5.97
5.97
5.97
5.97
5.97
5.97
5.97
5.97
5.97
5.97
5.97
5.97
5.97
5.97
5.97
5.97
5.97
5.97
5.97
5.97
5.97
5.97
5.97
5.97
5.97
5.97
5.97
5.97
5.97
5.97
5.97
5.97
5.97
5.97
5.97
5.97
5.97
5.97
5.97
5.97
5.97
5.97
5.97
5.97
5.97
5.97
5.97
5.97
5.97
5.97
5.97
5.97
5.97
5.97
5.97
5.97
5.97
5.97
5.97
5.97
5.97
5.97
5.97
5.97
5.97
5.97
5.97
5.97
5.97
5.97
5.97
5.97
5.97
5.97
5.97
5.97
5.97
5.97
5.97
5.97
5.97
5.97
5.97
5.97
5.97
5.97
5.97
5.97
5.97
5.97
5.97
5.97
5.97
5.97
5.97
5.97
5.97
5.97
5.97
5.97
5.97
5.97
5.97
5.97
5.97
5.97
5.97
5.97
5.97
5.97
5.97
5.97
5.97
5.97
5.97
5.97
5.97
5.97
5.97
5.97
5.97
5.97
5.97
5.97
5.97
5.97
5.97
5.97
5.97
5.97
5.97
5.97
5.97
5.97
5.97
5.97
5.97
5.97
5.97
5.97
5.97
5.97
5.97
5.97
5.97
5.97
5.97
5.97
5.97
5.97
5.97
5.97
5.97
5.97
5.97
5.97
5.97
5.97
5.97
5.97
5.97
5.97
5.97
5.97
5.97
5.97
5.97
5.97
5.97
5.97
5.97
5.97
5.97
5.97
5.97
5.97
5.97
5.97
5.97
5.97
5.97
5.97
5.97
5.97
5.97
5.97
5.97
5.97
5.97
5.97
5.97
5.97
5.97
5.97
5.97
5.97
5.97
5.97
5.97
5.97
5.97
5.97
5.97
5.97
5.97
5.97
5.97
5.97
5.97
5.97
5.97
5.97
5.97
5.97
5.97
5.97
5.97
5.97
5.97
5.97
5.97
5.97
5.97
5.97
5.97
5.97
5.97
5.97
5.97
5.97
5.97
5.97
5.97
5.97
5.97
5.97
5.97
5.97
5.97
5.97
5.97
5.97
5.97
5.97
5.97
5.97
5.97
5.97
5.97
5.97
5.97
5.97
5.97
5.97
5.97
5.97
5.97
5.97
5.97
5.97
5.97
5.97
5.97
5.97
5.97
5.97
5.97
5.97
5.97
5.97
5.97
5.97
5.97
5.97
5.97
5.97
5.97
5.97
5.97
5.97
5.97
5.97
5.97
5.97
5.97
5.97
5.97
5.97
5.97
5.97
5.97
5.97
5.97
5.97
5.97
5.97
5.97
5.97
5.97
5.97
5.97
5.99
5.99
5.99
6.06
6.06
6.11
6.11
6.11
6.11
6.11
6.17
6.17
6.17
6.23
6.23
6.23
6.23
6.31
6.31
6.31
6.31
6.39
6.39
6.39
6.39
6.50
6.50
6.50
6.50
6.98
6.98
6.98
6.98
7.87
7.87
7.87
7.87
8.05
8.05
8.05
8.05
8.03
8.03
8.03
8.03
6.48
6.48
6.48
6.48
2.25
2.25
2.25
2.25
355.97
355.97
355.97
355.97
352.54
352.54
352.54
352.54
352.77
352.77
352.77
352.77
355.62
355.62
355.62
355.62
359.84
359.84
359.84
359.84
2.62
2.62
2.62
2.62
2.77
2.77
2.77
2.72
2.72
2.72
2.72
2.72
2.70
2.70
2.70
2.70
2.72
2.72
2.72
2.72
2.71
2.71
2.71
2.71
2.42
2.42
2.42
2.42
2.17
2.17
2.17
2.17
1.95
1.95
1.95
1.95
1.70
1.70
1.70
1.70
1.61
1.61
1.61
1.61
1.62
1.62
1.62
1.62
1.62
1.62
1.62
1.62
1.73
1.73
1.73
1.73
2.83
2.83
2.83
2.83
4.14
4.14
4.14
4.14
4.47
4.47
4.47
4.47
4.47
4.47
4.47
4.47
4.48
4.48
4.48
4.48
4.49
4.49
4.49
4.49
4.44
4.44
4.44
4.44
4.43
4.43
4.43
4.43
4.45
4.45
4.45
4.45
4.44
4.44
4.44
4.44
4.44
4.44
4.44
4.44
4.44
4.44
4.44
4.44
4.86
4.86
4.86
4.86
6.94
6.94
6.94
6.94
7.51
7.51
7.51
7.51
7.48
7.48
7.48
7.48
8.28
8.28
8.28
12.06
12.06
12.06
12.06
12.06
18.34
18.34
18.34
18.34
26.16
26.16
26.16
26.16
33.94
33.94
33.94
33.94
41.47
41.47
41.47
41.47
49.12
49.12
49.12
49.12
57.87
57.87
57.87
57.87
66.68
66.68
66.68
66.68
75.33
75.33
75.33
75.33
83.29
83.29
83.29
83.29
87.14
87.14
87.14
87.14
87.26
87.26
87.26
87.26
87.26
83.40
83.40
83.40
77.88
77.88
77.88
77.88
76.12
76.12
76.12
76.12
77.50
77.50
77.50
77.50
80.20
80.20
80.20
80.20
81.88
81.88
81.88
81.88
81.26
81.26
81.26
81.26
80.93
80.93
80.93
80.95
80.95
80.95
80.95
80.95
81.16
81.16
81.16
81.23
81.23
81.23
81.16
81.16
81.16
81.16
81.37
81.37
81.37
81.37
81.32
81.32
81.32
81.32
80.43
80.43
80.43
79.37
79.37
79.37
79.37
78.47
78.47
78.47
78.47
77.47
77.47
76.73
76.73
76.71
76.71
76.71
76.71
76.71
76.71
76.71
76.71
76.71
76.71
76.71
76.71
76.72
76.72
76.72
76.72
76.71
76.71
76.71
76.71
76.71
76.71
76.71
76.71
76.70
76.70
76.70
76.70
76.67
76.67
76.67
76.67
76.65
76.65
76.65
76.65
76.65
76.63
76.63
76.63
76.63
76.61
76.61
76.61
76.62
76.62
76.62
76.62
76.61
76.61
76.61
76.61
76.62
76.62
76.62
76.62
76.62
76.62
76.62
76.62
76.62
76.62
76.62
76.62
76.62
76.62
76.62
76.62
76.62
76.62
76.62
76.62
76.62
76.62
76.62
76.62
76.62
76.62
76.62
76.62
76.62
76.62
76.62
76.62
76.62
76.62
76.62
76.62
76.62
76.62
76.62
76.62
76.62
76.62
76.62
76.62
76.62
76.62
76.62
76.62
76.62
76.62
76.62
76.62
76.62
76.62
76.62
76.62
76.62
76.62
76.62
76.62
76.62
76.62
76.62
76.62
76.62
76.62
76.62
76.62
76.62
76.62
76.62
76.62
76.62
76.62
76.62
76.62
76.62
76.62
76.62
76.62
76.62
76.62
76.62
76.62
76.62
76.62
76.62
76.62
76.62
76.62
76.62
76.62
76.62
76.62
76.62
76.62
76.62
76.62
76.62
76.62
76.62
76.62
76.62
76.62
76.62
76.62
76.62
76.62
76.62
76.62
76.62
76.62
76.62
76.62
76.62
76.62
76.62
76.62
76.62
76.62
76.62
76.62
76.62
76.62
76.51
76.51
76.51
76.51
75.82
75.82
75.82
75.82
74.25
74.25
74.25
74.25
71.81
71.81
71.81
71.81
69.70
69.70
69.70
69.70
67.83
67.83
67.83
67.83
65.76
65.76
65.76
65.76
63.08
63.08
63.08
63.08
63.08
60.19
60.19
60.19
56.91
56.91
56.91
56.91
54.10
54.10
54.10
54.10
51.91
51.91
51.91
51.91
48.63
48.63
48.63
48.63
43.71
43.71
43.71
43.71
38.29
38.29
38.15
38.15
38.15
38.14
38.14
38.14
38.14
38.14
38.14
38.13
38.13
38.13
38.11
38.11
38.11
38.15
38.15
38.15
38.20
38.20
38.20
38.17
38.17
38.17
38.16
38.16
38.16
38.15
38.15
38.15
38.15
38.15
38.15
38.15
38.13
38.13
38.12
38.12
38.12
38.12
38.12
38.12
38.12
38.12
38.12
38.12
38.12
38.12
38.12
38.12
38.12
38.12
38.12
38.12
38.12
38.12
38.12
38.12
38.12
38.12
38.12
38.12
38.12
38.12
38.12
38.12
38.12
38.12
38.12
38.12
38.12
38.12
38.12
38.12
38.12
38.12
38.12
38.12
38.12
38.12
38.12
38.12
38.12
38.12
38.12
38.12
38.12
38.12
38.12
38.12
38.12
38.12
38.12
38.12
38.12
38.12
38.12
38.12
38.12
38.12
38.12
38.12
38.12
38.12
38.12
38.12
38.12
38.12
38.12
38.12
38.12
38.12
38.12
38.12
38.12
38.12
38.12
38.12
38.12
38.12
38.12
38.12
38.12
38.12
38.12
38.12
38.12
38.12
38.12
38.12
38.12
38.12
38.12
38.12
38.12
38.12
38.12
38.12
38.12
38.12
38.12
38.12
38.12
38.12
38.12
38.12
38.12
38.12
38.12
38.12
38.12
38.12
38.12
38.12
38.12
38.12
38.12
38.12
38.12
38.12
38.12
38.12
38.12
38.12
38.12
38.12
38.12
38.12
38.12
38.12
38.12
38.12
38.12
38.12
38.12
38.12
38.12
38.12
38.12
38.12
38.12
38.12
38.12
38.12
38.12
38.12
38.12
38.12
38.12
38.12
38.12
38.12
38.12
38.12
38.12
38.12
38.12
38.12
38.12
38.12
38.12
38.12
38.12
38.12
38.12
38.12
38.12
38.12
38.12
38.12
38.12
38.12
38.12
38.12
38.12
38.12
38.12
38.12
38.12
38.12
38.12
38.12
38.12
38.12
38.12
38.12
38.12
38.12
38.12
38.12
38.12
38.12
38.12
38.12
38.12
38.12
38.12
38.12
38.12
38.12
38.12
38.12
38.12
38.12
38.12
38.12
38.12
38.12
38.12
38.12
38.12
38.12
38.12
38.12
38.12
38.12
38.12
38.12
38.12
38.12
38.12
38.12
38.12
38.12
38.12
38.12
38.12
38.12
38.12
38.12
38.12
38.12
38.12
38.12
38.12
38.12
38.12
38.12
38.12
38.12
38.12
38.12
38.12
38.12
38.12
38.12
38.12
38.12
38.12
38.12
38.12
38.12
38.12
38.12
38.12
38.12
38.12
38.12
38.12
38.12
38.12
38.12
38.12
38.12
38.12
38.12
38.12
38.12
38.12
38.12
38.12
38.12
38.12
38.12
38.12
38.12
38.12
38.12
38.12
38.12
38.12
38.12
38.12
38.12
38.12
38.12
38.12
38.12
38.12
38.12
38.12
38.12
38.12
38.12
38.12
38.12
38.12
38.12
38.12
38.12
38.12
38.12
38.12
38.12
38.12
38.12
38.12
38.12
38.12
38.12
38.12
38.12
38.12
38.12
38.12
38.12
38.12
38.12
38.12
38.12
38.12
38.12
38.12
38.12
38.12
38.12
38.12
38.12
38.12
38.12
38.12
38.12
38.12
38.12
38.12
38.12
38.12
38.12
38.12
38.12
38.12
38.12
38.12
38.12
38.12
38.12
38.12
38.12
38.12
38.12
38.12
38.12
38.12
38.12
38.12
38.12
38.12
38.12
38.12
38.12
38.12
38.12
38.12
38.12
38.12
38.12
38.12
38.12
38.12
38.12
38.12
38.12
38.12
38.12
38.12
38.12
38.12
38.12
38.12
38.12
38.12
38.12
38.12
38.12
38.12
38.12
38.12
38.12
38.12
38.12
38.12
38.12
38.12
38.12
38.12
38.12
38.12
38.12
38.12
38.12
38.12
38.12
38.12
38.12
38.12
38.12
38.12
38.12
38.12
38.12
38.12
38.12
38.12
38.12
38.12
38.12
38.12
38.12
38.12
38.12
38.12
38.12
38.12
38.12
38.12
38.12
38.12
38.12
38.12
38.12
38.12
38.12
38.12
38.12
38.12
38.12
38.12
38.12
38.12
38.12
38.12
38.12
38.12
38.12
38.12
38.12
38.12
38.12
38.12
38.12
38.12
38.12
38.12
38.12
38.12
38.12
38.12
38.12
38.12
38.12
38.12
38.12
38.12
38.12
38.12
38.12
38.12
38.12
38.12
38.12
38.12
38.12
38.12
38.12
38.12
38.12
38.12
38.12
38.12
38.12
38.12
38.12
38.12
38.12
38.12
38.12
38.12
38.12
38.12
38.12
38.12
38.12
38.12
38.12
38.12
38.12
38.12
38.12
38.12
38.12
38.12
38.12
38.12
38.12
38.12
38.12
38.12
38.12
38.12
38.12
38.12
38.12
38.12
38.12
38.12
38.12
38.12
38.12
38.12
38.12
38.12
38.12
38.12
38.12
38.12
38.12
38.12
38.12
38.12
38.12
38.12
38.12
38.12
38.12
38.12
38.12
38.12
38.12
38.12
38.12
38.12
38.12
38.12
38.12
38.12
38.12
38.12
38.12
38.12
38.12
38.12
38.12
38.12
38.12
38.12
38.12
38.12
38.12
38.12
38.12
38.12
38.12
38.12
38.12
38.12
38.12
38.12
38.12
38.12
38.12
38.12
38.12
38.12
38.12
38.12
38.12
38.12
38.12
38.12
38.12
38.12
38.12
38.12
38.12
38.12
38.12
38.12
38.12
38.12
38.12
38.12
38.12
38.12
38.12
38.12
38.12
38.12
38.12
38.12
38.12
38.12
38.12
38.12
38.12
38.12
38.12
38.12
38.12
38.12
38.12
38.12
38.12
38.12
38.12
38.12
38.12
38.12
38.12
38.12
38.12
38.12
38.12
38.12
38.12
38.12
38.12
38.12
38.12
38.12
38.12
38.12
38.12
38.12
38.12
38.12
38.12
38.12
38.12
38.12
38.12
38.12
38.12
38.12
38.12
38.12
38.12
38.12
38.12
38.12
38.12
38.12
38.12
38.12
38.12
38.12
38.12
38.12
38.12
38.12
38.12
38.12
38.12
38.12
38.12
38.12
38.12
38.12
38.12
38.12
38.12
38.12
38.12
38.12
38.12
38.12
38.12
38.12
38.12
38.12
38.12
38.12
38.12
38.12
38.12
38.12
38.12
38.12
38.12
38.12
38.12
38.12
38.12
38.12
38.12
38.12
38.12
38.12
38.12
38.12
38.12
38.12
38.12
38.12
38.12
38.12
38.12
38.12
38.12
38.12
38.12
38.12
38.12
38.12
38.12
38.12
38.12
38.12
38.12
38.12
38.12
38.12
38.12
38.12
38.12
38.12
38.12
38.12
38.12
38.12
38.12
38.12
38.12
38.12
38.12
38.12
38.12
38.12
38.12
38.12
38.12
38.12
38.12
38.12
38.12
38.12
38.12
38.12
38.12
38.12
38.12
38.12
38.12
38.12
38.12
38.12
38.12
38.12
38.12
38.12
38.12
38.12
38.12
38.12
38.12
38.12
38.12
38.12
38.12
38.12
38.12
38.12
38.12
38.12
38.12
38.12
38.12
38.12
38.12
38.12
38.12
38.12
38.12
38.12
38.12
38.12
38.12
38.12
38.12
38.12
38.12
38.12
38.12
38.12
38.12
38.12
38.12
38.12
38.12
38.12
38.12
38.12
38.12
38.12
38.12
38.12
38.12
38.12
38.12
38.12
38.12
38.12
38.12
38.12
38.12
38.12
38.12
38.12
38.12
38.12
38.12
38.12
38.12
38.12
38.12
38.12
38.12
38.12
38.12
38.12
38.12
38.12
38.12
38.12
38.12
38.12
38.12
38.12
38.12
38.12
38.12
38.12
38.12
38.12
38.12
38.12
38.12
38.12
38.12
38.12
38.12
38.12
38.12
38.12
38.12
38.12
38.12
38.12
38.12
38.12
38.12
38.12
38.12
38.12
38.12
38.12
38.12
38.12
38.12
38.12
38.12
38.12
38.12
38.12
38.12
38.12
38.12
38.12
38.12
38.12
38.12
38.12
38.12
38.12
38.12
38.12
38.12
38.12
38.12
38.12
38.12
38.12
38.12
38.12
38.12
38.12
38.12
38.12
38.12
38.12
38.12
38.12
38.12
38.12
38.12
38.12
38.12
38.12
38.12
38.12
38.12
38.12
38.12
38.12
38.12
38.12
38.12
38.12
38.12
38.12
38.12
38.12
38.12
38.12
38.12
38.12
38.12
38.12
38.12
38.12
38.12
38.12
38.12
38.12
38.12
38.12
38.12
38.12
38.12
38.12
38.12
38.12
38.12
38.12
38.12
38.12
38.12
38.12
38.12
38.12
38.12
38.12
38.12
38.12
38.12
38.12
38.12
38.12
38.12
38.12
38.12
38.12
38.12
38.12
38.12
38.12
38.12
38.12
38.12
38.12
38.12
38.12
38.12
38.12
38.12
38.12
38.12
38.12
38.12
