[
  [
    0.0,
    0.0,
    82.86,
    "f"
  ],
  [
    0.11757054307507489,
    0.01472754566596933,
    82.86,
    "f"
  ],
  [
    0.22981109593233134,
    0.028787426861919485,
    82.86,
    "f"
  ],
  [
    0.3368315552772913,
    0.04219340986558269,
    82.86,
    "f"
  ],
  [
    0.43874181781547694,
    0.05495926095469153,
    82.86,
    "f"
  ],
  [
    0.5356517802524103,
    0.06709874640697813,
    82.86,
    "f"
  ],
  [
    0.6276713392936132,
    0.0786256325001749,
    82.86,
    "f"
  ],
  [
    0.714910391644608,
    0.08955368551201437,
    82.86,
    "f"
  ],
  [
    0.7974788340109165,
    0.09989667172022865,
    82.86,
    "f"
  ],
  [
    0.8754865630980604,
    0.10966835740255021,
    82.86,
    "f"
  ],
  [
    0.9490434756115627,
    0.11888250883671142,
    82.86,
    "f"
  ],
  [
    1.0182594682569444,
    0.12755289230044453,
    82.86,
    "f"
  ],
  [
    1.0832444377397277,
    0.13569327407148196,
    82.86,
    "f"
  ],
  [
    1.1441082807654355,
    0.14331742042755624,
    82.86,
    "f"
  ],
  [
    1.2009608940395884,
    0.15043909764639934,
    82.86,
    "f"
  ],
  [
    1.2539121742677106,
    0.1570720720057443,
    82.86,
    "f"
  ],
  [
    1.3030720181553213,
    0.16323010978332236,
    82.86,
    "f"
  ],
  [
    1.3485503224079447,
    0.16892697725686712,
    82.86,
    "f"
  ],
  [
    1.390456983731102,
    0.17417644070410998,
    82.86,
    "f"
  ],
  [
    1.4289018988303157,
    0.17899226640278387,
    82.86,
    "f"
  ],
  [
    1.4639949644111072,
    0.18338822063062077,
    82.86,
    "f"
  ],
  [
    1.495846077178999,
    0.1873780696653533,
    82.86,
    "f"
  ],
  [
    1.5245651338395128,
    0.1909755797847137,
    82.86,
    "f"
  ],
  [
    1.5502620310981703,
    0.1941945172664341,
    82.86,
    "f"
  ],
  [
    1.573046665660495,
    0.19704864838824754,
    82.86,
    "f"
  ],
  [
    1.593028934232007,
    0.19955173942788573,
    82.86,
    "f"
  ],
  [
    1.6103187335182303,
    0.20171755666308133,
    82.86,
    "f"
  ],
  [
    1.6250259602246853,
    0.20355986637156642,
    82.86,
    "f"
  ],
  [
    1.6372605110568945,
    0.2050924348310733,
    82.86,
    "f"
  ],
  [
    1.6471322827203796,
    0.20632902831933497,
    82.86,
    "f"
  ],
  [
    1.654751171920664,
    0.20728341311408305,
    82.86,
    "f"
  ],
  [
    1.660227075363268,
    0.2079693554930503,
    82.86,
    "f"
  ],
  [
    1.6636698897537148,
    0.208400621733969,
    82.86,
    "f"
  ],
  [
    1.6651895117975268,
    0.20859097811457172,
    82.86,
    "f"
  ],
  [
    1.6648958382002248,
    0.20855419091259042,
    82.86,
    "f"
  ],
  [
    1.662898765667331,
    0.20830402640575751,
    82.86,
    "f"
  ],
  [
    1.659308190904368,
    0.20785425087180553,
    82.86,
    "f"
  ],
  [
    1.6542340106168578,
    0.2072186305884668,
    82.86,
    "f"
  ],
  [
    1.6477861215103222,
    0.2064109318334737,
    82.86,
    "f"
  ],
  [
    1.6400744202902826,
    0.20544492088455824,
    82.86,
    "f"
  ],
  [
    1.6312088036622627,
    0.20433436401945348,
    82.86,
    "f"
  ],
  [
    1.6212991683317832,
    0.20309302751589098,
    82.86,
    "f"
  ],
  [
    1.6104554110043656,
    0.2017346776516037,
    82.86,
    "f"
  ],
  [
    1.5987874283855334,
    0.2002730807043236,
    82.86,
    "f"
  ],
  [
    1.5864051171808091,
    0.19872200295178322,
    82.86,
    "f"
  ],
  [
    1.573418374095712,
    0.19709521067171476,
    82.86,
    "f"
  ],
  [
    1.5599370958357661,
    0.19540647014185086,
    82.86,
    "f"
  ],
  [
    1.5460711791064936,
    0.1936695476399236,
    82.86,
    "f"
  ],
  [
    1.5319305206134157,
    0.19189820944366576,
    82.86,
    "f"
  ],
  [
    1.5176250170620547,
    0.19010622183080927,
    82.86,
    "f"
  ],
  [
    1.5032645651579333,
    0.18830735107908636,
    82.86,
    "f"
  ],
  [
    1.4889590616065722,
    0.18651536346622977,
    82.86,
    "f"
  ],
  [
    1.4748184031134943,
    0.1847440252699718,
    82.86,
    "f"
  ],
  [
    1.4609524863842216,
    0.18300710276804477,
    82.86,
    "f"
  ],
  [
    1.4474712081242758,
    0.18131836223818065,
    82.86,
    "f"
  ],
  [
    1.4344844650391795,
    0.17969156995811242,
    82.86,
    "f"
  ],
  [
    1.422102153834454,
    0.17814049220557227,
    82.86,
    "f"
  ],
  [
    1.4104341712156223,
    0.17667889525829217,
    82.86,
    "f"
  ],
  [
    1.3995904138882054,
    0.17532054539400477,
    82.86,
    "f"
  ],
  [
    1.3896807785577256,
    0.17407920889044226,
    82.86,
    "f"
  ],
  [
    1.3808151619297053,
    0.1729686520253374,
    82.86,
    "f"
  ],
  [
    1.373103460709666,
    0.17200264107642205,
    82.86,
    "f"
  ],
  [
    1.3666555716031303,
    0.17119494232142884,
    82.86,
    "f"
  ],
  [
    1.3615813913156198,
    0.1705593220380901,
    82.86,
    "f"
  ],
  [
    1.3579908165526569,
    0.170109546504138,
    82.86,
    "f"
  ],
  [
    1.3559937440197634,
    0.16985938199730533,
    82.86,
    "f"
  ],
  [
    1.3557000704224613,
    0.1698225947953239,
    82.86,
    "f"
  ],
  [
    1.3572196924662725,
    0.1700129511759264,
    82.86,
    "f"
  ],
  [
    1.3606625068567195,
    0.17044421741684523,
    82.86,
    "f"
  ],
  [
    1.3661384102993241,
    0.1711301597958126,
    82.86,
    "f"
  ],
  [
    1.3737572994996083,
    0.17208454459056088,
    82.86,
    "f"
  ],
  [
    1.3836290711630943,
    0.17332113807882243,
    82.86,
    "f"
  ],
  [
    1.3958636219953033,
    0.17485370653832955,
    82.86,
    "f"
  ],
  [
    1.4105708487017585,
    0.17669601624681464,
    82.86,
    "f"
  ],
  [
    1.4278606479879812,
    0.17886183348201012,
    82.86,
    "f"
  ],
  [
    1.4478429165594937,
    0.1813649245216482,
    82.86,
    "f"
  ],
  [
    1.4706275511218176,
    0.18421905564346142,
    82.86,
    "f"
  ],
  [
    1.4963244483804756,
    0.18743799312518195,
    82.86,
    "f"
  ],
  [
    1.5250435050409894,
    0.19103550324454255,
    82.86,
    "f"
  ],
  [
    1.5568946178088812,
    0.19502535227927487,
    82.86,
    "f"
  ],
  [
    1.5919876833896731,
    0.19942130650711198,
    82.86,
    "f"
  ],
  [
    1.6304325984888863,
    0.20423713220578577,
    82.86,
    "f"
  ],
  [
    1.672339259812044,
    0.20948659565302874,
    82.86,
    "f"
  ],
  [
    1.7178175640646673,
    0.21518346312657333,
    82.86,
    "f"
  ],
  [
    1.766977407952278,
    0.2213415009041515,
    82.86,
    "f"
  ],
  [
    1.8199286881803998,
    0.22797447526349635,
    82.86,
    "f"
  ],
  [
    1.8767813014545531,
    0.2350961524823395,
    82.86,
    "f"
  ],
  [
    1.937645144480261,
    0.24272029883841362,
    82.86,
    "f"
  ],
  [
    2.0026301139630442,
    0.2508606806094512,
    82.86,
    "f"
  ],
  [
    2.071846106608427,
    0.2595310640731845,
    82.86,
    "f"
  ],
  [
    2.1454030191219284,
    0.2687452155073454,
    82.86,
    "f"
  ],
  [
    2.2234107482090724,
    0.2785169011896673,
    82.86,
    "f"
  ],
  [
    2.305979190575381,
    0.2888598873978815,
    82.86,
    "f"
  ],
  [
    2.393218242926375,
    0.2997879404097208,
    82.86,
    "f"
  ],
  [
    2.4852378019675787,
    0.31131482650291764,
    82.86,
    "f"
  ],
  [
    2.582147764404512,
    0.323454311955204,
    82.86,
    "f"
  ],
  [
    2.684058026942697,
    0.336220163044313,
    82.86,
    "f"
  ],
  [
    2.791078486287658,
    0.34962614604797615,
    82.86,
    "f"
  ],
  [
    2.9033190391449137,
    0.3636860272439266,
    82.86,
    "f"
  ],
  [
    3.020889582219988,
    0.37841357290989563,
    82.86,
    "f"
  ],
  [
    3.020889582219988,
    0.37841357290989563,
    82.86,
    "f"
  ],
  [
    3.141165103699829,
    0.3941832738698323,
    82.20154138619101,
    "f"
  ],
  [
    3.2614309390335365,
    0.41135589626202873,
    81.54665349786045,
    "f"
  ],
  [
    3.3816625058198673,
    0.4299246193357342,
    80.89508332765557,
    "f"
  ],
  [
    3.501835221657574,
    0.44988262234019816,
    80.24657921726133,
    "f"
  ],
  [
    3.6219245041454142,
    0.47122308452467077,
    79.60089082545129,
    "f"
  ],
  [
    3.74190577088214,
    0.49393918513839985,
    78.95776908646921,
    "f"
  ],
  [
    3.861754439466507,
    0.5180241034306365,
    78.3169661598531,
    "f"
  ],
  [
    3.9814459274972718,
    0.5434710186506293,
    77.67823537275073,
    "f"
  ],
  [
    4.100955652573184,
    0.5702731100476262,
    77.04133115571743,
    "f"
  ],
  [
    4.220259032293003,
    0.5984235568708796,
    76.40600897293312,
    "f"
  ],
  [
    4.3393314842554815,
    0.6279155383696364,
    75.77202524773001,
    "f"
  ],
  [
    4.458148426059376,
    0.6587422337931468,
    75.13913728427887,
    "f"
  ],
  [
    4.57668527530344,
    0.6908968223906602,
    74.50710318624651,
    "f"
  ],
  [
    4.694917449586425,
    0.724372483411426,
    73.87568177320689,
    "f"
  ],
  [
    4.8128203665070926,
    0.7591623961046936,
    73.24463249556025,
    "f"
  ],
  [
    4.9303694436641905,
    0.7952597397197125,
    72.61371534869726,
    "f"
  ],
  [
    5.047540098656479,
    0.8326576935057317,
    71.98269078712796,
    "f"
  ],
  [
    5.164307749082708,
    0.8713494367120007,
    71.35131963928613,
    "f"
  ],
  [
    5.280647812541637,
    0.9113281485877684,
    70.71936302371408,
    "f"
  ],
  [
    5.396535706632019,
    0.9525870083822856,
    70.08658226733353,
    "f"
  ],
  [
    5.511946848952604,
    0.9951191953448,
    69.45273882651206,
    "f"
  ],
  [
    5.626856657102154,
    1.038917888724562,
    68.81759421164547,
    "f"
  ],
  [
    5.741240548679418,
    1.0839762677708205,
    68.18090991598858,
    "f"
  ],
  [
    5.8550739412831545,
    1.1302875117328248,
    67.54244734948843,
    "f"
  ],
  [
    5.968332252512116,
    1.1778447998598256,
    66.90196777839525,
    "f"
  ],
  [
    6.08099089996506,
    1.2266413114010708,
    66.2592322714555,
    "f"
  ],
  [
    6.193025301240738,
    1.2766702256058104,
    65.61400165352306,
    "f"
  ],
  [
    6.304410873937905,
    1.327924721723293,
    64.96603646746114,
    "f"
  ],
  [
    6.415123035655315,
    1.3803979790027687,
    64.31509694524838,
    "f"
  ],
  [
    6.5251372039917275,
    1.4340831766934872,
    63.66094298924598,
    "f"
  ],
  [
    6.634428796545893,
    1.488973494044697,
    63.003334164631255,
    "f"
  ],
  [
    6.742973230916566,
    1.5450621103056474,
    62.342029704054525,
    "f"
  ],
  [
    6.850745924702505,
    1.6023422047255895,
    61.67678852562965,
    "f"
  ],
  [
    6.95772229550246,
    1.6608069565537704,
    61.007369265426334,
    "f"
  ],
  [
    7.063877760915187,
    1.7204495450394401,
    60.33353032569066,
    "f"
  ],
  [
    7.169187738539442,
    1.7812631494318492,
    59.65502994008186,
    "f"
  ],
  [
    7.273627645973981,
    1.8432409489802466,
    58.97162625727405,
    "f"
  ],
  [
    7.377172900817555,
    1.9063761229338803,
    58.283077444333955,
    "f"
  ],
  [
    7.4797989206689195,
    1.970661850542001,
    57.58914181134689,
    "f"
  ],
  [
    7.581481123126833,
    2.0360913110538594,
    56.8895779588226,
    "f"
  ],
  [
    7.682194925790046,
    2.102657683718702,
    56.184144949467566,
    "f"
  ],
  [
    7.781915746257313,
    2.1703541477857775,
    55.47260250596577,
    "f"
  ],
  [
    7.880619002127393,
    2.23917388250434,
    54.7547112364515,
    "f"
  ],
  [
    7.978280110999038,
    2.309110067123635,
    54.030232889400395,
    "f"
  ],
  [
    8.074874490471,
    2.3801558808929117,
    53.29893063969138,
    "f"
  ],
  [
    8.170377558142038,
    2.452304503061423,
    52.56056940760925,
    "f"
  ],
  [
    8.264764731610907,
    2.525549112878415,
    51.814916212561286,
    "f"
  ],
  [
    8.358011428476356,
    2.599882889593138,
    51.061740563266085,
    "f"
  ],
  [
    8.450093066337146,
    2.6752990124548406,
    50.30081488613763,
    "f"
  ],
  [
    8.540985062792029,
    2.7517906607127736,
    49.53191499353147,
    "f"
  ],
  [
    8.630662835439761,
    2.8293510136161872,
    48.754820593433976,
    "f"
  ],
  [
    8.719101801879091,
    2.9079732504143276,
    47.96931584206169,
    "f"
  ],
  [
    8.806277379708783,
    2.9876505503564457,
    47.17518994068888,
    "f"
  ],
  [
    8.892164986527584,
    3.068376092691792,
    46.37223777783396,
    "f"
  ],
  [
    8.976740039934255,
    3.150143056669614,
    45.5602606177074,
    "f"
  ],
  [
    9.059977957527547,
    3.232944621539164,
    44.739066835546964,
    "f"
  ],
  [
    9.141854156906211,
    3.316773966549688,
    43.90847270014251,
    "f"
  ],
  [
    9.222344055669009,
    3.4016242709504363,
    43.06830320347103,
    "f"
  ],
  [
    9.301423071414693,
    3.4874887139906603,
    42.21839293692943,
    "f"
  ],
  [
    9.379066621742014,
    3.5743604749196063,
    41.35858701315175,
    "f"
  ],
  [
    9.455250124249734,
    3.662232732986527,
    40.48874203184215,
    "f"
  ],
  [
    9.5299489965366,
    3.751098667440668,
    39.608727087429884,
    "f"
  ],
  [
    9.603138656201374,
    3.8409514575312835,
    38.71842481566665,
    "f"
  ],
  [
    9.674794520842802,
    3.931784282507617,
    37.81773247553673,
    "f"
  ],
  [
    9.744892008059647,
    4.023590321618922,
    36.90656306204124,
    "f"
  ],
  [
    9.813406535450659,
    4.116362754114446,
    35.98484644455067,
    "f"
  ],
  [
    9.880313520614596,
    4.21009475924344,
    35.0525305245082,
    "f"
  ],
  [
    9.945588381150209,
    4.304779516255153,
    34.1095824053084,
    "f"
  ],
  [
    10.009206534656256,
    4.400410204398834,
    33.155989566195956,
    "f"
  ],
  [
    10.071143398731488,
    4.496980002923732,
    32.19176103103024,
    "f"
  ],
  [
    10.131374390974663,
    4.594482091079096,
    31.21692852176659,
    "f"
  ],
  [
    10.189874928984535,
    4.692909648114177,
    30.231547585534884,
    "f"
  ],
  [
    10.246620430359856,
    4.792255853278222,
    29.2356986832674,
    "f"
  ],
  [
    10.301586312699385,
    4.892513885820483,
    28.22948822697333,
    "f"
  ],
  [
    10.354747993601874,
    4.993676924990208,
    27.213049551998836,
    "f"
  ],
  [
    10.406080890666079,
    5.095738150036647,
    26.18654380998015,
    "f"
  ],
  [
    10.455560421490754,
    5.198690740209047,
    25.150160767725822,
    "f"
  ],
  [
    10.503162003674653,
    5.302527874756661,
    24.104119496978683,
    "f"
  ],
  [
    10.548861054816532,
    5.407242732928736,
    23.04866893994415,
    "f"
  ],
  [
    10.592632992515146,
    5.5128284939745225,
    21.984088335653837,
    "f"
  ],
  [
    10.634453234369246,
    5.6192783371432675,
    20.91068749268885,
    "f"
  ],
  [
    10.674297197977593,
    5.726585441684226,
    19.82880689453941,
    "f"
  ],
  [
    10.712140300938936,
    5.834742986846641,
    18.738817624938577,
    "f"
  ],
  [
    10.747957960852034,
    5.943744151879764,
    17.64112110189035,
    "f"
  ],
  [
    10.781725595315638,
    6.053582116032847,
    16.53614861081803,
    "f"
  ],
  [
    10.813418621928502,
    6.164250058555135,
    15.42436062927311,
    "f"
  ],
  [
    10.843012458289385,
    6.275741158695881,
    14.306245937962217,
    "f"
  ],
  [
    10.870482521997042,
    6.388048595704333,
    13.18232051542725,
    "f"
  ],
  [
    10.89580423065022,
    6.50116554882974,
    12.05312621652672,
    "f"
  ],
  [
    10.918953001847687,
    6.615085197321352,
    10.919229237853756,
    "f"
  ],
  [
    10.939904253188184,
    6.729800720428417,
    9.78121837634012,
    "f"
  ],
  [
    10.958633402270472,
    6.845305297400188,
    8.63970309046232,
    "f"
  ],
  [
    10.975115866693306,
    6.9615921074859095,
    7.495311376616542,
    "f"
  ],
  [
    10.98932706405544,
    7.078654329934834,
    6.348687476287353,
    "f"
  ],
  [
    11.001242411955628,
    7.1964851439962105,
    5.200489432520158,
    "f"
  ],
  [
    11.010837327992627,
    7.315077728919288,
    4.051386516847003,
    "f"
  ],
  [
    11.018087229765188,
    7.434425263953315,
    2.9020565501313627,
    "f"
  ],
  [
    11.022967534872068,
    7.554520928347544,
    1.753183142729938,
    "f"
  ],
  [
    11.025453660912023,
    7.675357901351219,
    0.6054528808593886,
    "f"
  ],
  [
    11.025453660912023,
    7.675357901351219,
    0.6054528808593886,
    "f"
  ],
  [
    11.026712014094011,
    7.794435162945426,
    0.6054523996119201,
    "f"
  ],
  [
    11.027925998770847,
    7.909313951251443,
    0.6054518930950508,
    "f"
  ],
  [
    11.029096529757078,
    8.020080832728823,
    0.6054513596216111,
    "f"
  ],
  [
    11.030224521867234,
    8.126822373837113,
    0.6054507973732939,
    "f"
  ],
  [
    11.031310889915861,
    8.229625141035868,
    0.6054502043896264,
    "f"
  ],
  [
    11.032356548717495,
    8.328575700784635,
    0.6054495785564313,
    "f"
  ],
  [
    11.033362413086676,
    8.423760619542962,
    0.6054489175932076,
    "f"
  ],
  [
    11.034329397837945,
    8.515266463770406,
    0.6054482190401131,
    "f"
  ],
  [
    11.035258417785833,
    8.603179799926508,
    0.6054474802434697,
    "f"
  ],
  [
    11.036150387744893,
    8.68758719447083,
    0.6054466983413818,
    "f"
  ],
  [
    11.037006222529648,
    8.768575213862908,
    0.6054458702481611,
    "f"
  ],
  [
    11.037826836954652,
    8.846230424562307,
    0.6054449926384677,
    "f"
  ],
  [
    11.03861314583444,
    8.920639393028571,
    0.6054440619313368,
    "f"
  ],
  [
    11.039366063983541,
    8.991888685721245,
    0.6054430742746035,
    "f"
  ],
  [
    11.040086506216506,
    9.060064869099886,
    0.6054420255291575,
    "f"
  ],
  [
    11.040775387347866,
    9.125254509624039,
    0.6054409112555845,
    "f"
  ],
  [
    11.041433622192171,
    9.187544173753263,
    0.6054397267022296,
    "f"
  ],
  [
    11.042062125563948,
    9.247020427947099,
    0.6054384667971817,
    "f"
  ],
  [
    11.042661812277744,
    9.303769838665104,
    0.6054371261445795,
    "f"
  ],
  [
    11.043233597148099,
    9.357878972366827,
    0.6054356990285896,
    "f"
  ],
  [
    11.043778394989541,
    9.409434395511811,
    0.6054341794257994,
    "f"
  ],
  [
    11.044297120616623,
    9.458522674559616,
    0.6054325610313072,
    "f"
  ],
  [
    11.044790688843872,
    9.505230375969784,
    0.6054308373007302,
    "f"
  ],
  [
    11.04526001448584,
    9.549644066201873,
    0.605429001513869,
    "f"
  ],
  [
    11.045706012357059,
    9.59185031171543,
    0.605427046866339,
    "f"
  ],
  [
    11.046129597272069,
    9.631935678970006,
    0.6054249665961038,
    "f"
  ],
  [
    11.046531684045409,
    9.66998673442515,
    0.6054227541541763,
    "f"
  ],
  [
    11.046913187491612,
    9.706090044540408,
    0.6054204034277859,
    "f"
  ],
  [
    11.047275022425227,
    9.740332175775338,
    0.605417909030507,
    "f"
  ],
  [
    11.04761810366079,
    9.77279969458949,
    0.605415266667876,
    "f"
  ],
  [
    11.04794334601284,
    9.803579167442408,
    0.6054124735930486,
    "f"
  ],
  [
    11.048251664295911,
    9.832757160793644,
    0.6054095291617614,
    "f"
  ],
  [
    11.048543973324552,
    9.860420241102755,
    0.6054064354954107,
    "f"
  ],
  [
    11.048821187913298,
    9.886654974829288,
    0.6054031982523611,
    "f"
  ],
  [
    11.049084222876683,
    9.911547928432785,
    0.6053998274991272,
    "f"
  ],
  [
    11.049333993029249,
    9.935185668372805,
    0.6053963386571013,
    "f"
  ],
  [
    11.049571413185541,
    9.957654761108898,
    0.605392753480146,
    "f"
  ],
  [
    11.04979739816009,
    9.979041773100612,
    0.6053891009901236,
    "f"
  ],
  [
    11.050012862767437,
    9.999433270807495,
    0.6053854182697478,
    "f"
  ],
  [
    11.05021872182213,
    10.018915820689104,
    0.6053817509735495,
    "f"
  ],
  [
    11.0504158901387,
    10.037575989204987,
    0.6053781533998404,
    "f"
  ],
  [
    11.050605282531679,
    10.055500342814685,
    0.6053746879441633,
    "f"
  ],
  [
    11.050787813815623,
    10.072775447977762,
    0.6053714237770009,
    "f"
  ],
  [
    11.05096439880506,
    10.089487871153763,
    0.605368434630293,
    "f"
  ],
  [
    11.051135952314528,
    10.10572417880223,
    0.6053657956774714,
    "f"
  ],
  [
    11.051303389158573,
    10.121570937382726,
    0.6053635796227468,
    "f"
  ],
  [
    11.051467624151732,
    10.137114713354796,
    0.6053618522728357,
    "f"
  ],
  [
    11.05162957210854,
    10.15244207317799,
    0.6053606680175108,
    "f"
  ],
  [
    11.05179014784354,
    10.167639583311859,
    0.6053600657473908,
    "f"
  ],
  [
    11.051950266171275,
    10.182793810215951,
    0.6053600657474476,
    "f"
  ],
  [
    11.052110841906273,
    10.197991320349821,
    0.6053606680174539,
    "f"
  ],
  [
    11.052272789863082,
    10.213318680173014,
    0.6053618522727788,
    "f"
  ],
  [
    11.052437024856241,
    10.228862456145084,
    0.6053635796228036,
    "f"
  ],
  [
    11.052604461700284,
    10.244709214725578,
    0.6053657956775282,
    "f"
  ],
  [
    11.052776015209757,
    10.260945522374051,
    0.6053684346303498,
    "f"
  ],
  [
    11.052952600199195,
    10.27765794555005,
    0.6053714237770009,
    "f"
  ],
  [
    11.053135131483131,
    10.294933050713125,
    0.6053746879441064,
    "f"
  ],
  [
    11.053324523876116,
    10.312857404322827,
    0.6053781533997835,
    "f"
  ],
  [
    11.053521692192684,
    10.331517572838706,
    0.6053817509736064,
    "f"
  ],
  [
    11.053727551247373,
    10.351000122720315,
    0.6053854182697478,
    "f"
  ],
  [
    11.053943015854724,
    10.371391620427199,
    0.6053891009901236,
    "f"
  ],
  [
    11.054169000829274,
    10.392778632418914,
    0.605392753480146,
    "f"
  ],
  [
    11.054406420985567,
    10.415247725155007,
    0.6053963386571581,
    "f"
  ],
  [
    11.054656191138132,
    10.438885465095026,
    0.6053998274991841,
    "f"
  ],
  [
    11.054919226101518,
    10.463778418698524,
    0.605403198252418,
    "f"
  ],
  [
    11.05519644069026,
    10.490013152425055,
    0.6054064354954107,
    "f"
  ],
  [
    11.055488749718899,
    10.517676232734164,
    0.6054095291617045,
    "f"
  ],
  [
    11.055797068001974,
    10.546854226085404,
    0.6054124735929918,
    "f"
  ],
  [
    11.056122310354024,
    10.577633698938323,
    0.6054152666679329,
    "f"
  ],
  [
    11.056465391589587,
    10.610101217752472,
    0.6054179090304501,
    "f"
  ],
  [
    11.056827226523204,
    10.644343348987402,
    0.6054204034277291,
    "f"
  ],
  [
    11.057208729969409,
    10.680446659102664,
    0.6054227541541763,
    "f"
  ],
  [
    11.057610816742748,
    10.718497714557808,
    0.6054249665961606,
    "f"
  ],
  [
    11.058034401657757,
    10.758583081812382,
    0.605427046866339,
    "f"
  ],
  [
    11.058480399528975,
    10.80078932732594,
    0.605429001513869,
    "f"
  ],
  [
    11.05894972517094,
    10.845203017558026,
    0.6054308373007302,
    "f"
  ],
  [
    11.059443293398191,
    10.891910718968196,
    0.605432561031364,
    "f"
  ],
  [
    11.059962019025273,
    10.940998998016,
    0.6054341794257994,
    "f"
  ],
  [
    11.060506816866718,
    10.992554421160987,
    0.6054356990285328,
    "f"
  ],
  [
    11.061078601737071,
    11.04666355486271,
    0.6054371261446363,
    "f"
  ],
  [
    11.061678288450866,
    11.103412965580711,
    0.6054384667971817,
    "f"
  ],
  [
    11.062306791822644,
    11.162889219774549,
    0.6054397267022296,
    "f"
  ],
  [
    11.062965026666946,
    11.22517888390377,
    0.6054409112555277,
    "f"
  ],
  [
    11.06365390779831,
    11.290368524427926,
    0.6054420255291575,
    "f"
  ],
  [
    11.064374350031276,
    11.358544707806569,
    0.6054430742746035,
    "f"
  ],
  [
    11.065127268180378,
    11.429794000499243,
    0.6054440619313368,
    "f"
  ],
  [
    11.065913577060162,
    11.504202968965505,
    0.6054449926384677,
    "f"
  ],
  [
    11.066734191485164,
    11.5818581796649,
    0.6054458702481611,
    "f"
  ],
  [
    11.067590026269922,
    11.662846199056986,
    0.6054466983413818,
    "f"
  ],
  [
    11.06848199622898,
    11.747253593601304,
    0.6054474802435266,
    "f"
  ],
  [
    11.069411016176872,
    11.835166929757406,
    0.6054482190401131,
    "f"
  ],
  [
    11.070378000928137,
    11.926672773984848,
    0.6054489175932076,
    "f"
  ],
  [
    11.071383865297316,
    12.021857692743177,
    0.6054495785563745,
    "f"
  ],
  [
    11.072429524098952,
    12.120808252491944,
    0.6054502043896832,
    "f"
  ],
  [
    11.07351589214758,
    12.223611019690697,
    0.605450797373237,
    "f"
  ],
  [
    11.074643884257735,
    12.330352560798987,
    0.6054513596216111,
    "f"
  ],
  [
    11.075814415243967,
    12.441119442276367,
    0.6054518930950508,
    "f"
  ],
  [
    11.077028399920806,
    12.555998230582388,
    0.6054523996119769,
    "f"
  ],
  [
    11.078286753102793,
    12.675075492176592,
    0.6054528808593886,
    "f"
  ],
  [
    11.078286753102793,
    12.675075492176592,
    0.6054528808593886,
    "f"
  ],
  [
    11.079545106606902,
    12.794152753807193,
    0.6054527137189325,
    "f"
  ],
  [
    11.080759092241362,
    12.90903154222139,
    0.6054525378023072,
    "f"
  ],
  [
    11.081929624807618,
    13.019798423877267,
    0.6054523525234572,
    "f"
  ],
  [
    11.0830576191071,
    13.126539965232892,
    0.6054521572509088,
    "f"
  ],
  [
    11.084143989941246,
    13.229342732746328,
    0.6054519513037349,
    "f"
  ],
  [
    11.085189652111493,
    13.328293292875653,
    0.6054517339477457,
    "f"
  ],
  [
    11.08619552041927,
    13.42347821207893,
    0.605451504390885,
    "f"
  ],
  [
    11.087162509666028,
    13.514984056814235,
    0.6054512617787395,
    "f"
  ],
  [
    11.088091534653183,
    13.602897393539632,
    0.6054510051898205,
    "f"
  ],
  [
    11.088983510182185,
    13.687304788713195,
    0.6054507336300503,
    "f"
  ],
  [
    11.089839351054465,
    13.768292808792992,
    0.6054504460278167,
    "f"
  ],
  [
    11.090659972071462,
    13.845948020237099,
    0.6054501412281752,
    "f"
  ],
  [
    11.091446288034614,
    13.920356989503581,
    0.6054498179875054,
    "f"
  ],
  [
    11.092199213745344,
    13.991606283050503,
    0.6054494749677701,
    "f"
  ],
  [
    11.092919664005105,
    14.059782467335946,
    0.6054491107315698,
    "f"
  ],
  [
    11.09360855361532,
    14.124972108817968,
    0.6054487237369699,
    "f"
  ],
  [
    11.094266797377433,
    14.18726177395465,
    0.6054483123338059,
    "f"
  ],
  [
    11.094895310092873,
    14.24673802920405,
    0.6054478747604435,
    "f"
  ],
  [
    11.09549500656309,
    14.303487441024254,
    0.6054474091430393,
    "f"
  ],
  [
    11.096066801589505,
    14.357596575873323,
    0.6054469134962233,
    "f"
  ],
  [
    11.096611609973554,
    14.409152000209321,
    0.6054463857281576,
    "f"
  ],
  [
    11.097130346516678,
    14.458240280490326,
    0.60544582364912,
    "f"
  ],
  [
    11.097623926020317,
    14.504947983174405,
    0.6054452249861129,
    "f"
  ],
  [
    11.0980932632859,
    14.54936167471963,
    0.605444587405259,
    "f"
  ],
  [
    11.098539273114868,
    14.591567921584073,
    0.6054439085432932,
    "f"
  ],
  [
    11.098962870308657,
    14.631653290225803,
    0.6054431860518434,
    "f"
  ],
  [
    11.099364969668699,
    14.669704347102886,
    0.6054424176560929,
    "f"
  ],
  [
    11.09974648599643,
    14.70580765867339,
    0.6054416012334514,
    "f"
  ],
  [
    11.100108334093285,
    14.74004979139539,
    0.605440734912861,
    "f"
  ],
  [
    11.100451428760708,
    14.772517311726961,
    0.6054398172028641,
    "f"
  ],
  [
    11.100776684800131,
    14.803296786126161,
    0.6054388471497418,
    "f"
  ],
  [
    11.101085017012979,
    14.832474781051065,
    0.6054378245294743,
    "f"
  ],
  [
    11.101377340200706,
    14.86013786295975,
    0.6054367500788658,
    "f"
  ],
  [
    11.101654569164737,
    14.886372598310277,
    0.605435625763107,
    "f"
  ],
  [
    11.101917618706509,
    14.911265553560717,
    0.6054344550783526,
    "f"
  ],
  [
    11.102167403627464,
    14.934903295169146,
    0.6054332433806735,
    "f"
  ],
  [
    11.102404838729033,
    14.95737238959363,
    0.6054319982252423,
    "f"
  ],
  [
    11.102630838812647,
    14.978759403292237,
    0.6054307296916477,
    "f"
  ],
  [
    11.102846318679745,
    14.999150902723034,
    0.6054294506586189,
    "f"
  ],
  [
    11.103052193131777,
    15.018633454344107,
    0.6054281769827412,
    "f"
  ],
  [
    11.103249376970162,
    15.037293624613511,
    0.6054269275218758,
    "f"
  ],
  [
    11.103438784996339,
    15.055217979989315,
    0.605425723946496,
    "f"
  ],
  [
    11.103621332011748,
    15.072493086929597,
    0.605424590279938,
    "f"
  ],
  [
    11.103797932817823,
    15.08920551189243,
    0.6054235521298779,
    "f"
  ],
  [
    11.103969502215994,
    15.10544182133587,
    0.6054226356042705,
    "f"
  ],
  [
    11.104136955007712,
    15.121288581717996,
    0.6054218659540425,
    "f"
  ],
  [
    11.104301205994402,
    15.136832359496882,
    0.6054212660341705,
    "f"
  ],
  [
    11.104463169977501,
    15.15215972113059,
    0.6054208547345183,
    "f"
  ],
  [
    11.104623761758443,
    15.167357233077187,
    0.605420645562333,
    "f"
  ],
  [
    11.104783896138676,
    15.18251146179476,
    0.6054206455621625,
    "f"
  ],
  [
    11.104944487919619,
    15.197708973741364,
    0.6054208547344615,
    "f"
  ],
  [
    11.105106451902715,
    15.213036335375069,
    0.6054212660340568,
    "f"
  ],
  [
    11.105270702889408,
    15.228580113153953,
    0.6054218659540425,
    "f"
  ],
  [
    11.105438155681123,
    15.244426873536078,
    0.6054226356042705,
    "f"
  ],
  [
    11.105609725079299,
    15.260663182979522,
    0.6054235521299347,
    "f"
  ],
  [
    11.105786325885374,
    15.27737560794235,
    0.6054245902799948,
    "f"
  ],
  [
    11.105968872900782,
    15.294650714882632,
    0.605425723946496,
    "f"
  ],
  [
    11.106158280926962,
    15.312575070258443,
    0.6054269275218189,
    "f"
  ],
  [
    11.106355464765345,
    15.331235240527846,
    0.605428176982798,
    "f"
  ],
  [
    11.106561339217368,
    15.35071779214891,
    0.6054294506586757,
    "f"
  ],
  [
    11.106776819084473,
    15.371109291579714,
    0.605430729691534,
    "f"
  ],
  [
    11.10700281916809,
    15.392496305278321,
    0.6054319982251855,
    "f"
  ],
  [
    11.107240254269659,
    15.414965399702806,
    0.6054332433806735,
    "f"
  ],
  [
    11.107490039190608,
    15.43860314131123,
    0.6054344550784663,
    "f"
  ],
  [
    11.107753088732382,
    15.463496096561673,
    0.605435625763107,
    "f"
  ],
  [
    11.10803031769641,
    15.4897308319122,
    0.6054367500788658,
    "f"
  ],
  [
    11.108322640884138,
    15.517393913820882,
    0.6054378245293606,
    "f"
  ],
  [
    11.10863097309699,
    15.546571908745788,
    0.6054388471497418,
    "f"
  ],
  [
    11.108956229136412,
    15.577351383144991,
    0.605439817202921,
    "f"
  ],
  [
    11.109299323803832,
    15.609818903476558,
    0.605440734912861,
    "f"
  ],
  [
    11.10966117190069,
    15.644061036198561,
    0.6054416012334514,
    "f"
  ],
  [
    11.110042688228422,
    15.680164347769066,
    0.6054424176560929,
    "f"
  ],
  [
    11.110444787588463,
    15.718215404646148,
    0.6054431860517866,
    "f"
  ],
  [
    11.110868384782247,
    15.758300773287875,
    0.6054439085432932,
    "f"
  ],
  [
    11.111314394611217,
    15.800507020152317,
    0.605444587405259,
    "f"
  ],
  [
    11.111783731876804,
    15.844920711697544,
    0.605445224986056,
    "f"
  ],
  [
    11.11227731138044,
    15.891628414381625,
    0.60544582364912,
    "f"
  ],
  [
    11.112796047923567,
    15.94071669466263,
    0.6054463857282144,
    "f"
  ],
  [
    11.11334085630762,
    15.992272118998631,
    0.6054469134961664,
    "f"
  ],
  [
    11.113912651334033,
    16.0463812538477,
    0.6054474091430393,
    "f"
  ],
  [
    11.11451234780424,
    16.103130665667894,
    0.6054478747604435,
    "f"
  ],
  [
    11.115140860519688,
    16.162606920917302,
    0.6054483123338059,
    "f"
  ],
  [
    11.115799104281798,
    16.224896586053983,
    0.6054487237370267,
    "f"
  ],
  [
    11.116487993892015,
    16.290086227536005,
    0.6054491107315698,
    "f"
  ],
  [
    11.117208444151771,
    16.358262411821446,
    0.6054494749677701,
    "f"
  ],
  [
    11.11796136986251,
    16.42951170536837,
    0.6054498179874486,
    "f"
  ],
  [
    11.11874768582566,
    16.503920674634852,
    0.6054501412281752,
    "f"
  ],
  [
    11.119568306842655,
    16.581575886078955,
    0.6054504460278167,
    "f"
  ],
  [
    11.120424147714935,
    16.662563906158756,
    0.6054507336301072,
    "f"
  ],
  [
    11.121316123243938,
    16.74697130133232,
    0.6054510051898205,
    "f"
  ],
  [
    11.122245148231096,
    16.834884638057716,
    0.6054512617787395,
    "f"
  ],
  [
    11.123212137477848,
    16.92639048279302,
    0.605451504390885,
    "f"
  ],
  [
    11.124218005785625,
    17.021575401996294,
    0.6054517339478025,
    "f"
  ],
  [
    11.125263667955869,
    17.12052596212562,
    0.6054519513037917,
    "f"
  ],
  [
    11.126350038790019,
    17.223328729639057,
    0.6054521572509657,
    "f"
  ],
  [
    11.1274780330895,
    17.33007027099468,
    0.605452352523514,
    "f"
  ],
  [
    11.128648565655755,
    17.44083715265056,
    0.6054525378023072,
    "f"
  ],
  [
    11.12986255129022,
    17.55571594106476,
    0.6054527137189893,
    "f"
  ],
  [
    11.131120904794326,
    17.67479320269536,
    0.6054528808593886,
    "f"
  ]
]