[
  [
    0.0,
    0.0,
    90.192,
    "f"
  ],
  [
    0.11836901168074673,
    -0.0003966598500968338,
    90.192,
    "f"
  ],
  [
    0.23113024825816209,
    -0.0007745277951140966,
    90.192,
    "f"
  ],
  [
    0.3383993339611807,
    -0.0011339912970122767,
    90.192,
    "f"
  ],
  [
    0.44029189301873745,
    -0.001475437817751668,
    90.192,
    "f"
  ],
  [
    0.5369235496597667,
    -0.0017992548192927171,
    90.192,
    "f"
  ],
  [
    0.6284099281132034,
    -0.0021058297635958567,
    90.192,
    "f"
  ],
  [
    0.7148666526079821,
    -0.0023955501126214918,
    90.192,
    "f"
  ],
  [
    0.7964093473730374,
    -0.002668803328329916,
    90.192,
    "f"
  ],
  [
    0.8731536366373037,
    -0.0029259768726818125,
    90.192,
    "f"
  ],
  [
    0.9452151446297166,
    -0.003167458207637086,
    90.192,
    "f"
  ],
  [
    1.0127094955792095,
    -0.0033936347951567525,
    90.192,
    "f"
  ],
  [
    1.0757523137147178,
    -0.0036048940972006616,
    90.192,
    "f"
  ],
  [
    1.1344592232651767,
    -0.0038016235757295513,
    90.192,
    "f"
  ],
  [
    1.1889458484595194,
    -0.003984210692703716,
    90.192,
    "f"
  ],
  [
    1.2393278135266825,
    -0.004153042910083782,
    90.192,
    "f"
  ],
  [
    1.2857207426955983,
    -0.004308507689829488,
    90.192,
    "f"
  ],
  [
    1.328240260195204,
    -0.004450992493902128,
    90.192,
    "f"
  ],
  [
    1.367001990254432,
    -0.004580884784261552,
    90.192,
    "f"
  ],
  [
    1.4021215571022188,
    -0.004698572022868053,
    90.192,
    "f"
  ],
  [
    1.4337145849674982,
    -0.00480444167168248,
    90.192,
    "f"
  ],
  [
    1.4618966980792039,
    -0.004898881192664906,
    90.192,
    "f"
  ],
  [
    1.4867835206662725,
    -0.0049822780477759565,
    90.192,
    "f"
  ],
  [
    1.5084906769576372,
    -0.005055019698975705,
    90.192,
    "f"
  ],
  [
    1.527133791182234,
    -0.005117493608224888,
    90.192,
    "f"
  ],
  [
    1.5428284875689957,
    -0.005170087237484133,
    90.192,
    "f"
  ],
  [
    1.555690390346859,
    -0.005213188048713513,
    90.192,
    "f"
  ],
  [
    1.5658351237447579,
    -0.0052471835038727654,
    90.192,
    "f"
  ],
  [
    1.5733783119916258,
    -0.005272461064923406,
    90.192,
    "f"
  ],
  [
    1.5784355793163987,
    -0.005289408193825174,
    90.192,
    "f"
  ],
  [
    1.581122549948011,
    -0.005298412352538917,
    90.192,
    "f"
  ],
  [
    1.5815548481153971,
    -0.0052998610030248194,
    90.192,
    "f"
  ],
  [
    1.5798480980474916,
    -0.005294141607242953,
    90.192,
    "f"
  ],
  [
    1.5761179239732304,
    -0.005281641627154499,
    90.192,
    "f"
  ],
  [
    1.570479950121547,
    -0.005262748524718863,
    90.192,
    "f"
  ],
  [
    1.5630498007213753,
    -0.005237849761897118,
    90.192,
    "f"
  ],
  [
    1.553943100001652,
    -0.005207332800649556,
    90.192,
    "f"
  ],
  [
    1.54327547219131,
    -0.005171585102936915,
    90.192,
    "f"
  ],
  [
    1.531162541519285,
    -0.0051309941307189355,
    90.192,
    "f"
  ],
  [
    1.5177199322145105,
    -0.005085947345956243,
    90.192,
    "f"
  ],
  [
    1.5030632685059233,
    -0.005036832210609354,
    90.192,
    "f"
  ],
  [
    1.4873081746224566,
    -0.004984036186639007,
    90.192,
    "f"
  ],
  [
    1.4705702747930443,
    -0.004927946736004829,
    90.192,
    "f"
  ],
  [
    1.452965193246622,
    -0.004868951320667669,
    90.192,
    "f"
  ],
  [
    1.4346085542121256,
    -0.004807437402588044,
    90.192,
    "f"
  ],
  [
    1.4156159819184875,
    -0.004743792443726025,
    90.192,
    "f"
  ],
  [
    1.3961031005946436,
    -0.004678403906042239,
    90.192,
    "f"
  ],
  [
    1.3761855344695286,
    -0.00461165925149698,
    90.192,
    "f"
  ],
  [
    1.355978907772077,
    -0.0045439459420510975,
    90.192,
    "f"
  ],
  [
    1.3355988447312228,
    -0.004475651439664219,
    90.192,
    "f"
  ],
  [
    1.315160969575902,
    -0.004407163206297304,
    90.192,
    "f"
  ],
  [
    1.2947809065350482,
    -0.004338868703910537,
    90.192,
    "f"
  ],
  [
    1.274574279837596,
    -0.004271155394464321,
    90.192,
    "f"
  ],
  [
    1.2546567137124813,
    -0.004204410739919062,
    90.192,
    "f"
  ],
  [
    1.2351438323886372,
    -0.004139022202235498,
    90.192,
    "f"
  ],
  [
    1.2161512600949997,
    -0.004075377243373368,
    90.192,
    "f"
  ],
  [
    1.1977946210605022,
    -0.004013863325293854,
    90.192,
    "f"
  ],
  [
    1.180189539514081,
    -0.003954867909956694,
    90.192,
    "f"
  ],
  [
    1.163451639684669,
    -0.003898778459322516,
    90.192,
    "f"
  ],
  [
    1.1476965458012016,
    -0.0038459824353518357,
    90.192,
    "f"
  ],
  [
    1.1330398820926142,
    -0.003796867300005169,
    90.192,
    "f"
  ],
  [
    1.1195972727878403,
    -0.0037518205152424766,
    90.192,
    "f"
  ],
  [
    1.1074843421158151,
    -0.003711229543024719,
    90.192,
    "f"
  ],
  [
    1.0968167143054735,
    -0.0036754818453117455,
    90.192,
    "f"
  ],
  [
    1.0877100135857494,
    -0.0036449648840642945,
    90.192,
    "f"
  ],
  [
    1.0802798641855786,
    -0.003620066121242549,
    90.192,
    "f"
  ],
  [
    1.0746418903338948,
    -0.0036011730188072466,
    90.192,
    "f"
  ],
  [
    1.070911716259633,
    -0.0035886730387184596,
    90.192,
    "f"
  ],
  [
    1.0692049661917278,
    -0.0035829536429367037,
    90.192,
    "f"
  ],
  [
    1.069637264359114,
    -0.003584402293422606,
    90.192,
    "f"
  ],
  [
    1.0723242349907265,
    -0.0035934064521363496,
    90.192,
    "f"
  ],
  [
    1.0773815023154998,
    -0.003610353581038006,
    90.192,
    "f"
  ],
  [
    1.0849246905623677,
    -0.0036356311420886467,
    90.192,
    "f"
  ],
  [
    1.095069423960266,
    -0.0036696265972483433,
    90.192,
    "f"
  ],
  [
    1.1079313267381292,
    -0.00371272740847739,
    90.192,
    "f"
  ],
  [
    1.1236260231248916,
    -0.0037653210377364132,
    90.192,
    "f"
  ],
  [
    1.1422691373494878,
    -0.0038277949469857075,
    90.192,
    "f"
  ],
  [
    1.1639762936408529,
    -0.0039005365981854556,
    90.192,
    "f"
  ],
  [
    1.1888631162279215,
    -0.0039839334532966175,
    90.192,
    "f"
  ],
  [
    1.2170452293396279,
    -0.004078372974278932,
    90.192,
    "f"
  ],
  [
    1.248638257204907,
    -0.004184242623093248,
    90.192,
    "f"
  ],
  [
    1.2837578240526932,
    -0.004301929861700082,
    90.192,
    "f"
  ],
  [
    1.322519554111922,
    -0.004431822152059506,
    90.192,
    "f"
  ],
  [
    1.365039071611527,
    -0.004574306956132035,
    90.192,
    "f"
  ],
  [
    1.411432000780443,
    -0.004729771735877852,
    90.192,
    "f"
  ],
  [
    1.4618139658476057,
    -0.004898603953257696,
    90.192,
    "f"
  ],
  [
    1.516300591041949,
    -0.005081191070232083,
    90.192,
    "f"
  ],
  [
    1.5750075005924078,
    -0.005277920548760973,
    90.192,
    "f"
  ],
  [
    1.638050318727916,
    -0.005489179850804771,
    90.192,
    "f"
  ],
  [
    1.7055446696774097,
    -0.005715356438324215,
    90.192,
    "f"
  ],
  [
    1.777606177669822,
    -0.005956837773279711,
    90.192,
    "f"
  ],
  [
    1.8543504669340884,
    -0.0062140113176315515,
    90.192,
    "f"
  ],
  [
    1.9358931616991442,
    -0.00648726453333992,
    90.192,
    "f"
  ],
  [
    2.0223498861939224,
    -0.006776984882365555,
    90.192,
    "f"
  ],
  [
    2.113836264647359,
    -0.0070835598266687505,
    90.192,
    "f"
  ],
  [
    2.210467921288388,
    -0.007407376828209689,
    90.192,
    "f"
  ],
  [
    2.3123604803459448,
    -0.007748823348949108,
    90.192,
    "f"
  ],
  [
    2.4196295660489637,
    -0.008108286850847302,
    90.192,
    "f"
  ],
  [
    2.532390802626379,
    -0.008486154795864786,
    90.192,
    "f"
  ],
  [
    2.650759814307125,
    -0.008882814645961412,
    90.192,
    "f"
  ],
  [
    2.650759814307125,
    -0.008882814645961412,
    90.192,
    "f"
  ],
  [
    2.77197413188204,
    -0.008682644286941432,
    89.61874673472197,
    "f"
  ],
  [
    2.893177715474894,
    -0.007269550747011522,
    89.0452397919248,
    "f"
  ],
  [
    3.0143458333140263,
    -0.004643215201738382,
    88.47124302050757,
    "f"
  ],
  [
    3.1354537536277736,
    -0.0008033188266882707,
    87.89652008273593,
    "f"
  ],
  [
    3.2564767446444733,
    0.004250457202572777,
    87.32083430525766,
    "f"
  ],
  [
    3.3773900745924648,
    0.010518431710477394,
    86.7439485318071,
    "f"
  ],
  [
    3.4981690117000843,
    0.01800092352145999,
    86.16562497804414,
    "f"
  ],
  [
    3.6187888241956694,
    0.026698251459954303,
    85.58562508899512,
    "f"
  ],
  [
    3.7392247803075582,
    0.03661073435039386,
    85.00370939958894,
    "f"
  ],
  [
    3.859452148264089,
    0.047738691017212176,
    84.41963739881258,
    "f"
  ],
  [
    3.9794461962935985,
    0.060082440284843,
    83.83316739804677,
    "f"
  ],
  [
    4.099182192624425,
    0.07364230097771984,
    83.2440564041866,
    "f"
  ],
  [
    4.218635405484907,
    0.08841859192027579,
    82.65205999819726,
    "f"
  ],
  [
    4.33778110310338,
    0.10441163193694525,
    82.05693221981191,
    "f"
  ],
  [
    4.456594553708182,
    0.12162173985216285,
    81.45842545913636,
    "f"
  ],
  [
    4.575051025527652,
    0.1400492344903599,
    80.85629035599281,
    "f"
  ],
  [
    4.693125786790128,
    0.15969443467597166,
    80.25027570790785,
    "f"
  ],
  [
    4.8107941057239465,
    0.18055765923343126,
    79.64012838772707,
    "f"
  ],
  [
    4.9280312505574475,
    0.20263922698717218,
    79.02559327192743,
    "f"
  ],
  [
    5.044812489518967,
    0.2259394567616284,
    78.40641318078802,
    "f"
  ],
  [
    5.161113090836839,
    0.25045866738123346,
    77.78232883168202,
    "f"
  ],
  [
    5.276908322739408,
    0.27619717767042173,
    77.15307880685593,
    "f"
  ],
  [
    5.3921734534550065,
    0.3031553064536263,
    76.51839953717841,
    "f"
  ],
  [
    5.506883751211976,
    0.33133337255527895,
    75.87802530345702,
    "f"
  ],
  [
    5.62101448423865,
    0.3607316947998158,
    75.23168825704981,
    "f"
  ],
  [
    5.734540920763371,
    0.39135059201167,
    74.57911846162789,
    "f"
  ],
  [
    5.847438329014474,
    0.423190383015275,
    73.92004395808429,
    "f"
  ],
  [
    5.959681977220295,
    0.4562513866350639,
    73.25419085472383,
    "f"
  ],
  [
    6.071247133609173,
    0.4905339216954707,
    72.58128344501488,
    "f"
  ],
  [
    6.182109066409451,
    0.5260383070209302,
    71.9010443553306,
    "f"
  ],
  [
    6.292243043849457,
    0.5627648614358733,
    71.21319472525606,
    "f"
  ],
  [
    6.401624334157535,
    0.6007139037647362,
    70.51745442318348,
    "f"
  ],
  [
    6.510228205562024,
    0.6398857528319515,
    69.81354230006183,
    "f"
  ],
  [
    6.618029926291259,
    0.6802807274619544,
    69.10117648430501,
    "f"
  ],
  [
    6.725004764573575,
    0.7218991464791755,
    68.38007472099052,
    "f"
  ],
  [
    6.831127988637313,
    0.7647413287080496,
    67.649954758595,
    "f"
  ],
  [
    6.936374866710812,
    0.8088075929730119,
    66.91053478661262,
    "f"
  ],
  [
    7.040720667022407,
    0.854098258098495,
    66.16153392747633,
    "f"
  ],
  [
    7.144140657800435,
    0.9006136429089318,
    65.40267278625082,
    "f"
  ],
  [
    7.246610107273238,
    0.9483540662287568,
    64.63367406157936,
    "f"
  ],
  [
    7.3481042836691515,
    0.9973198468824034,
    63.85426322133951,
    "f"
  ],
  [
    7.4485984552165085,
    1.047511303694305,
    63.0641692463867,
    "f"
  ],
  [
    7.548067890143653,
    1.0989287554888976,
    62.263125445629996,
    "f"
  ],
  [
    7.646487856678923,
    1.1515725210906114,
    61.45087034548696,
    "f"
  ],
  [
    7.7438336230506515,
    1.2054429193238811,
    60.62714865648432,
    "f"
  ],
  [
    7.840080457487177,
    1.2605402690131404,
    59.79171231941335,
    "f"
  ],
  [
    7.9352036282168426,
    1.3168648889828236,
    58.94432163298545,
    "f"
  ],
  [
    8.029178403467977,
    1.3744170980573647,
    58.084746464369104,
    "f"
  ],
  [
    8.121980051468928,
    1.4331972150611958,
    57.212767543302945,
    "f"
  ],
  [
    8.213583840448026,
    1.4932055588187518,
    56.32817783966833,
    "f"
  ],
  [
    8.303965038633612,
    1.5544424481544659,
    55.430784023453256,
    "f"
  ],
  [
    8.39309891425402,
    1.6169082018927718,
    54.52040800494795,
    "f"
  ],
  [
    8.480960735537593,
    1.6806031388581024,
    53.59688855176471,
    "f"
  ],
  [
    8.567525770712665,
    1.7455275778748929,
    52.660082977881686,
    "f"
  ],
  [
    8.652769288007574,
    1.811681837767575,
    51.709868898357556,
    "f"
  ],
  [
    8.736666555650661,
    1.8790662373605853,
    50.74614604166821,
    "f"
  ],
  [
    8.819192841870258,
    1.9476810954783543,
    49.76883810978143,
    "f"
  ],
  [
    8.900323414894707,
    2.017526730945316,
    48.77789467412731,
    "f"
  ],
  [
    8.980033542952345,
    2.0886034625859065,
    47.77329309356389,
    "f"
  ],
  [
    9.058298494271508,
    2.160911609224557,
    46.75504043830665,
    "f"
  ],
  [
    9.135093537080536,
    2.2344514896857017,
    45.723175401627145,
    "f"
  ],
  [
    9.210393939607766,
    2.3092234227937753,
    44.677770178971855,
    "f"
  ],
  [
    9.284174970081535,
    2.3852277273732114,
    43.61893229206237,
    "f"
  ],
  [
    9.356411896730181,
    2.4624647222484404,
    42.54680633357577,
    "f"
  ],
  [
    9.42707998778204,
    2.5409347262439,
    41.46157560623294,
    "f"
  ],
  [
    9.496154511465454,
    2.6206380581840234,
    40.36346362862332,
    "f"
  ],
  [
    9.563610736008757,
    2.701575036893242,
    39.25273547894153,
    "f"
  ],
  [
    9.629423929640286,
    2.7837459811959904,
    38.12969894708863,
    "f"
  ],
  [
    9.693569360588384,
    2.867151209916703,
    36.99470546537657,
    "f"
  ],
  [
    9.756022297081383,
    2.9517910418798126,
    35.848150788447015,
    "f"
  ],
  [
    9.816758007347623,
    3.0376657959097533,
    34.69047539404073,
    "f"
  ],
  [
    9.87575175961544,
    3.124775790830958,
    33.52216457798943,
    "f"
  ],
  [
    9.932978822113176,
    3.213121345467861,
    32.34374821928657,
    "f"
  ],
  [
    9.988414463069166,
    3.3027027786448966,
    31.155800194345602,
    "f"
  ],
  [
    10.042033950711748,
    3.3935204091864977,
    29.958937423570262,
    "f"
  ],
  [
    10.093812553269256,
    3.4855745559170974,
    28.75381853810734,
    "f"
  ],
  [
    10.143725538970033,
    3.5788655376611294,
    27.541142160064396,
    "f"
  ],
  [
    10.191748176042415,
    3.673393673243029,
    26.321644795464238,
    "f"
  ],
  [
    10.23785573271474,
    3.769159281487229,
    25.096098345649466,
    "f"
  ],
  [
    10.282023477215345,
    3.866162681218162,
    23.865307249591922,
    "f"
  ],
  [
    10.324226677772566,
    3.9644041912602614,
    22.630105276435813,
    "f"
  ],
  [
    10.364440602614742,
    4.0638841304379625,
    21.391351994412332,
    "f"
  ],
  [
    10.402640519970213,
    4.164602817575698,
    20.149928948808736,
    "f"
  ],
  [
    10.438801698067314,
    4.266560571497901,
    18.906735587747733,
    "f"
  ],
  [
    10.472899405134385,
    4.369757711029007,
    17.662684979942696,
    "f"
  ],
  [
    10.504908909399763,
    4.474194554993449,
    16.418699373146353,
    "f"
  ],
  [
    10.534805479091784,
    4.579871422215661,
    15.175705645558992,
    "f"
  ],
  [
    10.562564382438785,
    4.6867886315200735,
    13.934630704873086,
    "f"
  ],
  [
    10.588160887669106,
    4.794946501731124,
    12.69639689082004,
    "f"
  ],
  [
    10.611570263011087,
    4.9043453516732445,
    11.461917437013199,
    "f"
  ],
  [
    10.63276777669306,
    5.014985500170868,
    10.232092046541595,
    "f"
  ],
  [
    10.651728696943367,
    5.126867266048429,
    9.007802633222184,
    "f"
  ],
  [
    10.668428291990342,
    5.2399909681303605,
    7.789909276744652,
    "f"
  ],
  [
    10.682841830062326,
    5.354356925241099,
    6.579246435280538,
    "f"
  ],
  [
    10.694944579387656,
    5.469965456205074,
    5.3766194536337935,
    "f"
  ],
  [
    10.704711808194666,
    5.58681687984672,
    4.182801398868605,
    "f"
  ],
  [
    10.712118784711702,
    5.704911514990474,
    2.9985302487668832,
    "f"
  ],
  [
    10.717140777167096,
    5.824249680460766,
    1.8245064516381717,
    "f"
  ],
  [
    10.719753053789184,
    5.94483169508203,
    0.6613908691406323,
    "f"
  ],
  [
    10.719753053789184,
    5.94483169508203,
    0.6613908691406323,
    "f"
  ],
  [
    10.721127662029,
    6.0639076713968825,
    0.661390679496435,
    "f"
  ],
  [
    10.722453803396641,
    6.178785219748319,
    0.6613904798943508,
    "f"
  ],
  [
    10.72373247720907,
    6.289550905661365,
    0.6613902696695959,
    "f"
  ],
  [
    10.724964682783227,
    6.396291294661033,
    0.6613900481056021,
    "f"
  ],
  [
    10.726151419436075,
    6.499092952272349,
    0.6613898144297536,
    "f"
  ],
  [
    10.727293686484563,
    6.598042444020328,
    0.6613895678089534,
    "f"
  ],
  [
    10.728392483245635,
    6.693226335429986,
    0.6613893073445638,
    "f"
  ],
  [
    10.729448809036255,
    6.784731192026349,
    0.661389032067234,
    "f"
  ],
  [
    10.730463663173362,
    6.872643579334426,
    0.6613887409311587,
    "f"
  ],
  [
    10.73143804497392,
    6.957050062879246,
    0.6613884328086215,
    "f"
  ],
  [
    10.732372953754872,
    7.038037208185822,
    0.6613881064836846,
    "f"
  ],
  [
    10.733269388833177,
    7.115691580779171,
    0.6613877606458232,
    "f"
  ],
  [
    10.734128349525786,
    7.19009974618432,
    0.6613873938840698,
    "f"
  ],
  [
    10.734950835149645,
    7.2613482699262795,
    0.6613870046801935,
    "f"
  ],
  [
    10.735737845021712,
    7.329523717530073,
    0.6613865914032431,
    "f"
  ],
  [
    10.736490378458932,
    7.3947126545207125,
    0.6613861523038622,
    "f"
  ],
  [
    10.737209434778263,
    7.457001646423226,
    0.6613856855093445,
    "f"
  ],
  [
    10.737896013296655,
    7.516477258762627,
    0.661385189021189,
    "f"
  ],
  [
    10.738551113331065,
    7.5732260570639385,
    0.6613846607129972,
    "f"
  ],
  [
    10.73917573419844,
    7.627334606852176,
    0.6613840983324053,
    "f"
  ],
  [
    10.73977087521573,
    7.678889473652356,
    0.6613834995056891,
    "f"
  ],
  [
    10.74033753569989,
    7.727977222989503,
    0.6613828617483932,
    "f"
  ],
  [
    10.740876714967868,
    7.7746844203886285,
    0.661382182481475,
    "f"
  ],
  [
    10.741389412336623,
    7.81909763137476,
    0.6613814590567699,
    "f"
  ],
  [
    10.7418766271231,
    7.8613034214729085,
    0.6613806887928604,
    "f"
  ],
  [
    10.742339358644259,
    7.9013883562081,
    0.6613798690251542,
    "f"
  ],
  [
    10.742778606217046,
    7.939439001105348,
    0.6613789971727897,
    "f"
  ],
  [
    10.74319536915841,
    7.975541921689671,
    0.6613780708269701,
    "f"
  ],
  [
    10.743590646785307,
    8.00978368348609,
    0.6613770878649916,
    "f"
  ],
  [
    10.743965438414694,
    8.042250852019626,
    0.6613760465947394,
    "f"
  ],
  [
    10.744320743363515,
    8.073029992815293,
    0.6613749459335168,
    "f"
  ],
  [
    10.744657560948724,
    8.102207671398112,
    0.6613737856276884,
    "f"
  ],
  [
    10.744976890487276,
    8.129870453293105,
    0.6613725665130801,
    "f"
  ],
  [
    10.74527973129612,
    8.156104904025284,
    0.6613712908194884,
    "f"
  ],
  [
    10.745567082692208,
    8.180997589119674,
    0.6613699625138452,
    "f"
  ],
  [
    10.745839943992493,
    8.20463507410129,
    0.6613685876731097,
    "f"
  ],
  [
    10.746099314513929,
    8.227103924495154,
    0.6613671748699517,
    "f"
  ],
  [
    10.746346193573462,
    8.24849070582628,
    0.6613657355409259,
    "f"
  ],
  [
    10.746581580488046,
    8.26888198361969,
    0.6613642842989407,
    "f"
  ],
  [
    10.746806474574642,
    8.288364323400407,
    0.661362839135279,
    "f"
  ],
  [
    10.747021875150189,
    8.30702429069344,
    0.6613614214468839,
    "f"
  ],
  [
    10.747228781531645,
    8.324948451023813,
    0.6613600558220014,
    "f"
  ],
  [
    10.74742819303596,
    8.342223369916546,
    0.6613587695185856,
    "f"
  ],
  [
    10.747621108980093,
    8.358935612896662,
    0.6613575915917522,
    "f"
  ],
  [
    10.747808528680983,
    8.375171745489167,
    0.6613565516652216,
    "f"
  ],
  [
    10.74799145145559,
    8.391018333219089,
    0.6613556783892136,
    "f"
  ],
  [
    10.74817087662087,
    8.40656194161145,
    0.6613549976959803,
    "f"
  ],
  [
    10.748347803493767,
    8.421889136191261,
    0.6613545310190148,
    "f"
  ],
  [
    10.748523231391236,
    8.437086482483542,
    0.6613542936837575,
    "f"
  ],
  [
    10.748698159630232,
    8.452240546013316,
    0.6613542936836438,
    "f"
  ],
  [
    10.7488735875277,
    8.467437892305599,
    0.6613545310190148,
    "f"
  ],
  [
    10.749050514400597,
    8.482765086885408,
    0.661354997696094,
    "f"
  ],
  [
    10.749229939565875,
    8.498308695277768,
    0.6613556783892136,
    "f"
  ],
  [
    10.749412862340483,
    8.514155283007689,
    0.6613565516652216,
    "f"
  ],
  [
    10.749600282041378,
    8.5303914156002,
    0.6613575915917522,
    "f"
  ],
  [
    10.749793197985507,
    8.547103658580312,
    0.6613587695186993,
    "f"
  ],
  [
    10.749992609489825,
    8.564378577473045,
    0.6613600558220014,
    "f"
  ],
  [
    10.75019951587128,
    8.58230273780342,
    0.6613614214468271,
    "f"
  ],
  [
    10.750414916446827,
    8.600962705096455,
    0.6613628391352222,
    "f"
  ],
  [
    10.750639810533418,
    8.620445044877167,
    0.6613642842989407,
    "f"
  ],
  [
    10.750875197448005,
    8.640836322670578,
    0.6613657355409259,
    "f"
  ],
  [
    10.751122076507539,
    8.662223104001708,
    0.6613671748699517,
    "f"
  ],
  [
    10.751381447028974,
    8.684691954395571,
    0.6613685876731097,
    "f"
  ],
  [
    10.751654308329258,
    8.708329439377184,
    0.6613699625137315,
    "f"
  ],
  [
    10.751941659725347,
    8.733222124471576,
    0.6613712908194884,
    "f"
  ],
  [
    10.75224450053419,
    8.759456575203755,
    0.6613725665130801,
    "f"
  ],
  [
    10.752563830072743,
    8.787119357098748,
    0.6613737856277453,
    "f"
  ],
  [
    10.75290064765795,
    8.816297035681563,
    0.6613749459335736,
    "f"
  ],
  [
    10.753255952606773,
    8.847076176477234,
    0.6613760465946825,
    "f"
  ],
  [
    10.753630744236157,
    8.879543345010767,
    0.6613770878650485,
    "f"
  ],
  [
    10.754026021863057,
    8.913785106807188,
    0.6613780708269132,
    "f"
  ],
  [
    10.754442784804422,
    8.949888027391511,
    0.6613789971727897,
    "f"
  ],
  [
    10.754882032377209,
    8.98793867228876,
    0.6613798690251542,
    "f"
  ],
  [
    10.755344763898364,
    9.02802360702395,
    0.6613806887928604,
    "f"
  ],
  [
    10.755831978684846,
    9.0702293971221,
    0.6613814590567131,
    "f"
  ],
  [
    10.756344676053597,
    9.114642608108229,
    0.661382182481475,
    "f"
  ],
  [
    10.756883855321579,
    9.161349805507356,
    0.6613828617483364,
    "f"
  ],
  [
    10.757450515805738,
    9.210437554844502,
    0.6613834995056891,
    "f"
  ],
  [
    10.758045656823027,
    9.261992421644683,
    0.6613840983324053,
    "f"
  ],
  [
    10.758670277690403,
    9.316100971432922,
    0.661384660713054,
    "f"
  ],
  [
    10.759325377724808,
    9.372849769734229,
    0.661385189021189,
    "f"
  ],
  [
    10.7600119562432,
    9.43232538207363,
    0.6613856855093445,
    "f"
  ],
  [
    10.760731012562536,
    9.494614373976146,
    0.6613861523037485,
    "f"
  ],
  [
    10.761483545999758,
    9.559803310966789,
    0.6613865914032431,
    "f"
  ],
  [
    10.762270555871822,
    9.627978758570581,
    0.6613870046801935,
    "f"
  ],
  [
    10.763093041495683,
    9.69922728231254,
    0.6613873938840698,
    "f"
  ],
  [
    10.763952002188288,
    9.773635447717687,
    0.6613877606458232,
    "f"
  ],
  [
    10.764848437266593,
    9.851289820311038,
    0.6613881064836846,
    "f"
  ],
  [
    10.765783346047549,
    9.932276965617614,
    0.6613884328086215,
    "f"
  ],
  [
    10.766757727848104,
    10.016683449162434,
    0.6613887409312156,
    "f"
  ],
  [
    10.767772581985216,
    10.104595836470512,
    0.661389032067234,
    "f"
  ],
  [
    10.76882890777583,
    10.196100693066873,
    0.6613893073445638,
    "f"
  ],
  [
    10.769927704536906,
    10.291284584476532,
    0.6613895678089534,
    "f"
  ],
  [
    10.771069971585392,
    10.39023407622451,
    0.6613898144297536,
    "f"
  ],
  [
    10.772256708238238,
    10.493035733835825,
    0.6613900481056021,
    "f"
  ],
  [
    10.773488913812399,
    10.599776122835497,
    0.6613902696696528,
    "f"
  ],
  [
    10.774767587624826,
    10.710541808748541,
    0.6613904798944077,
    "f"
  ],
  [
    10.776093728992471,
    10.82541935709998,
    0.661390679496435,
    "f"
  ],
  [
    10.777468337232282,
    10.944495333414828,
    0.6613908691406323,
    "f"
  ],
  [
    10.777468337232282,
    10.944495333414828,
    0.6613908691406323,
    "f"
  ],
  [
    10.77884294524761,
    11.063571309546177,
    0.6613904624010161,
    "f"
  ],
  [
    10.780169085947874,
    11.17844885735208,
    0.6613900343042474,
    "f"
  ],
  [
    10.781447758659166,
    11.289214542365029,
    0.6613895834243522,
    "f"
  ],
  [
    10.782679962707565,
    11.395954930117501,
    0.6613891082245686,
    "f"
  ],
  [
    10.783866697419157,
    11.498756586141983,
    0.661388607047968,
    "f"
  ],
  [
    10.785008962120026,
    11.597706075970958,
    0.6613880781076773,
    "f"
  ],
  [
    10.78610775613625,
    11.692889965136903,
    0.6613875194763068,
    "f"
  ],
  [
    10.787164078793923,
    11.784394819172315,
    0.6613869290746948,
    "f"
  ],
  [
    10.788178929419114,
    11.872307203609655,
    0.6613863046602546,
    "f"
  ],
  [
    10.789153307337925,
    11.956713683981432,
    0.6613856438139578,
    "f"
  ],
  [
    10.790088211876421,
    12.03770082582011,
    0.661384943927942,
    "f"
  ],
  [
    10.790984642360701,
    12.115355194658184,
    0.661384202191698,
    "f"
  ],
  [
    10.791843598116843,
    12.189763356028136,
    0.6613834155787686,
    "f"
  ],
  [
    10.792666078470926,
    12.26101187546244,
    0.6613825808331626,
    "f"
  ],
  [
    10.793453082749041,
    12.32918731849359,
    0.6613816944567361,
    "f"
  ],
  [
    10.794205610277267,
    12.394376250654059,
    0.6613807526973687,
    "f"
  ],
  [
    10.79492466038169,
    12.456665237476344,
    0.6613797515391298,
    "f"
  ],
  [
    10.79561123238839,
    12.516140844492913,
    0.6613786866952296,
    "f"
  ],
  [
    10.79626632562346,
    12.572889637236264,
    0.6613775536053481,
    "f"
  ],
  [
    10.796890939412975,
    12.626998181238871,
    0.6613763474384768,
    "f"
  ],
  [
    10.79748607308302,
    12.67855304203322,
    0.6613750631037192,
    "f"
  ],
  [
    10.798052725959682,
    12.727640785151795,
    0.6613736952724025,
    "f"
  ],
  [
    10.798591897369036,
    12.774347976127073,
    0.661372238413378,
    "f"
  ],
  [
    10.799104586637178,
    12.818761180491547,
    0.6613706868466807,
    "f"
  ],
  [
    10.799591793090183,
    12.860966963777694,
    0.6613690348216892,
    "f"
  ],
  [
    10.800054516054136,
    12.901051891518001,
    0.661367276623082,
    "f"
  ],
  [
    10.800493754855129,
    12.93910252924495,
    0.6613654067156176,
    "f"
  ],
  [
    10.800910508819234,
    12.975205442491024,
    0.661363419933366,
    "f"
  ],
  [
    10.801305777272539,
    13.009447196788704,
    0.6613613117233967,
    "f"
  ],
  [
    10.801680559541136,
    13.041914357670484,
    0.6613590784563712,
    "f"
  ],
  [
    10.802035854951091,
    13.07269349066883,
    0.6613567178105768,
    "f"
  ],
  [
    10.8023726628285,
    13.101871161316234,
    0.6613542292415104,
    "f"
  ],
  [
    10.802691982499447,
    13.129533935145183,
    0.661351614542184,
    "f"
  ],
  [
    10.802994813290013,
    13.155768377688158,
    0.6613488784948345,
    "f"
  ],
  [
    10.803282154526277,
    13.180661054477637,
    0.6613460296073299,
    "f"
  ],
  [
    10.803555005534333,
    13.204298531046112,
    0.6613430809137526,
    "f"
  ],
  [
    10.80381436564026,
    13.226767372926064,
    0.6613400507997653,
    "f"
  ],
  [
    10.804061234170135,
    13.248154145649966,
    0.6613369637942696,
    "f"
  ],
  [
    10.804296610450049,
    13.268545414750314,
    0.6613338512383393,
    "f"
  ],
  [
    10.804521493806089,
    13.288027745759592,
    0.6613307517186513,
    "f"
  ],
  [
    10.804736883564331,
    13.306687704210274,
    0.6613277111266029,
    "f"
  ],
  [
    10.804943779050856,
    13.324611855634844,
    0.6613247821978803,
    "f"
  ],
  [
    10.805143179591763,
    13.341886765565794,
    0.6613220233937795,
    "f"
  ],
  [
    10.805336084513124,
    13.358598999535607,
    0.6613194970307745,
    "f"
  ],
  [
    10.805523493141017,
    13.37483512307675,
    0.6613172666444598,
    "f"
  ],
  [
    10.80570640480154,
    13.390681701721725,
    0.6613153936821732,
    "f"
  ],
  [
    10.805885818820771,
    13.406225301003008,
    0.6613139337627558,
    "f"
  ],
  [
    10.80606273452479,
    13.421552486453082,
    0.6613129328554237,
    "f"
  ],
  [
    10.806238151239683,
    13.43674982360443,
    0.6613124238294859,
    "f"
  ],
  [
    10.806413068291539,
    13.451903877989539,
    0.6613124238294859,
    "f"
  ],
  [
    10.806588485006431,
    13.467101215140886,
    0.6613129328554805,
    "f"
  ],
  [
    10.80676540071045,
    13.48242840059096,
    0.661313933762699,
    "f"
  ],
  [
    10.806944814729679,
    13.497971999872242,
    0.66131539368223,
    "f"
  ],
  [
    10.807127726390199,
    13.513818578517213,
    0.6613172666442892,
    "f"
  ],
  [
    10.8073151350181,
    13.530054702058365,
    0.6613194970308314,
    "f"
  ],
  [
    10.807508039939457,
    13.54676693602817,
    0.6613220233936659,
    "f"
  ],
  [
    10.80770744048036,
    13.56404184595912,
    0.6613247821978803,
    "f"
  ],
  [
    10.80791433596689,
    13.581965997383692,
    0.6613277111266029,
    "f"
  ],
  [
    10.80812972572513,
    13.600625955834374,
    0.6613307517185945,
    "f"
  ],
  [
    10.808354609081169,
    13.62010828684365,
    0.6613338512383962,
    "f"
  ],
  [
    10.808589985361085,
    13.640499555943999,
    0.661336963794156,
    "f"
  ],
  [
    10.808836853890963,
    13.661886328667904,
    0.6613400507997653,
    "f"
  ],
  [
    10.80909621399689,
    13.684355170547855,
    0.6613430809138663,
    "f"
  ],
  [
    10.80936906500494,
    13.707992647116326,
    0.6613460296073299,
    "f"
  ],
  [
    10.80965640624121,
    13.732885323905808,
    0.6613488784947776,
    "f"
  ],
  [
    10.809959237031775,
    13.759119766448784,
    0.6613516145421272,
    "f"
  ],
  [
    10.81027855670272,
    13.786782540277734,
    0.6613542292413399,
    "f"
  ],
  [
    10.810615364580126,
    13.815960210925137,
    0.6613567178104631,
    "f"
  ],
  [
    10.810970659990089,
    13.846739343923486,
    0.6613590784563144,
    "f"
  ],
  [
    10.81134544225868,
    13.87920650480526,
    0.6613613117233399,
    "f"
  ],
  [
    10.811740710711987,
    13.913448259102942,
    0.6613634199333092,
    "f"
  ],
  [
    10.81215746467609,
    13.949551172349015,
    0.6613654067156176,
    "f"
  ],
  [
    10.812596703477082,
    13.987601810075965,
    0.6613672766229683,
    "f"
  ],
  [
    10.813059426441038,
    14.027686737816271,
    0.6613690348216323,
    "f"
  ],
  [
    10.813546632894043,
    14.069892521102421,
    0.6613706868466807,
    "f"
  ],
  [
    10.814059322162183,
    14.114305725466894,
    0.661372238413378,
    "f"
  ],
  [
    10.814598493571545,
    14.161012916442177,
    0.6613736952724025,
    "f"
  ],
  [
    10.815165146448201,
    14.210100659560748,
    0.6613750631036623,
    "f"
  ],
  [
    10.815760280118248,
    14.261655520355097,
    0.66137634743842,
    "f"
  ],
  [
    10.816384893907761,
    14.315764064357705,
    0.6613775536053481,
    "f"
  ],
  [
    10.817039987142824,
    14.37251285710105,
    0.6613786866952296,
    "f"
  ],
  [
    10.817726559149529,
    14.431988464117625,
    0.6613797515390729,
    "f"
  ],
  [
    10.818445609253953,
    14.494277450939908,
    0.6613807526973687,
    "f"
  ],
  [
    10.819198136782179,
    14.559466383100379,
    0.6613816944566793,
    "f"
  ],
  [
    10.819985141060293,
    14.62764182613153,
    0.6613825808331057,
    "f"
  ],
  [
    10.82080762141438,
    14.698890345565834,
    0.6613834155787117,
    "f"
  ],
  [
    10.82166657717052,
    14.773298506935783,
    0.6613842021916412,
    "f"
  ],
  [
    10.822563007654798,
    14.850952875773856,
    0.6613849439278852,
    "f"
  ],
  [
    10.823497912193297,
    14.931940017612538,
    0.661385643813901,
    "f"
  ],
  [
    10.824472290112107,
    15.01634649798431,
    0.6613863046602546,
    "f"
  ],
  [
    10.825487140737298,
    15.104258882421655,
    0.6613869290746948,
    "f"
  ],
  [
    10.82654346339497,
    15.195763736457065,
    0.66138751947625,
    "f"
  ],
  [
    10.827642257411195,
    15.290947625623012,
    0.6613880781076205,
    "f"
  ],
  [
    10.828784522112063,
    15.389897115451985,
    0.661388607047968,
    "f"
  ],
  [
    10.82997125682365,
    15.492698771476462,
    0.6613891082245118,
    "f"
  ],
  [
    10.831203460872052,
    15.599439159228936,
    0.6613895834243522,
    "f"
  ],
  [
    10.832482133583346,
    15.710204844241886,
    0.6613900343041905,
    "f"
  ],
  [
    10.833808274283609,
    15.82508239204779,
    0.6613904624010161,
    "f"
  ],
  [
    10.835182882298936,
    15.944158368179139,
    0.6613908691406323,
    "f"
  ]
]