[
  [
    0.0,
    0.0,
    81.564,
    "f"
  ],
  [
    0.08035576908813588,
    0.012367538180568481,
    80.94395260732384,
    "f"
  ],
  [
    0.16207964964643687,
    0.02582897602187402,
    80.35558046169277,
    "f"
  ],
  [
    0.2451530964932112,
    0.04036794982691323,
    79.7968755357588,
    "f"
  ],
  [
    0.3295575644467674,
    0.05596809589868275,
    79.26598671483399,
    "f"
  ],
  [
    0.4152745083254139,
    0.07261305054017925,
    78.76120640822509,
    "f"
  ],
  [
    0.5022853829474588,
    0.09028645005439924,
    78.2809582880129,
    "f"
  ],
  [
    0.590571643131211,
    0.10897193074433947,
    77.82378608594749,
    "f"
  ],
  [
    0.6801147436949784,
    0.12865312891299646,
    77.3883433746131,
    "f"
  ],
  [
    0.7708961394570695,
    0.14931368086336697,
    76.97338425797011,
    "f"
  ],
  [
    0.8628972852357931,
    0.17093722289844757,
    76.57775489768835,
    "f"
  ],
  [
    0.9560996358494569,
    0.1935073913212348,
    76.20038580453456,
    "f"
  ],
  [
    1.0504846461163697,
    0.2170078224347253,
    75.84028482787073,
    "f"
  ],
  [
    1.1460337708548403,
    0.2414221525419159,
    75.49653078065035,
    "f"
  ],
  [
    1.242728464883176,
    0.266734017945803,
    75.16826764185907,
    "f"
  ],
  [
    1.340550183019686,
    0.29292705494938326,
    74.85469928293992,
    "f"
  ],
  [
    1.4394803800826788,
    0.3199848998556535,
    74.55508466923061,
    "f"
  ],
  [
    1.5395005108904622,
    0.34789118896761007,
    74.26873349173775,
    "f"
  ],
  [
    1.6405920302613446,
    0.37662955858824965,
    73.99500218861385,
    "f"
  ],
  [
    1.7427363930136353,
    0.40618364502056914,
    73.7332903194839,
    "f"
  ],
  [
    1.8459150539656417,
    0.4365370845675649,
    73.48303725924552,
    "f"
  ],
  [
    1.9501094679356723,
    0.4676735135322335,
    73.24371918117424,
    "f"
  ],
  [
    2.055301089742037,
    0.499576568217572,
    73.01484630208222,
    "f"
  ],
  [
    2.161471374203042,
    0.5322298849265766,
    72.79596036493922,
    "f"
  ],
  [
    2.268601776136996,
    0.5656170999622439,
    72.58663233677578,
    "f"
  ],
  [
    2.376673750362208,
    0.5997218496275707,
    72.38646030186487,
    "f"
  ],
  [
    2.4856687516969878,
    0.6345277702255538,
    72.19506753215012,
    "f"
  ],
  [
    2.5955682349596416,
    0.6700184980591894,
    72.01210071865955,
    "f"
  ],
  [
    2.7063536549684786,
    0.7061776694314744,
    71.83722834924254,
    "f"
  ],
  [
    2.8180064665418065,
    0.7429889206454054,
    71.6701392194027,
    "f"
  ],
  [
    2.9305081244979356,
    0.7804358880039792,
    71.51054106429456,
    "f"
  ],
  [
    3.0438400836551724,
    0.818502207810192,
    71.35815930111028,
    "f"
  ],
  [
    3.1579837988318253,
    0.8571715163670408,
    71.21273587212738,
    "f"
  ],
  [
    3.2729207248462044,
    0.896427449977522,
    71.0740281796293,
    "f"
  ],
  [
    3.388632316516617,
    0.9362536449446325,
    70.94180810474847,
    "f"
  ],
  [
    3.5051000286613703,
    0.9766337375713684,
    70.8158611030467,
    "f"
  ],
  [
    3.622305316098775,
    1.017551364160727,
    70.69598537032334,
    "f"
  ],
  [
    3.740229633647138,
    1.0589901610157046,
    70.5819910727597,
    "f"
  ],
  [
    3.8588544361247683,
    1.1009337644392978,
    70.47369963606036,
    "f"
  ],
  [
    3.9781611783499753,
    1.1433658107345033,
    70.37094308874555,
    "f"
  ],
  [
    4.098131315141063,
    1.1862699362043174,
    70.27356345520445,
    "f"
  ],
  [
    4.218746301316345,
    1.2296297771517368,
    70.18141219451718,
    "f"
  ],
  [
    4.339987591694126,
    1.273428969879759,
    70.09434968142273,
    "f"
  ],
  [
    4.4618366410927175,
    1.3176511506913795,
    70.01224472613865,
    "f"
  ],
  [
    4.584274904330428,
    1.362279955889596,
    69.93497413003558,
    "f"
  ],
  [
    4.707283836225563,
    1.4072990217774042,
    69.86242227444257,
    "f"
  ],
  [
    4.8308448915964295,
    1.4526919846578004,
    69.79448074010043,
    "f"
  ],
  [
    4.9549395252613415,
    1.4984424808337826,
    69.73104795500342,
    "f"
  ],
  [
    5.079549192038604,
    1.5445341466083466,
    69.67202886857183,
    "f"
  ],
  [
    5.2046553467465255,
    1.5909506182844888,
    69.61733465027771,
    "f"
  ],
  [
    5.330239444203417,
    1.637675532165207,
    69.56688241101585,
    "f"
  ],
  [
    5.456282939227579,
    1.6846925245534956,
    69.52059494566106,
    "f"
  ],
  [
    5.582767286637331,
    1.7319852317523536,
    69.47840049539093,
    "f"
  ],
  [
    5.709673941250973,
    1.7795372900647761,
    69.44023252847978,
    "f"
  ],
  [
    5.836984357886818,
    1.8273323357937612,
    69.40602953838561,
    "f"
  ],
  [
    5.96467999136317,
    1.8753540052423032,
    69.37573485805501,
    "f"
  ],
  [
    6.092742296498343,
    1.9235859347134014,
    69.34929648946911,
    "f"
  ],
  [
    6.221152728110641,
    1.9720117605100507,
    69.32666694754334,
    "f"
  ],
  [
    6.349892741018374,
    2.020615118935248,
    69.30780311757337,
    "f"
  ],
  [
    6.478943790039851,
    2.0693796462919902,
    69.29266612549702,
    "f"
  ],
  [
    6.608287329993378,
    2.1182889788832733,
    69.28122122031118,
    "f"
  ],
  [
    6.7379048156972665,
    2.1673267530120954,
    69.27343766804586,
    "f"
  ],
  [
    6.867777701969824,
    2.2164766049814517,
    69.26928865676132,
    "f"
  ],
  [
    6.9978874436293586,
    2.26572217109434,
    69.26875121208559,
    "f"
  ],
  [
    7.128215495494175,
    2.315047087653755,
    69.27180612286645,
    "f"
  ],
  [
    7.258743312382589,
    2.3644349909626956,
    69.27843787655684,
    "f"
  ],
  [
    7.389452349112901,
    2.413869517324156,
    69.28863460400464,
    "f"
  ],
  [
    7.520324060503427,
    2.463334303041136,
    69.30238803335419,
    "f"
  ],
  [
    7.651339901372469,
    2.5128129844166294,
    69.31969345281561,
    "f"
  ],
  [
    7.782481326538339,
    2.5622891977536337,
    69.34054968209432,
    "f"
  ],
  [
    7.913729790819346,
    2.611746579355146,
    69.36495905230936,
    "f"
  ],
  [
    8.045066749033795,
    2.661168765524163,
    69.3929273942714,
    "f"
  ],
  [
    8.176473655999997,
    2.71053939256368,
    69.42446403502174,
    "f"
  ],
  [
    8.307931966536259,
    2.7598420967766955,
    69.45958180257014,
    "f"
  ],
  [
    8.439423135460894,
    2.8090605144662053,
    69.49829703880584,
    "f"
  ],
  [
    8.5709286175922,
    2.8581782819352046,
    69.54062962058492,
    "f"
  ],
  [
    8.702429867748496,
    2.9071790354866933,
    69.58660298903567,
    "f"
  ],
  [
    8.833908340748087,
    2.9560464114236646,
    69.63624418715324,
    "f"
  ],
  [
    8.96534549140928,
    3.004764046049117,
    69.6895839057911,
    "f"
  ],
  [
    9.096722774550383,
    3.0533155756660473,
    69.74665653818818,
    "f"
  ],
  [
    9.228021644989703,
    3.101684636577451,
    69.80750024320866,
    "f"
  ],
  [
    9.359223557545553,
    3.1498548650863247,
    69.87215701750267,
    "f"
  ],
  [
    9.49030996703624,
    3.1978098974956666,
    69.94067277683564,
    "f"
  ],
  [
    9.621262328280071,
    3.245533370108472,
    70.01309744687012,
    "f"
  ],
  [
    9.752062096095356,
    3.293008919227738,
    70.08948506372269,
    "f"
  ],
  [
    9.8826907253004,
    3.340220181156461,
    70.16989388465959,
    "f"
  ],
  [
    10.013129670713514,
    3.3871507921976374,
    70.25438650933734,
    "f"
  ],
  [
    10.14336038715301,
    3.4337843886542645,
    70.34303001203864,
    "f"
  ],
  [
    10.273364329437191,
    3.4801046068293395,
    70.43589608539946,
    "f"
  ],
  [
    10.403122952384365,
    3.526095083025857,
    70.53306119617696,
    "f"
  ],
  [
    10.532617710812843,
    3.571739453546815,
    70.63460675365377,
    "f"
  ],
  [
    10.661830059540932,
    3.6170213546952095,
    70.7406192913362,
    "f"
  ],
  [
    10.790741453386945,
    3.661924422774038,
    70.85119066265884,
    "f"
  ],
  [
    10.919333347169182,
    3.706432294086296,
    70.96641825147174,
    "f"
  ],
  [
    11.047587195705956,
    3.7505286049349813,
    71.08640519815606,
    "f"
  ],
  [
    11.175484453815574,
    3.7941969916230893,
    71.21126064228065,
    "f"
  ],
  [
    11.303006576316351,
    3.837421090453619,
    71.34109998279439,
    "f"
  ],
  [
    11.430135018026588,
    3.8801845377295643,
    71.47604515682679,
    "f"
  ],
  [
    11.556851233764593,
    3.9224709697539213,
    71.6162249382595,
    "f"
  ],
  [
    11.68313667834868,
    3.96426402282969,
    71.76177525732373,
    "f"
  ],
  [
    11.808972806597152,
    4.005547333259865,
    71.91283954258097,
    "f"
  ],
  [
    11.934341073328321,
    4.046304537347442,
    72.06956908675102,
    "f"
  ],
  [
    12.059222933360491,
    4.086519271395421,
    72.23212343796786,
    "f"
  ],
  [
    12.183599841511976,
    4.1261751717067945,
    72.40067081816551,
    "f"
  ],
  [
    12.307453252601082,
    4.165255874584561,
    72.57538857043357,
    "f"
  ],
  [
    12.430764621446116,
    4.203745016331719,
    72.75646363731653,
    "f"
  ],
  [
    12.553515402865388,
    4.241626233251261,
    72.94409307218962,
    "f"
  ],
  [
    12.675687051677208,
    4.2788831616461875,
    73.13848458600069,
    "f"
  ],
  [
    12.79726102269988,
    4.315499437819493,
    73.33985713184211,
    "f"
  ],
  [
    12.91821877075171,
    4.351458698074174,
    73.54844152999863,
    "f"
  ],
  [
    13.038541750651017,
    4.386744578713228,
    73.76448113631261,
    "f"
  ],
  [
    13.158211417216107,
    4.421340716039653,
    73.98823255691264,
    "f"
  ],
  [
    13.27720922526528,
    4.455230746356442,
    74.21996641256794,
    "f"
  ],
  [
    13.39551662961685,
    4.488398305966594,
    74.45996815615956,
    "f"
  ],
  [
    13.513115085089126,
    4.5208270311731065,
    74.7085389469953,
    "f"
  ],
  [
    13.62998604650041,
    4.5525005582789735,
    74.96599658594312,
    "f"
  ],
  [
    13.74611096866902,
    4.5834025235871945,
    75.23267651561002,
    "f"
  ],
  [
    13.861471306413257,
    4.613516563400763,
    75.50893289005455,
    "f"
  ],
  [
    13.976048514551435,
    4.642826314022678,
    75.79513971877736,
    "f"
  ],
  [
    14.089824047901857,
    4.671315411755935,
    76.09169208999754,
    "f"
  ],
  [
    14.202779361282838,
    4.698967492903532,
    76.39900747846787,
    "f"
  ],
  [
    14.314895909512678,
    4.7257661937684645,
    76.7175271433183,
    "f"
  ],
  [
    14.426155147409693,
    4.751695150653729,
    77.04771762162727,
    "f"
  ],
  [
    14.536538529792189,
    4.7767379998623225,
    77.39007232359006,
    "f"
  ],
  [
    14.646027511478474,
    4.800878377697243,
    77.74511323527793,
    "f"
  ],
  [
    14.754603547286852,
    4.824099920461483,
    78.11339273502651,
    "f"
  ],
  [
    14.862248092035635,
    4.846386264458044,
    78.49549552945055,
    "f"
  ],
  [
    14.968942600543134,
    4.867721045989919,
    78.89204071490545,
    "f"
  ],
  [
    15.07466852762765,
    4.888087901360106,
    79.30368396988914,
    "f"
  ],
  [
    15.179407328107503,
    4.907470466871603,
    79.73111988333116,
    "f"
  ],
  [
    15.283140456800995,
    4.925852378827404,
    80.17508442291407,
    "f"
  ],
  [
    15.38584936852643,
    4.943217273530507,
    80.63635754643136,
    "f"
  ],
  [
    15.487515518102123,
    4.95954878728391,
    81.11576595762969,
    "f"
  ],
  [
    15.588120360346378,
    4.974830556390607,
    81.61418600590403,
    "f"
  ],
  [
    15.68764535007751,
    4.989046217153596,
    82.13254672648932,
    "f"
  ],
  [
    15.786071942113818,
    5.002179405875874,
    82.671833014268,
    "f"
  ],
  [
    15.883381591273617,
    5.014213758860436,
    83.2330889198104,
    "f"
  ],
  [
    15.97955575237522,
    5.025132912410282,
    83.81742105056375,
    "f"
  ],
  [
    16.074575880236917,
    5.034920502828403,
    84.42600205294636,
    "f"
  ],
  [
    16.168423429677038,
    5.043560166417802,
    85.06007414218735,
    "f"
  ],
  [
    16.261079855513877,
    5.051035539481471,
    85.72095263571063,
    "f"
  ],
  [
    16.352526612565747,
    5.057330258322408,
    86.41002943229208,
    "f"
  ],
  [
    16.44274515565096,
    5.06242795924361,
    87.12877636264224,
    "f"
  ],
  [
    16.531716939587813,
    5.066312278548073,
    87.87874831695032,
    "f"
  ],
  [
    16.61942341919463,
    5.068966852538796,
    88.66158603069309,
    "f"
  ],
  [
    16.70584604928971,
    5.0703753175187725,
    89.47901838102834,
    "f"
  ],
  [
    16.790966284691365,
    5.070521309790999,
    90.33286401172731,
    "f"
  ],
  [
    16.874765580217904,
    5.069388465658476,
    91.22503206423906,
    "f"
  ],
  [
    16.957225390687626,
    5.066960421424197,
    92.15752174559819,
    "f"
  ],
  [
    17.038327170918844,
    5.063220813391158,
    93.13242041015624,
    "f"
  ],
  [
    17.038327170918844,
    5.063220813391158,
    93.13242041015624,
    "r"
  ],
  [
    16.958195209775322,
    5.067876744261347,
    93.51954816430717,
    "r"
  ],
  [
    16.878632493114235,
    5.073042847875741,
    93.91190673127474,
    "r"
  ],
  [
    16.799639020935576,
    5.07871912423434,
    94.30956529613829,
    "r"
  ],
  [
    16.721214793239362,
    5.084905573337146,
    94.71259288295627,
    "r"
  ],
  [
    16.643359810025576,
    5.091602195184157,
    95.12105826663029,
    "r"
  ],
  [
    16.566074071294228,
    5.098808989775375,
    95.53502987914229,
    "r"
  ],
  [
    16.48935757704532,
    5.106525957110797,
    95.95457570996805,
    "r"
  ],
  [
    16.41321032727884,
    5.114753097190427,
    96.37976320047918,
    "r"
  ],
  [
    16.337632321994796,
    5.12349041001426,
    96.81065913214965,
    "r"
  ],
  [
    16.262623561193188,
    5.1327378955822995,
    97.2473295083935,
    "r"
  ],
  [
    16.188184044874017,
    5.142495553894545,
    97.68983942987026,
    "r"
  ],
  [
    16.114313773037278,
    5.152763384950997,
    98.1382529631073,
    "r"
  ],
  [
    16.041012745682973,
    5.1635413887516535,
    98.59263300230461,
    "r"
  ],
  [
    15.968280962811107,
    5.174829565296518,
    99.05304112420308,
    "r"
  ],
  [
    15.896118424421672,
    5.186627914585586,
    99.51953743592074,
    "r"
  ],
  [
    15.824525130514678,
    5.198936436618861,
    99.99218041568204,
    "r"
  ],
  [
    15.753501081090112,
    5.21175513139634,
    100.47102674639248,
    "r"
  ],
  [
    15.683046276147989,
    5.225083998918026,
    100.95613114204153,
    "r"
  ],
  [
    15.613160715688293,
    5.238923039183918,
    101.44754616694811,
    "r"
  ],
  [
    15.543844399711036,
    5.253272252194015,
    101.94532204790065,
    "r"
  ],
  [
    15.475097328216213,
    5.2681316379483185,
    102.44950647928246,
    "r"
  ],
  [
    15.406919501203827,
    5.283501196446827,
    102.96014442131937,
    "r"
  ],
  [
    15.339310918673874,
    5.299380927689542,
    103.47727789163142,
    "r"
  ],
  [
    15.27227158062636,
    5.3157708316764625,
    104.00094575032492,
    "r"
  ],
  [
    15.20580148706128,
    5.332670908407589,
    104.53118347891419,
    "r"
  ],
  [
    15.139900637978629,
    5.35008115788292,
    105.06802295342371,
    "r"
  ],
  [
    15.074569033378419,
    5.368001580102458,
    105.61149221208385,
    "r"
  ],
  [
    15.009806673260641,
    5.386432175066202,
    106.16161521809997,
    "r"
  ],
  [
    14.945613557625299,
    5.40537294277415,
    106.71841161804517,
    "r"
  ],
  [
    14.881989686472393,
    5.424823883226305,
    107.28189649650145,
    "r"
  ],
  [
    14.818935059801923,
    5.4447849964226664,
    107.85208012764949,
    "r"
  ],
  [
    14.756449677613887,
    5.4652562823632325,
    108.42896772458633,
    "r"
  ],
  [
    14.694533539908287,
    5.486237741048004,
    109.01255918723152,
    "r"
  ],
  [
    14.633186646685118,
    5.507729372476982,
    109.6028488497648,
    "r"
  ],
  [
    14.57240899794439,
    5.529731176650166,
    110.1998252286206,
    "r"
  ],
  [
    14.512200593686092,
    5.552243153567555,
    110.80347077214824,
    "r"
  ],
  [
    14.452561433910233,
    5.57526530322915,
    111.41376161312886,
    "r"
  ],
  [
    14.393491518616806,
    5.598797625634951,
    112.03066732542007,
    "r"
  ],
  [
    14.334990847805814,
    5.622840120784959,
    112.65415068607646,
    "r"
  ],
  [
    14.277059421477258,
    5.64739278867917,
    113.28416744436808,
    "r"
  ],
  [
    14.219697239631142,
    5.672455629317589,
    113.92066609918655,
    "r"
  ],
  [
    14.162904302267451,
    5.698028642700212,
    114.56358768638941,
    "r"
  ],
  [
    14.106680609386203,
    5.724111828827041,
    115.2128655776896,
    "r"
  ],
  [
    14.051026160987387,
    5.7507051876980775,
    115.86842529273767,
    "r"
  ],
  [
    13.995940957071006,
    5.777808719313317,
    116.53018432608226,
    "r"
  ],
  [
    13.941424997637062,
    5.805422423672764,
    117.19805199071348,
    "r"
  ],
  [
    13.887478282685553,
    5.833546300776416,
    117.87192927990438,
    "r"
  ],
  [
    13.834100812216477,
    5.862180350624275,
    118.55170874905915,
    "r"
  ],
  [
    13.781292586229839,
    5.891324573216338,
    119.2372744192555,
    "r"
  ],
  [
    13.729053604725632,
    5.920978968552609,
    119.92850170412973,
    "r"
  ],
  [
    13.677383867703863,
    5.951143536633085,
    120.62525736169593,
    "r"
  ],
  [
    13.62628337516453,
    5.981818277457767,
    121.3273994726184,
    "r"
  ],
  [
    13.575752127107627,
    6.013003191026653,
    122.03477744635805,
    "r"
  ],
  [
    13.525790123533161,
    6.044698277339744,
    122.74723205650267,
    "r"
  ],
  [
    13.476397364441134,
    6.076903536397044,
    123.46459550645616,
    "r"
  ],
  [
    13.427573849831541,
    6.109618968198548,
    124.18669152650901,
    "r"
  ],
  [
    13.379319579704381,
    6.1428445727442575,
    124.91333550313962,
    "r"
  ],
  [
    13.331634554059656,
    6.176580350034173,
    125.64433464120773,
    "r"
  ],
  [
    13.28451877289737,
    6.2108263000682955,
    126.37948815949207,
    "r"
  ],
  [
    13.237972236217514,
    6.245582422846622,
    127.11858751980483,
    "r"
  ],
  [
    13.191994944020092,
    6.280848718369154,
    127.86141668967716,
    "r"
  ],
  [
    13.14658689630511,
    6.3166251866358945,
    128.60775243836625,
    "r"
  ],
  [
    13.10174809307256,
    6.352911827646839,
    129.35736466567656,
    "r"
  ],
  [
    13.057478534322447,
    6.389708641401988,
    130.1100167628288,
    "r"
  ],
  [
    13.01377822005477,
    6.427015627901344,
    130.86546600434454,
    "r"
  ],
  [
    12.970647150269524,
    6.464832787144906,
    131.62346396965367,
    "r"
  ],
  [
    12.928085324966718,
    6.503160119132673,
    132.38375699286846,
    "r"
  ],
  [
    12.886092744146342,
    6.541997623864646,
    133.14608663892076,
    "r"
  ],
  [
    12.844669407808405,
    6.581345301340825,
    133.91019020401356,
    "r"
  ],
  [
    12.803815315952901,
    6.621203151561209,
    134.67580123811425,
    "r"
  ],
  [
    12.763530468579834,
    6.6615711745257995,
    135.44265008700577,
    "r"
  ],
  [
    12.723814865689198,
    6.702449370234595,
    136.2104644512248,
    "r"
  ],
  [
    12.684668507281,
    6.743837738687597,
    136.9789699590509,
    "r"
  ],
  [
    12.64609139335524,
    6.785736279884807,
    137.74789075057177,
    "r"
  ],
  [
    12.608083523911914,
    6.82814499382622,
    138.51695006974072,
    "r"
  ],
  [
    12.570644898951015,
    6.871063880511836,
    139.28587086126166,
    "r"
  ],
  [
    12.53377551847256,
    6.9144929399416615,
    140.0543763690877,
    "r"
  ],
  [
    12.497475382476539,
    6.958432172115693,
    140.8221907333067,
    "r"
  ],
  [
    12.461744490962952,
    7.002881577033929,
    141.58903958219824,
    "r"
  ],
  [
    12.426582843931795,
    7.047841154696371,
    142.35465061629893,
    "r"
  ],
  [
    12.39199044138308,
    7.093310905103019,
    143.11875418139172,
    "r"
  ],
  [
    12.357967283316798,
    7.1392908282538725,
    143.88108382744403,
    "r"
  ],
  [
    12.324513369732948,
    7.185780924148931,
    144.64137685065876,
    "r"
  ],
  [
    12.291628700631541,
    7.232781192788199,
    145.39937481596795,
    "r"
  ],
  [
    12.25931327601256,
    7.280291634171666,
    146.15482405748375,
    "r"
  ],
  [
    12.227567095876022,
    7.328312248299346,
    146.90747615463593,
    "r"
  ],
  [
    12.19639016022191,
    7.376843035171225,
    147.65708838194624,
    "r"
  ],
  [
    12.16578246905024,
    7.4258839947873145,
    148.40342413063533,
    "r"
  ],
  [
    12.135744022361003,
    7.475435127147609,
    149.14625330050765,
    "r"
  ],
  [
    12.106274820154203,
    7.525496432252108,
    149.88535266082036,
    "r"
  ],
  [
    12.077374862429833,
    7.576067910100813,
    150.62050617910475,
    "r"
  ],
  [
    12.049044149187905,
    7.627149560693724,
    151.35150531717287,
    "r"
  ],
  [
    12.021282680428405,
    7.67874138403084,
    152.07814929380348,
    "r"
  ],
  [
    11.994090456151344,
    7.730843380112162,
    152.80024531385632,
    "r"
  ],
  [
    11.96746747635672,
    7.783455548937693,
    153.51760876380982,
    "r"
  ],
  [
    11.941413741044526,
    7.836577890507424,
    154.23006337395444,
    "r"
  ],
  [
    11.915929250214774,
    7.890210404821366,
    154.9374413476941,
    "r"
  ],
  [
    11.891014003867447,
    7.94435309187951,
    155.6395834586166,
    "r"
  ],
  [
    11.866668002002568,
    7.999005951681863,
    156.3363391161828,
    "r"
  ],
  [
    11.84289124462011,
    8.054168984228419,
    157.02756640105693,
    "r"
  ],
  [
    11.819683731720096,
    8.109842189519181,
    157.71313207125334,
    "r"
  ],
  [
    11.797045463302515,
    8.166025567554149,
    158.3929115404081,
    "r"
  ],
  [
    11.774976439367371,
    8.222719118333323,
    159.066788829599,
    "r"
  ],
  [
    11.75347665991466,
    8.279922841856704,
    159.73465649423017,
    "r"
  ],
  [
    11.732546124944383,
    8.33763673812429,
    160.39641552757476,
    "r"
  ],
  [
    11.712184834456544,
    8.395860807136081,
    161.0519752426229,
    "r"
  ],
  [
    11.692392788451137,
    8.454595048892077,
    161.70125313392307,
    "r"
  ],
  [
    11.673169986928169,
    8.513839463392282,
    162.34417472112594,
    "r"
  ],
  [
    11.65451642988763,
    8.573594050636688,
    162.98067337594435,
    "r"
  ],
  [
    11.636432117329536,
    8.633858810625306,
    163.61069013423602,
    "r"
  ],
  [
    11.618917049253866,
    8.694633743358121,
    164.23417349489242,
    "r"
  ],
  [
    11.601971225660636,
    8.75591884883515,
    164.85107920718363,
    "r"
  ],
  [
    11.585594646549843,
    8.81771412705638,
    165.46137004816424,
    "r"
  ],
  [
    11.569787311921484,
    8.88001957802182,
    166.06501559169183,
    "r"
  ],
  [
    11.554549221775558,
    8.942835201731462,
    166.6619919705477,
    "r"
  ],
  [
    11.539880376112068,
    9.00616099818531,
    167.25228163308097,
    "r"
  ],
  [
    11.525780774931011,
    9.069996967383364,
    167.83587309572616,
    "r"
  ],
  [
    11.512250418232394,
    9.134343109325624,
    168.412760692663,
    "r"
  ],
  [
    11.499289306016209,
    9.199199424012093,
    168.98294432381104,
    "r"
  ],
  [
    11.486897438282458,
    9.264565911442762,
    169.54642920226732,
    "r"
  ],
  [
    11.475074815031148,
    9.330442571617644,
    170.10322560221252,
    "r"
  ],
  [
    11.463821436262268,
    9.396829404536724,
    170.65334860822858,
    "r"
  ],
  [
    11.453137301975824,
    9.463726410200014,
    171.19681786688878,
    "r"
  ],
  [
    11.443022412171814,
    9.531133588607508,
    171.7336573413983,
    "r"
  ],
  [
    11.433476766850239,
    9.59905093975921,
    172.2638950699875,
    "r"
  ],
  [
    11.4245003660111,
    9.667478463655115,
    172.78756292868107,
    "r"
  ],
  [
    11.416093209654397,
    9.736416160295226,
    173.30469639899312,
    "r"
  ],
  [
    11.408255297780126,
    9.805864029679544,
    173.81533434103002,
    "r"
  ],
  [
    11.400986630388292,
    9.875822071808066,
    174.31951877241184,
    "r"
  ],
  [
    11.394287207478895,
    9.946290286680796,
    174.81729465336437,
    "r"
  ],
  [
    11.38815702905193,
    10.017268674297732,
    175.30870967827096,
    "r"
  ],
  [
    11.382596095107406,
    10.088757234658875,
    175.79381407392,
    "r"
  ],
  [
    11.377604405645311,
    10.16075596776422,
    176.27266040463044,
    "r"
  ],
  [
    11.37318196066565,
    10.233264873613773,
    176.74530338439175,
    "r"
  ],
  [
    11.369328760168429,
    10.30628395220753,
    177.21179969610947,
    "r"
  ],
  [
    11.36604480415364,
    10.379813203545496,
    177.67220781800788,
    "r"
  ],
  [
    11.36333009262129,
    10.453852627627663,
    178.12658785720512,
    "r"
  ],
  [
    11.361184625571369,
    10.528402224454037,
    178.57500139044228,
    "r"
  ],
  [
    11.359608403003886,
    10.603461994024618,
    179.01751131191898,
    "r"
  ],
  [
    11.358601424918838,
    10.679031936339406,
    179.4541816881629,
    "r"
  ],
  [
    11.358163691316225,
    10.755112051398397,
    179.8850776198333,
    "r"
  ],
  [
    11.358295202196047,
    10.831702339201595,
    180.31026511034443,
    "r"
  ],
  [
    11.358995957558307,
    10.908802799749003,
    180.7298109411702,
    "r"
  ],
  [
    11.360265957403001,
    10.98641343304061,
    181.14378255368214,
    "r"
  ],
  [
    11.36210520173013,
    11.064534239076426,
    181.55224793735627,
    "r"
  ],
  [
    11.364513690539688,
    11.143165217856447,
    181.9552755241742,
    "r"
  ],
  [
    11.367491423831687,
    11.222306369380675,
    182.3529340890378,
    "r"
  ],
  [
    11.371038401606121,
    11.301957693649108,
    182.74529265600532,
    "r"
  ],
  [
    11.375154623862986,
    11.382119190661744,
    183.13242041015624,
    "r"
  ]
]