[
  [
    0.0,
    0.0,
    3.77496337890625,
    "f"
  ],
  [
    0.0045763301843472805,
    0.0809645214705616,
    2.7041116208529274,
    "f"
  ],
  [
    0.007708608309822169,
    0.16311934582263482,
    1.6713068487344458,
    "f"
  ],
  [
    0.009408905326884372,
    0.24644288633579728,
    0.6748992937481262,
    "f"
  ],
  [
    0.009689292185993603,
    0.3309135562896267,
    359.71328135864024,
    "f"
  ],
  [
    0.008561839837609567,
    0.41650976896370073,
    358.784892917852,
    "f"
  ],
  [
    0.0060386192321919795,
    0.503209937637597,
    357.8882251425693,
    "f"
  ],
  [
    0.002131701320200543,
    0.5909924755908932,
    357.02182309050716,
    "f"
  ],
  [
    -0.0031468429479050274,
    0.679835796103167,
    356.18428727148216,
    "f"
  ],
  [
    -0.009784942621665032,
    0.7697183124539958,
    355.37427437256457,
    "f"
  ],
  [
    -0.017770526750619756,
    0.8606184379229579,
    354.5904973013785,
    "f"
  ],
  [
    -0.0270915243843095,
    0.9525145857896302,
    353.8317246832198,
    "f"
  ],
  [
    -0.03773586457227449,
    1.0453851693335907,
    353.09677992717087,
    "f"
  ],
  [
    -0.04969147636405512,
    1.1392086018344176,
    352.38453995828314,
    "f"
  ],
  [
    -0.06294628880919162,
    1.2339632965716876,
    351.6939336970608,
    "f"
  ],
  [
    -0.07748823095722425,
    1.3296276668249785,
    351.02394035374226,
    "f"
  ],
  [
    -0.09330523185769339,
    1.4261801258738689,
    350.37358759306,
    "f"
  ],
  [
    -0.1103852205601393,
    1.5235990869979354,
    349.74194961505964,
    "f"
  ],
  [
    -0.1287161261141022,
    1.6218629634767558,
    349.1281451889802,
    "f"
  ],
  [
    -0.1482858775691225,
    1.7209501685899087,
    348.5313356699533,
    "f"
  ],
  [
    -0.1690824039747404,
    1.8208391156169705,
    347.95072302219484,
    "f"
  ],
  [
    -0.19109363438049615,
    1.9215082178375198,
    347.38554786727497,
    "f"
  ],
  [
    -0.21430749783593023,
    2.0229358885311344,
    346.83508757182744,
    "f"
  ],
  [
    -0.23871192339058267,
    2.125100540977391,
    346.29865438555964,
    "f"
  ],
  [
    -0.26429484009399384,
    2.2279805884558668,
    345.7755936375509,
    "f"
  ],
  [
    -0.29104417699570434,
    2.3315544442461413,
    345.26528199647345,
    "f"
  ],
  [
    -0.3189478631452541,
    2.4358005216277916,
    344.76712579845804,
    "f"
  ],
  [
    -0.34799382759218334,
    2.540697233880394,
    344.28055944478575,
    "f"
  ],
  [
    -0.3781699993860328,
    2.6462229942835283,
    343.80504387035126,
    "f"
  ],
  [
    -0.40946430757634233,
    2.752356216116769,
    343.3400650828659,
    "f"
  ],
  [
    -0.44186468121265243,
    2.859075312659698,
    342.88513277200315,
    "f"
  ],
  [
    -0.4753590493445034,
    2.9663586971918896,
    342.43977898709636,
    "f"
  ],
  [
    -0.5099353410214355,
    3.0741847829929236,
    342.0035568815534,
    "f"
  ],
  [
    -0.5455814852929888,
    3.1825319833423755,
    341.5760395218219,
    "f"
  ],
  [
    -0.582285411208704,
    3.291378711519825,
    341.156818758504,
    "f"
  ],
  [
    -0.6200350478181211,
    3.400703380804848,
    340.745504157064,
    "f"
  ],
  [
    -0.6588183241707805,
    3.510484404477024,
    340.3417219854755,
    "f"
  ],
  [
    -0.6986231693162226,
    3.6207001958159295,
    339.9451142561116,
    "f"
  ],
  [
    -0.7394375123039875,
    3.731329168101142,
    339.5553378191724,
    "f"
  ],
  [
    -0.7812492821836153,
    3.84234973461224,
    339.17206350497054,
    "f"
  ],
  [
    -0.8240464080046467,
    3.9537403086287997,
    338.79497531244215,
    "f"
  ],
  [
    -0.8678168188166216,
    4.0654793034304,
    338.4237696413149,
    "f"
  ],
  [
    -0.9125484436690807,
    4.177545132296618,
    338.05815456544457,
    "f"
  ],
  [
    -0.9582292116115643,
    4.289916208507033,
    337.6978491449171,
    "f"
  ],
  [
    -1.0048470516936125,
    4.402570945341221,
    337.3425827746071,
    "f"
  ],
  [
    -1.0523898929647655,
    4.51548775607876,
    336.99209456698054,
    "f"
  ],
  [
    -1.1008456644745634,
    4.628645053999227,
    336.64613276702715,
    "f"
  ],
  [
    -1.150202295272547,
    4.742021252382201,
    336.30445419730745,
    "f"
  ],
  [
    -1.2004477144082566,
    4.855594764507257,
    335.96682373119455,
    "f"
  ],
  [
    -1.2515698509312316,
    4.969344003653976,
    335.6330137924884,
    "f"
  ],
  [
    -1.3035566338910138,
    5.083247383101936,
    335.3028038796705,
    "f"
  ],
  [
    -1.3563959923371418,
    5.197283316130709,
    334.97598011315614,
    "f"
  ],
  [
    -1.4100758553191572,
    5.311430216019881,
    334.65233480398814,
    "f"
  ],
  [
    -1.4645841518865996,
    5.425666496049021,
    334.33166604249374,
    "f"
  ],
  [
    -1.5199088110890098,
    5.539970569497714,
    334.0137773055075,
    "f"
  ],
  [
    -1.5760377619759274,
    5.654320849645533,
    333.6984770808325,
    "f"
  ],
  [
    -1.6329589335968935,
    5.768695749772058,
    333.3855785076818,
    "f"
  ],
  [
    -1.6906602550014478,
    5.883073683156866,
    333.07489903190776,
    "f"
  ],
  [
    -1.7491296552391307,
    5.9974330630795345,
    332.7662600748843,
    "f"
  ],
  [
    -1.8083550633594825,
    6.1117523028196405,
    332.459486714966,
    "f"
  ],
  [
    -1.8683244084120432,
    6.226009815656763,
    332.1544073804976,
    "f"
  ],
  [
    -1.929025619446354,
    6.340184014870478,
    331.85085355339857,
    "f"
  ],
  [
    -1.990446625511955,
    6.454253313740366,
    331.5486594823881,
    "f"
  ],
  [
    -2.052575355658386,
    6.568196125546002,
    331.24766190496115,
    "f"
  ],
  [
    -2.1153997389351864,
    6.681990863566963,
    330.94769977725997,
    "f"
  ],
  [
    -2.1789077043918987,
    6.795615941082831,
    330.64861401102183,
    "f"
  ],
  [
    -2.243087181078061,
    6.909049771373178,
    330.350247216813,
    "f"
  ],
  [
    -2.3079260980432155,
    7.022270767717588,
    330.05244345278857,
    "f"
  ],
  [
    -2.373412384336901,
    7.135257343395633,
    329.7550479782408,
    "f"
  ],
  [
    -2.439533969008658,
    7.2479879116868915,
    329.45790701122104,
    "f"
  ],
  [
    -2.5062787811080276,
    7.360440885870944,
    329.16086748954,
    "f"
  ],
  [
    -2.57363474968455,
    7.472594679227367,
    328.8637768344667,
    "f"
  ],
  [
    -2.6415898037877645,
    7.584427705035735,
    328.5664827164604,
    "f"
  ],
  [
    -2.7101318724672128,
    7.695918376575631,
    328.26883282228175,
    "f"
  ],
  [
    -2.779248884772434,
    7.807045107126632,
    327.9706746228369,
    "f"
  ],
  [
    -2.848928769752968,
    7.91778630996831,
    327.67185514111617,
    "f"
  ],
  [
    -2.919159456458358,
    8.02812039838025,
    327.3722207195919,
    "f"
  ],
  [
    -2.98992887393814,
    8.138025785642022,
    327.0716167864422,
    "f"
  ],
  [
    -3.061224951241858,
    8.24748088503321,
    326.7698876199674,
    "f"
  ],
  [
    -3.1330356174190497,
    8.35646410983339,
    326.46687611056296,
    "f"
  ],
  [
    -3.205348801519257,
    8.464953873322138,
    326.1624235196074,
    "f"
  ],
  [
    -3.2781524325920186,
    8.572928588779032,
    325.8563692346186,
    "f"
  ],
  [
    -3.3514344396868774,
    8.680366669483652,
    325.54855052002154,
    "f"
  ],
  [
    -3.425182751853371,
    8.787246528715574,
    325.2388022628595,
    "f"
  ],
  [
    -3.499385298141042,
    8.893546579754373,
    324.9269567127704,
    "f"
  ],
  [
    -3.5740300075994282,
    8.999245235879632,
    324.61284321553165,
    "f"
  ],
  [
    -3.6491048092780716,
    9.104320910370925,
    324.29628793946404,
    "f"
  ],
  [
    -3.724597632226512,
    9.208752016507832,
    323.9771135939637,
    "f"
  ],
  [
    -3.8004964054942914,
    9.312516967569929,
    323.6551391394139,
    "f"
  ],
  [
    -3.8767890581309477,
    9.415594176836795,
    323.3301794877062,
    "f"
  ],
  [
    -3.9534635191860206,
    9.517962057588004,
    323.002045192575,
    "f"
  ],
  [
    -4.030507717709052,
    9.619599023103136,
    322.67054212893146,
    "f"
  ],
  [
    -4.107909582749583,
    9.720483486661772,
    322.3354711603497,
    "f"
  ],
  [
    -4.185657043357153,
    9.820593861543484,
    321.99662779383993,
    "f"
  ],
  [
    -4.263738028581301,
    9.919908561027853,
    321.6538018210103,
    "f"
  ],
  [
    -4.342140467471569,
    10.018405998394456,
    321.306776944697,
    "f"
  ],
  [
    -4.420852289077496,
    10.116064586922871,
    320.95533039011383,
    "f"
  ],
  [
    -4.499861422448625,
    10.212862739892676,
    320.59923249954664,
    "f"
  ],
  [
    -4.579155796634492,
    10.308778870583446,
    320.238246309596,
    "f"
  ],
  [
    -4.658723340684642,
    10.403791392274762,
    319.87212710994726,
    "f"
  ],
  [
    -4.738551983648611,
    10.4978787182462,
    319.5006219826312,
    "f"
  ],
  [
    -4.8186296545759415,
    10.591019261777337,
    319.12346932072126,
    "f"
  ],
  [
    -4.898944282516172,
    10.683191436147752,
    318.74039832540893,
    "f"
  ],
  [
    -4.979483796518847,
    10.774373654637024,
    318.35112848039273,
    "f"
  ],
  [
    -5.0602361256335024,
    10.864544330524726,
    317.9553690025284,
    "f"
  ],
  [
    -5.1411891989096805,
    10.95368187709044,
    317.55281826770437,
    "f"
  ],
  [
    -5.222330945396921,
    11.041764707613744,
    317.14316321094054,
    "f"
  ],
  [
    -5.3036492941447655,
    11.128771235374213,
    316.7260786997584,
    "f"
  ],
  [
    -5.385132174202752,
    11.214679873651422,
    316.30122687994196,
    "f"
  ],
  [
    -5.466767514620422,
    11.299469035724954,
    315.8682564929035,
    "f"
  ],
  [
    -5.548543244447316,
    11.383117134874386,
    315.4268021639947,
    "f"
  ],
  [
    -5.630447292732976,
    11.465602584379297,
    314.97648366126464,
    "f"
  ],
  [
    -5.712467588526938,
    11.546903797519258,
    314.51690512437114,
    "f"
  ],
  [
    -5.7945920608787445,
    11.626999187573851,
    314.0476542636048,
    "f"
  ],
  [
    -5.876808638837937,
    11.705867167822657,
    313.5683015293003,
    "f"
  ],
  [
    -5.959105251454054,
    11.783486151545247,
    313.0783992522951,
    "f"
  ],
  [
    -6.041469827776637,
    11.859834552021201,
    312.5774807565604,
    "f"
  ],
  [
    -6.123890296855226,
    11.934890782530099,
    312.06505944569625,
    "f"
  ],
  [
    -6.20635458773936,
    12.008633256351517,
    311.5406278656586,
    "f"
  ],
  [
    -6.288850629478581,
    12.081040386765032,
    311.00365674689635,
    "f"
  ],
  [
    -6.371366351122429,
    12.152090587050225,
    310.4535940300373,
    "f"
  ],
  [
    -6.453889681720444,
    12.221762270486671,
    309.8898638804053,
    "f"
  ],
  [
    -6.536408550322165,
    12.290033850353943,
    309.31186569799104,
    "f"
  ],
  [
    -6.618910885977137,
    12.356883739931629,
    308.7189731310822,
    "f"
  ],
  [
    -6.701384617734895,
    12.4222903524993,
    308.11053310360455,
    "f"
  ],
  [
    -6.78381767464498,
    12.486232101336531,
    307.48586486838246,
    "f"
  ],
  [
    -6.8661979857569335,
    12.548687399722908,
    306.84425910102834,
    "f"
  ],
  [
    -6.948513480120296,
    12.609634660938,
    306.1849770520667,
    "f"
  ],
  [
    -7.0307520867846085,
    12.669052298261391,
    305.5072497782284,
    "f"
  ],
  [
    -7.11290173479941,
    12.726918724972656,
    304.8102774776722,
    "f"
  ],
  [
    -7.1949503532142405,
    12.783212354351374,
    304.0932289582451,
    "f"
  ],
  [
    -7.276885871078641,
    12.83791159967712,
    303.3552412728294,
    "f"
  ],
  [
    -7.3586962174421515,
    12.890994874229474,
    302.59541956139,
    "f"
  ],
  [
    -7.440369321354313,
    12.942440591288012,
    301.8128371455562,
    "f"
  ],
  [
    -7.5218931118646655,
    12.992227164132316,
    301.0065359284762,
    "f"
  ],
  [
    -7.603255518022749,
    13.040333006041958,
    300.1755271602657,
    "f"
  ],
  [
    -7.6844444688781035,
    13.086736530296518,
    299.3187926376065,
    "f"
  ],
  [
    -7.765447893480269,
    13.131416150175575,
    298.4352864148659,
    "f"
  ],
  [
    -7.846253720878787,
    13.174350278958702,
    297.5239371133857,
    "f"
  ],
  [
    -7.926849880123196,
    13.215517329925483,
    296.58365092513003,
    "f"
  ],
  [
    -8.00722430026304,
    13.254895716355492,
    295.61331541640743,
    "f"
  ],
  [
    -8.087364910347855,
    13.292463851528307,
    294.61180424650604,
    "f"
  ],
  [
    -8.167259639427183,
    13.328200148723505,
    293.57798292425923,
    "f"
  ],
  [
    -8.246896416550564,
    13.362083021220664,
    292.5107157321277,
    "f"
  ],
  [
    -8.32626317076754,
    13.394090882299365,
    291.4088739514457,
    "f"
  ],
  [
    -8.40534783112765,
    13.424202145239182,
    290.2713455229772,
    "f"
  ],
  [
    -8.484138326680435,
    13.452395223319694,
    289.09704627255223,
    "f"
  ],
  [
    -8.562622586475433,
    13.478648529820479,
    287.8849328207917,
    "f"
  ],
  [
    -8.640788539562186,
    13.502940478021111,
    286.63401727707236,
    "f"
  ],
  [
    -8.718624114990234,
    13.525249481201172,
    285.3433837890625,
    "f"
  ]
]