[
  [
    0.0,
    0.0,
    81.564,
    "f"
  ],
  [
    0.08010068271603302,
    0.012652160421786022,
    80.49314824194667,
    "f"
  ],
  [
    0.16105930415802536,
    0.026967464986744173,
    79.46034346982819,
    "f"
  ],
  [
    0.24285731914428532,
    0.04292954999787108,
    78.46393591484187,
    "f"
  ],
  [
    0.3254761824931215,
    0.06052205175816339,
    77.50231797973402,
    "f"
  ],
  [
    0.408897349022842,
    0.0797286065706177,
    76.57392953894578,
    "f"
  ],
  [
    0.4931022735517555,
    0.10053285073823065,
    75.67726176366307,
    "f"
  ],
  [
    0.5780724108981702,
    0.12291842056399886,
    74.81085971160087,
    "f"
  ],
  [
    0.6637892158803946,
    0.14686895235091899,
    73.97332389257588,
    "f"
  ],
  [
    0.7502341433167369,
    0.17236808240198762,
    73.16331099365834,
    "f"
  ],
  [
    0.8373886480255059,
    0.19939944702020146,
    72.3795339224722,
    "f"
  ],
  [
    0.9252341848250094,
    0.227946682508557,
    71.62076130431353,
    "f"
  ],
  [
    1.0137522085335562,
    0.2579934251700509,
    70.88581654826464,
    "f"
  ],
  [
    1.1029241739694549,
    0.28952331130768005,
    70.17357657937691,
    "f"
  ],
  [
    1.192731535951013,
    0.32251997722444065,
    69.48297031815457,
    "f"
  ],
  [
    1.2831557492965397,
    0.35696705922332944,
    68.81297697483603,
    "f"
  ],
  [
    1.3741782688243436,
    0.39284819360734347,
    68.16262421415377,
    "f"
  ],
  [
    1.4657805493527323,
    0.43014701667947886,
    67.53098623615335,
    "f"
  ],
  [
    1.557944045700014,
    0.4688471647427323,
    66.917181810074,
    "f"
  ],
  [
    1.6506502126844984,
    0.5089322741001008,
    66.32037229104708,
    "f"
  ],
  [
    1.7438805051244928,
    0.5503859810545805,
    65.73975964328861,
    "f"
  ],
  [
    1.837616377838306,
    0.5931919219091684,
    65.17458448836874,
    "f"
  ],
  [
    1.9318392856442468,
    0.637333732966861,
    64.62412419292116,
    "f"
  ],
  [
    2.0265306833606225,
    0.6827950505306548,
    64.08769100665336,
    "f"
  ],
  [
    2.1216720258057413,
    0.7295595109035462,
    63.564630258644684,
    "f"
  ],
  [
    2.2172447677979137,
    0.7776107503885326,
    63.05431861756722,
    "f"
  ],
  [
    2.313230364155446,
    0.8269324052886102,
    62.55616241955181,
    "f"
  ],
  [
    2.4096102696966475,
    0.8775081119067751,
    62.06959606587952,
    "f"
  ],
  [
    2.5063659392398274,
    0.9293215065460252,
    61.59408049144497,
    "f"
  ],
  [
    2.6034788276032907,
    0.9823562255093556,
    61.12910170395969,
    "f"
  ],
  [
    2.7009303896053507,
    1.0365959050997642,
    60.67416939309692,
    "f"
  ],
  [
    2.798702080064312,
    1.092024181620247,
    60.228815608190075,
    "f"
  ],
  [
    2.896775353798485,
    1.1486246913738007,
    59.79259350264715,
    "f"
  ],
  [
    2.9951316656261766,
    1.206381070663422,
    59.365076142915655,
    "f"
  ],
  [
    3.093752470365697,
    1.2652769557921077,
    58.94585537959779,
    "f"
  ],
  [
    3.1926192228353525,
    1.325295983062854,
    58.53454077815775,
    "f"
  ],
  [
    3.291713377853453,
    1.3864217887786576,
    58.1307586065692,
    "f"
  ],
  [
    3.3910163902383066,
    1.4486380092425155,
    57.734150877205366,
    "f"
  ],
  [
    3.4905097148082214,
    1.5119282807574244,
    57.344374440266165,
    "f"
  ],
  [
    3.590174806381506,
    1.57627623962638,
    56.96110012606425,
    "f"
  ],
  [
    3.689993119776468,
    1.64166552215238,
    56.58401193353586,
    "f"
  ],
  [
    3.7899461098114164,
    1.70807976463842,
    56.21280626240866,
    "f"
  ],
  [
    3.8900152313046608,
    1.7755026033874977,
    55.84719118653834,
    "f"
  ],
  [
    3.9901819390745077,
    1.8439176747026091,
    55.4868857660108,
    "f"
  ],
  [
    4.090427687939267,
    1.9133086148867515,
    55.131619395700795,
    "f"
  ],
  [
    4.190733932717246,
    1.9836590602429207,
    54.781131188074255,
    "f"
  ],
  [
    4.291082128226754,
    2.0549526470741135,
    54.435169388120926,
    "f"
  ],
  [
    4.391453729286098,
    2.1271730116833263,
    54.093490818401165,
    "f"
  ],
  [
    4.4918301907135865,
    2.2003037903735567,
    53.75586035228832,
    "f"
  ],
  [
    4.59219296732753,
    2.2743286194478003,
    53.422050413582156,
    "f"
  ],
  [
    4.692523513946235,
    2.3492311352090547,
    53.09184050076419,
    "f"
  ],
  [
    4.792803285388009,
    2.4249949739603145,
    52.76501673424991,
    "f"
  ],
  [
    4.893013736471165,
    2.5016037720045796,
    52.44137142508191,
    "f"
  ],
  [
    4.993136322014005,
    2.5790411656448433,
    52.12070266358751,
    "f"
  ],
  [
    5.0931524968348425,
    2.6572907911841046,
    51.80281392660129,
    "f"
  ],
  [
    5.193043715751982,
    2.736336284925359,
    51.48751370192622,
    "f"
  ],
  [
    5.292791433583736,
    2.8161612831716036,
    51.1746151287756,
    "f"
  ],
  [
    5.39237710514841,
    2.896749422225835,
    50.86393565300148,
    "f"
  ],
  [
    5.491782185264313,
    2.9780843383910494,
    50.555296695978086,
    "f"
  ],
  [
    5.590988128749753,
    3.0601496679702436,
    50.24852333605975,
    "f"
  ],
  [
    5.689976390423039,
    3.1429290472664135,
    49.94344400159139,
    "f"
  ],
  [
    5.788728425102479,
    3.2264061125825574,
    49.63989017449228,
    "f"
  ],
  [
    5.887225687606383,
    3.310564500221672,
    49.33769610348179,
    "f"
  ],
  [
    5.985449632753059,
    3.395387846486752,
    49.03669852605492,
    "f"
  ],
  [
    6.083381715360811,
    3.480859787680794,
    48.73673639835374,
    "f"
  ],
  [
    6.1810033902479535,
    3.566963960106798,
    48.437650632115606,
    "f"
  ],
  [
    6.27829611223279,
    3.6536840000677566,
    48.13928383790676,
    "f"
  ],
  [
    6.3752413361336355,
    3.741003543866669,
    47.84148007388228,
    "f"
  ],
  [
    6.4718205167687906,
    3.82890622780653,
    47.5440845993345,
    "f"
  ],
  [
    6.568015108956566,
    3.9173756881903374,
    47.24694363231481,
    "f"
  ],
  [
    6.663806567515273,
    4.006395561321087,
    46.949904110633724,
    "f"
  ],
  [
    6.759176347263217,
    4.095949483501777,
    46.65281345556048,
    "f"
  ],
  [
    6.854105903018708,
    4.1860210910354025,
    46.35551933755414,
    "f"
  ],
  [
    6.9485766896000545,
    4.2765940202249615,
    46.057869443375466,
    "f"
  ],
  [
    7.042570161825566,
    4.36765190737345,
    45.75971124393061,
    "f"
  ],
  [
    7.1360677745135455,
    4.459178388783862,
    45.46089176220994,
    "f"
  ],
  [
    7.229050982482309,
    4.551157100759199,
    45.161257340685665,
    "f"
  ],
  [
    7.321501240550157,
    4.643571679602454,
    44.86065340753589,
    "f"
  ],
  [
    7.413400003535406,
    4.736405761616625,
    44.55892424106116,
    "f"
  ],
  [
    7.504728726256358,
    4.8296429831047085,
    44.255912731656736,
    "f"
  ],
  [
    7.595468863531323,
    4.923266980369701,
    43.9514601407011,
    "f"
  ],
  [
    7.68560187017861,
    5.017261389714598,
    43.6454058557124,
    "f"
  ],
  [
    7.77510920101653,
    5.111609847442399,
    43.33758714111525,
    "f"
  ],
  [
    7.863972310863389,
    5.206295989856098,
    43.02783888395322,
    "f"
  ],
  [
    7.952172654537491,
    5.301303453258694,
    42.71599333386416,
    "f"
  ],
  [
    8.039691686857152,
    5.396615873953181,
    42.401879836625426,
    "f"
  ],
  [
    8.126510862640675,
    5.492216888242556,
    42.08532456055775,
    "f"
  ],
  [
    8.212611636706372,
    5.588090132429818,
    41.76615021505745,
    "f"
  ],
  [
    8.29797546387255,
    5.684219242817962,
    41.44417576050762,
    "f"
  ],
  [
    8.382583798957517,
    5.780587855709985,
    41.11921610879995,
    "f"
  ],
  [
    8.46641809677958,
    5.877179607408881,
    40.79108181366871,
    "f"
  ],
  [
    8.54945981215705,
    5.97397813421765,
    40.45957875002523,
    "f"
  ],
  [
    8.631690399908237,
    6.070967072439289,
    40.12450778144341,
    "f"
  ],
  [
    8.713091314851443,
    6.168130058376793,
    39.78566441493365,
    "f"
  ],
  [
    8.793644011804979,
    6.265450728333157,
    39.44283844210406,
    "f"
  ],
  [
    8.873329945587159,
    6.36291271861138,
    39.09581356579076,
    "f"
  ],
  [
    8.952130571016284,
    6.460499665514458,
    38.7443670112076,
    "f"
  ],
  [
    9.030027342910666,
    6.55819520534539,
    38.388269120640416,
    "f"
  ],
  [
    9.107001716088613,
    6.655982974407166,
    38.027282930689694,
    "f"
  ],
  [
    9.18303514536843,
    6.753846609002791,
    37.66116373104103,
    "f"
  ],
  [
    9.258109085568433,
    6.851769745435257,
    37.28965860372489,
    "f"
  ],
  [
    9.332204991506922,
    6.949736020007559,
    36.91250594181497,
    "f"
  ],
  [
    9.405304318002212,
    7.047729069022696,
    36.52943494650265,
    "f"
  ],
  [
    9.477388519872608,
    7.145732528783667,
    36.140165101486446,
    "f"
  ],
  [
    9.54843905193642,
    7.2437300355934635,
    35.74440562362213,
    "f"
  ],
  [
    9.618437369011954,
    7.341705225755087,
    35.34185488879814,
    "f"
  ],
  [
    9.687364925917521,
    7.439641735571531,
    34.93219983203426,
    "f"
  ],
  [
    9.75520317747143,
    7.537523201345793,
    34.515115320852146,
    "f"
  ],
  [
    9.82193357849198,
    7.635333259380868,
    34.09026350103568,
    "f"
  ],
  [
    9.88753758379749,
    7.733055545979754,
    33.6572931139973,
    "f"
  ],
  [
    9.951996648206269,
    7.83067369744545,
    33.21583878508841,
    "f"
  ],
  [
    10.015292226536623,
    7.928171350080953,
    32.76552028235835,
    "f"
  ],
  [
    10.077405773606854,
    8.025532140189252,
    32.30594174546491,
    "f"
  ],
  [
    10.138318744235276,
    8.12273970407335,
    31.836690884698555,
    "f"
  ],
  [
    10.1980125932402,
    8.219777678036245,
    31.35733815039407,
    "f"
  ],
  [
    10.25646877543993,
    8.316629698380929,
    30.8674358733889,
    "f"
  ],
  [
    10.313668745652775,
    8.4132794014104,
    30.36651737765419,
    "f"
  ],
  [
    10.369593958697044,
    8.509710423427656,
    29.85409606679002,
    "f"
  ],
  [
    10.424225869391046,
    8.605906400735693,
    29.329664486752336,
    "f"
  ],
  [
    10.477545932553088,
    8.701850969637505,
    28.79269336799007,
    "f"
  ],
  [
    10.52953560300148,
    8.797527766436094,
    28.242630651131094,
    "f"
  ],
  [
    10.580176335554533,
    8.892920427434454,
    27.678900501499015,
    "f"
  ],
  [
    10.629449585030546,
    8.988012588935579,
    27.100902319084753,
    "f"
  ],
  [
    10.677336806247837,
    9.082787887242471,
    26.508009752175894,
    "f"
  ],
  [
    10.72381945402471,
    9.177229958658124,
    25.899569724698267,
    "f"
  ],
  [
    10.768878983179475,
    9.27132243948553,
    25.27490148947618,
    "f"
  ],
  [
    10.81249684853044,
    9.365048966027693,
    24.633295722122057,
    "f"
  ],
  [
    10.85465450489591,
    9.458393174587606,
    23.97401367316047,
    "f"
  ],
  [
    10.8953334070942,
    9.551338701468266,
    23.296286399322184,
    "f"
  ],
  [
    10.93451500994361,
    9.64386918297267,
    22.599314098765944,
    "f"
  ],
  [
    10.972180768262458,
    9.735968255403815,
    21.882265579338878,
    "f"
  ],
  [
    11.008312136869046,
    9.827619555064697,
    21.144277893923118,
    "f"
  ],
  [
    11.042890570581681,
    9.91880671825831,
    20.384456182483746,
    "f"
  ],
  [
    11.075897524218677,
    10.009513381287656,
    19.601873766649987,
    "f"
  ],
  [
    11.107314452598342,
    10.099723180455728,
    18.795572549569897,
    "f"
  ],
  [
    11.13712281053898,
    10.189419752065524,
    17.964563781359402,
    "f"
  ],
  [
    11.1653040528589,
    10.27858673242004,
    17.107829258700235,
    "f"
  ],
  [
    11.191839634376414,
    10.367207757822273,
    16.224323035959628,
    "f"
  ],
  [
    11.216711009909824,
    10.455266464575217,
    15.312973734479442,
    "f"
  ],
  [
    11.239899634277448,
    10.542746488981873,
    14.372687546223801,
    "f"
  ],
  [
    11.261386962297586,
    10.629631467345238,
    13.402352037501146,
    "f"
  ],
  [
    11.28115444878855,
    10.715905035968303,
    12.400840867599754,
    "f"
  ],
  [
    11.29918354856865,
    10.801550831154067,
    11.367019545352946,
    "f"
  ],
  [
    11.315455716456189,
    10.88655248920553,
    10.299752353221493,
    "f"
  ],
  [
    11.329952407269479,
    10.970893646425683,
    9.1979105725394,
    "f"
  ],
  [
    11.342655075826828,
    11.054557939117531,
    8.0603821440709,
    "f"
  ],
  [
    11.353545176946547,
    11.137529003584064,
    6.886082893645948,
    "f"
  ],
  [
    11.36260416544694,
    11.219790476128278,
    5.673969441885447,
    "f"
  ],
  [
    11.369813496146318,
    11.301325993053172,
    4.423053898166131,
    "f"
  ],
  [
    11.375154623862986,
    11.382119190661744,
    3.1324204101562145,
    "f"
  ]
]