[
  [
    0.0,
    0.0,
    3.77496337890625,
    "f"
  ],
  [
    0.00490846675496756,
    0.08115363565798522,
    3.154915986230094,
    "f"
  ],
  [
    0.009037154592303287,
    0.16387580257232937,
    2.5665438405990244,
    "f"
  ],
  [
    0.012398134462466888,
    0.24814491402260996,
    2.007838914665058,
    "f"
  ],
  [
    0.015003477315918076,
    0.3339393832884048,
    1.4769500937402427,
    "f"
  ],
  [
    0.016865254103116553,
    0.42123762364929157,
    0.9721697871313495,
    "f"
  ],
  [
    0.017995535774522037,
    0.5100180483848477,
    0.4919216669191542,
    "f"
  ],
  [
    0.018406393280594232,
    0.6002590707746511,
    0.034749464853746304,
    "f"
  ],
  [
    0.018109897571792856,
    0.6919391040982792,
    359.59930675351933,
    "f"
  ],
  [
    0.017118119598577595,
    0.7850365616353099,
    359.18434763687634,
    "f"
  ],
  [
    0.015443130311408187,
    0.8795298566653209,
    358.78871827659464,
    "f"
  ],
  [
    0.013097000660744323,
    0.9753974024678895,
    358.41134918344085,
    "f"
  ],
  [
    0.010091801597045735,
    1.0726176123225935,
    358.05124820677696,
    "f"
  ],
  [
    0.006439604070772111,
    1.171168899509011,
    357.7074941595566,
    "f"
  ],
  [
    0.0021524790323831575,
    1.2710296773067191,
    357.37923102076536,
    "f"
  ],
  [
    -0.0027575025676613947,
    1.3721783589952954,
    357.06566266184615,
    "f"
  ],
  [
    -0.008278269778901863,
    1.4745933578543182,
    356.7660480481369,
    "f"
  ],
  [
    -0.014397751650878542,
    1.5782530871633647,
    356.479696870644,
    "f"
  ],
  [
    -0.021103877233131684,
    1.683135960202012,
    356.20596556752014,
    "f"
  ],
  [
    -0.028384575575201614,
    1.7892203902498391,
    355.9442536983901,
    "f"
  ],
  [
    -0.0362277757266286,
    1.8964847905864228,
    355.69400063815175,
    "f"
  ],
  [
    -0.044621406736952925,
    2.0049075744913405,
    355.4546825600805,
    "f"
  ],
  [
    -0.053553397655714936,
    2.1144671552441716,
    355.22580968098845,
    "f"
  ],
  [
    -0.06301167753245486,
    2.2251419461244915,
    355.0069237438455,
    "f"
  ],
  [
    -0.07298417541671295,
    2.336910360411878,
    354.79759571568206,
    "f"
  ],
  [
    -0.08345882035802966,
    2.44975081138591,
    354.5974236807711,
    "f"
  ],
  [
    -0.09442354140594514,
    2.5636417123261657,
    354.40603091105635,
    "f"
  ],
  [
    -0.10586626760999973,
    2.678561476512221,
    354.22306409756584,
    "f"
  ],
  [
    -0.1177749280197337,
    2.794488517223654,
    354.04819172814877,
    "f"
  ],
  [
    -0.13013745168468735,
    2.911401247740043,
    353.8811025983089,
    "f"
  ],
  [
    -0.14294176765440098,
    3.0292780813409657,
    353.72150444320084,
    "f"
  ],
  [
    -0.15617580497841485,
    3.148097431305999,
    353.5691226800165,
    "f"
  ],
  [
    -0.16982749270626935,
    3.2678377109147205,
    353.42369925103367,
    "f"
  ],
  [
    -0.18388475988750455,
    3.388477333446709,
    353.2849915585355,
    "f"
  ],
  [
    -0.19833553557166098,
    3.5099947121815416,
    353.1527714836547,
    "f"
  ],
  [
    -0.21316774880827877,
    3.632368260398795,
    353.026824481953,
    "f"
  ],
  [
    -0.22836932864689838,
    3.7555763913780487,
    352.90694874922957,
    "f"
  ],
  [
    -0.24392820413706,
    3.879597518398879,
    352.792954451666,
    "f"
  ],
  [
    -0.25983230432830384,
    4.004410054740864,
    352.6846630149666,
    "f"
  ],
  [
    -0.27606955827017027,
    4.129992413683582,
    352.5819064676518,
    "f"
  ],
  [
    -0.2926278950121996,
    4.256323008506608,
    352.4845268341107,
    "f"
  ],
  [
    -0.30949524360393194,
    4.3833802524895225,
    352.3923755734234,
    "f"
  ],
  [
    -0.326659533094908,
    4.511142558911902,
    352.305313060329,
    "f"
  ],
  [
    -0.3441086925346676,
    4.639588341053325,
    352.22320810504493,
    "f"
  ],
  [
    -0.36183065097275147,
    4.768696012193369,
    352.1459375089418,
    "f"
  ],
  [
    -0.3798133374586995,
    4.898443985611611,
    352.0733856533488,
    "f"
  ],
  [
    -0.39804468104205215,
    5.0288106745876275,
    352.00544411900665,
    "f"
  ],
  [
    -0.41651261077234975,
    5.159774492400999,
    351.9420113339097,
    "f"
  ],
  [
    -0.43520505569913265,
    5.291313852331301,
    351.8829922474781,
    "f"
  ],
  [
    -0.4541099448719408,
    5.423407167658112,
    351.82829802918394,
    "f"
  ],
  [
    -0.4732152073403151,
    5.556032851661012,
    351.77784578992214,
    "f"
  ],
  [
    -0.49250877215379507,
    5.689169317619571,
    351.73155832456735,
    "f"
  ],
  [
    -0.5119785683619216,
    5.822794978813377,
    351.68936387429716,
    "f"
  ],
  [
    -0.5316125250142346,
    5.956888248521999,
    351.651195907386,
    "f"
  ],
  [
    -0.5513985711602749,
    6.091427540025021,
    351.61699291729184,
    "f"
  ],
  [
    -0.5713246358495822,
    6.226391266602014,
    351.58669823696124,
    "f"
  ],
  [
    -0.5913786481316972,
    6.361757841532563,
    351.56025986837534,
    "f"
  ],
  [
    -0.61154853705616,
    6.497505678096241,
    351.5376303264496,
    "f"
  ],
  [
    -0.6318222316725107,
    6.6336131895726265,
    351.5187664964796,
    "f"
  ],
  [
    -0.6521876610302898,
    6.770058789241298,
    351.5036295044033,
    "f"
  ],
  [
    -0.6726327541790376,
    6.906820890381831,
    351.49218459921747,
    "f"
  ],
  [
    -0.6931454401682945,
    7.043877906273806,
    351.48440104695214,
    "f"
  ],
  [
    -0.7137136480476008,
    7.181208250196801,
    351.48025203566755,
    "f"
  ],
  [
    -0.7343253068664967,
    7.318790335430392,
    351.4797145909919,
    "f"
  ],
  [
    -0.754968345674522,
    7.456602575254154,
    351.4827695017727,
    "f"
  ],
  [
    -0.7756306935212178,
    7.59462338294767,
    351.4894012554631,
    "f"
  ],
  [
    -0.7963002794561238,
    7.732831171790512,
    351.4995979829109,
    "f"
  ],
  [
    -0.8169650325287809,
    7.871204355062264,
    351.5133514122604,
    "f"
  ],
  [
    -0.8376128817887287,
    8.009721346042499,
    351.5306568317219,
    "f"
  ],
  [
    -0.8582317562855077,
    8.148360558010795,
    351.55151306100055,
    "f"
  ],
  [
    -0.8788095850686585,
    8.287100404246733,
    351.5759224312156,
    "f"
  ],
  [
    -0.8993342971877213,
    8.425919298029887,
    351.6038907731777,
    "f"
  ],
  [
    -0.9197938216922361,
    8.564795652639836,
    351.63542741392797,
    "f"
  ],
  [
    -0.9401760876317434,
    8.703707881356157,
    351.67054518147637,
    "f"
  ],
  [
    -0.9604690240557836,
    8.842634397458431,
    351.7092604177121,
    "f"
  ],
  [
    -0.9806605600138966,
    8.981553614226229,
    351.75159299949115,
    "f"
  ],
  [
    -1.0007386245556233,
    9.120443944939137,
    351.7975663679419,
    "f"
  ],
  [
    -1.0206911467305033,
    9.259283802876727,
    351.8472075660595,
    "f"
  ],
  [
    -1.0405060555880772,
    9.398051601318578,
    351.9005472846973,
    "f"
  ],
  [
    -1.0601712801778855,
    9.536725753544268,
    351.9576199170944,
    "f"
  ],
  [
    -1.0796747495494683,
    9.67528467283337,
    352.0184636221149,
    "f"
  ],
  [
    -1.0990043927523656,
    9.81370677246547,
    352.0831203964089,
    "f"
  ],
  [
    -1.1181481388361183,
    9.95197046572014,
    352.1516361557419,
    "f"
  ],
  [
    -1.1370939168502663,
    10.090054165876962,
    352.2240608257764,
    "f"
  ],
  [
    -1.15582965584435,
    10.22793628621551,
    352.300448442629,
    "f"
  ],
  [
    -1.1743432848679094,
    10.36559524001536,
    352.3808572635658,
    "f"
  ],
  [
    -1.192622732970485,
    10.503009440556093,
    352.4653498882436,
    "f"
  ],
  [
    -1.2106559292016177,
    10.640157301117288,
    352.55399339094487,
    "f"
  ],
  [
    -1.228430802610847,
    10.777017234978523,
    352.64685946430575,
    "f"
  ],
  [
    -1.2459352822477134,
    10.913567655419369,
    352.74402457508324,
    "f"
  ],
  [
    -1.263157297161757,
    11.049786975719408,
    352.84557013256,
    "f"
  ],
  [
    -1.2800847764025183,
    11.185653609158217,
    352.9515826702425,
    "f"
  ],
  [
    -1.2967056490195379,
    11.321145969015378,
    353.06215404156507,
    "f"
  ],
  [
    -1.3130078440623558,
    11.456242468570462,
    353.177381630378,
    "f"
  ],
  [
    -1.3289792905805118,
    11.59092152110305,
    353.29736857706234,
    "f"
  ],
  [
    -1.3446079176235468,
    11.725161539892717,
    353.42222402118693,
    "f"
  ],
  [
    -1.3598816542410013,
    11.858940938219048,
    353.5520633617006,
    "f"
  ],
  [
    -1.3747884294824153,
    11.992238129361613,
    353.68700853573307,
    "f"
  ],
  [
    -1.3893161723973282,
    12.12503152659999,
    353.82718831716574,
    "f"
  ],
  [
    -1.403452812035282,
    12.257299543213762,
    353.97273863622996,
    "f"
  ],
  [
    -1.4171862774458157,
    12.389020592482503,
    354.1238029214872,
    "f"
  ],
  [
    -1.43050449767847,
    12.52017308768579,
    354.2805324656573,
    "f"
  ],
  [
    -1.4433954017827855,
    12.650735442103201,
    354.4430868168741,
    "f"
  ],
  [
    -1.455846918808302,
    12.780686069014315,
    354.6116341970718,
    "f"
  ],
  [
    -1.46784697780456,
    12.910003381698711,
    354.78635194933986,
    "f"
  ],
  [
    -1.4793835078210997,
    13.038665793435964,
    354.96742701622276,
    "f"
  ],
  [
    -1.4904444379074615,
    13.166651717505651,
    355.15505645109585,
    "f"
  ],
  [
    -1.5010176971131857,
    13.293939567187355,
    355.349447964907,
    "f"
  ],
  [
    -1.5110912144878124,
    13.420507755760646,
    355.5508205107484,
    "f"
  ],
  [
    -1.520652919080882,
    13.546334696505104,
    355.7594049089049,
    "f"
  ],
  [
    -1.5296907399419348,
    13.671398802700311,
    355.9754445152189,
    "f"
  ],
  [
    -1.5381926061205116,
    13.795678487625844,
    356.1991959358189,
    "f"
  ],
  [
    -1.5461464466661519,
    13.919152164561275,
    356.4309297914742,
    "f"
  ],
  [
    -1.553540190628396,
    14.041798246786186,
    356.67093153506585,
    "f"
  ],
  [
    -1.5603617670567846,
    14.163595147580155,
    356.9195023259016,
    "f"
  ],
  [
    -1.5665991050008583,
    14.284521280222755,
    357.17695996484935,
    "f"
  ],
  [
    -1.5722401335101566,
    14.404555057993571,
    357.4436398945163,
    "f"
  ],
  [
    -1.57727278163422,
    14.523674894172173,
    357.71989626896084,
    "f"
  ],
  [
    -1.5816849784225893,
    14.641859202038145,
    358.0061030976836,
    "f"
  ],
  [
    -1.585464652924804,
    14.759086394871058,
    358.30265546890377,
    "f"
  ],
  [
    -1.5885997341904052,
    14.8753348859505,
    358.6099708573741,
    "f"
  ],
  [
    -1.591078151268933,
    14.99058308855604,
    358.92849052222454,
    "f"
  ],
  [
    -1.592887833209927,
    15.104809415967257,
    359.2586810005335,
    "f"
  ],
  [
    -1.5940167090629282,
    15.217992281463731,
    359.60103570249635,
    "f"
  ],
  [
    -1.594452707877477,
    15.33011009832504,
    359.95607661418416,
    "f"
  ],
  [
    -1.594183758703113,
    15.441141279830756,
    0.3243561139327653,
    "f"
  ],
  [
    -1.593197790589377,
    15.551064239260462,
    0.706458908356808,
    "f"
  ],
  [
    -1.591482732585809,
    15.659857389893734,
    1.1030040938117054,
    "f"
  ],
  [
    -1.5890265137419497,
    15.767499145010149,
    1.5146473487953926,
    "f"
  ],
  [
    -1.5858170631073392,
    15.873967917889287,
    1.9420832622374178,
    "f"
  ],
  [
    -1.5818423097315175,
    15.979242121810724,
    2.3860478018203253,
    "f"
  ],
  [
    -1.5770901826640253,
    16.083300170054038,
    2.8473209253376126,
    "f"
  ],
  [
    -1.5715486109544026,
    16.186120475898807,
    3.326729336535948,
    "f"
  ],
  [
    -1.5652055236521898,
    16.287681452624607,
    3.825149384810288,
    "f"
  ],
  [
    -1.558048849806927,
    16.38796151351102,
    4.3435101053955805,
    "f"
  ],
  [
    -1.5500665184681552,
    16.486939071837618,
    4.88279639317426,
    "f"
  ],
  [
    -1.5412464586854138,
    16.584592540883982,
    5.444052298716656,
    "f"
  ],
  [
    -1.5315765995082435,
    16.680900333929692,
    6.028384429470009,
    "f"
  ],
  [
    -1.5210448699861845,
    16.775840864254317,
    6.636965431852616,
    "f"
  ],
  [
    -1.5096391991687774,
    16.869392545137444,
    7.271037521093604,
    "f"
  ],
  [
    -1.4973475161055618,
    16.961533789858645,
    7.931916014616888,
    "f"
  ],
  [
    -1.4841577498460792,
    17.0522430116975,
    8.620992811198334,
    "f"
  ],
  [
    -1.4700578294398683,
    17.141498623933586,
    9.339739741548499,
    "f"
  ],
  [
    -1.4550356839364706,
    17.229279039846478,
    10.089711695856579,
    "f"
  ],
  [
    -1.439079242385426,
    17.31556267271576,
    10.872549409599344,
    "f"
  ],
  [
    -1.4221764338362748,
    17.400327935821007,
    11.689981759934597,
    "f"
  ],
  [
    -1.4043151873385569,
    17.483553242441793,
    12.543827390633567,
    "f"
  ],
  [
    -1.3854834319418134,
    17.565217005857704,
    13.435995443145316,
    "f"
  ],
  [
    -1.3656690966955842,
    17.64529763934831,
    14.368485124504446,
    "f"
  ],
  [
    -1.3448601106494094,
    17.723773556193187,
    15.3433837890625,
    "f"
  ],
  [
    -1.3448601106494094,
    17.723773556193187,
    15.3433837890625,
    "r"
  ],
  [
    -1.3663595599331337,
    17.646439329815266,
    15.730511543213424,
    "r"
  ],
  [
    -1.3882372375917054,
    17.569769376578584,
    16.122870110180997,
    "r"
  ],
  [
    -1.410493143625124,
    17.49376369648314,
    16.520528675044545,
    "r"
  ],
  [
    -1.4331272780333906,
    17.41842228952894,
    16.92355626186253,
    "r"
  ],
  [
    -1.456139640816504,
    17.34374515571598,
    17.332021645536543,
    "r"
  ],
  [
    -1.4795302319744648,
    17.26973229504426,
    17.745993258048543,
    "r"
  ],
  [
    -1.5032990515072724,
    17.19638370751378,
    18.16553908887431,
    "r"
  ],
  [
    -1.527446099414928,
    17.123699393124546,
    18.590726579385432,
    "r"
  ],
  [
    -1.55197137569743,
    17.051679351876547,
    19.02162251105591,
    "r"
  ],
  [
    -1.5768748803547799,
    16.98032358376979,
    19.458292887299763,
    "r"
  ],
  [
    -1.6021566133869767,
    16.909632088804273,
    19.90080280877652,
    "r"
  ],
  [
    -1.627816574794021,
    16.839604866979997,
    20.349216342013563,
    "r"
  ],
  [
    -1.6538547645759125,
    16.77024191829696,
    20.803596381210866,
    "r"
  ],
  [
    -1.6802711827326513,
    16.701543242755168,
    21.264004503109334,
    "r"
  ],
  [
    -1.7070658292642371,
    16.63350884035461,
    21.730500814826996,
    "r"
  ],
  [
    -1.7342387041706708,
    16.5661387110953,
    22.2031437945883,
    "r"
  ],
  [
    -1.7617898074519514,
    16.499432854977222,
    22.68199012529874,
    "r"
  ],
  [
    -1.7897191391080791,
    16.433391272000392,
    23.167094520947785,
    "r"
  ],
  [
    -1.8180266991390541,
    16.3680139621648,
    23.658509545854372,
    "r"
  ],
  [
    -1.8467124875448764,
    16.303300925470445,
    24.156285426806903,
    "r"
  ],
  [
    -1.8757765043255459,
    16.239252161917335,
    24.66046985818872,
    "r"
  ],
  [
    -1.9052187494810626,
    16.175867671505465,
    25.171107800225627,
    "r"
  ],
  [
    -1.9350392230114268,
    16.113147454234834,
    25.688241270537674,
    "r"
  ],
  [
    -1.965237924916638,
    16.051091510105447,
    26.211909129231174,
    "r"
  ],
  [
    -1.9958148551966965,
    15.9896998391173,
    26.742146857820444,
    "r"
  ],
  [
    -2.0267700138516025,
    15.928972441270389,
    27.278986332329964,
    "r"
  ],
  [
    -2.058103400881356,
    15.868909316564721,
    27.822455590990103,
    "r"
  ],
  [
    -2.0898150162859563,
    15.809510465000294,
    28.372578597006225,
    "r"
  ],
  [
    -2.121904860065404,
    15.750775886577106,
    28.929374996951424,
    "r"
  ],
  [
    -2.154372932219699,
    15.69270558129516,
    29.492859875407703,
    "r"
  ],
  [
    -2.1872192327488413,
    15.635299549154457,
    30.063043506555744,
    "r"
  ],
  [
    -2.2204437616528305,
    15.57855779015499,
    30.639931103492586,
    "r"
  ],
  [
    -2.254046518931667,
    15.522480304296767,
    31.223522566137774,
    "r"
  ],
  [
    -2.2880275045853513,
    15.467067091579782,
    31.813812228671054,
    "r"
  ],
  [
    -2.322386718613882,
    15.41231815200404,
    32.410788607526854,
    "r"
  ],
  [
    -2.3571241610172606,
    15.358233485569537,
    33.0144341510545,
    "r"
  ],
  [
    -2.3922398317954863,
    15.304813092276277,
    33.62472499203511,
    "r"
  ],
  [
    -2.4277337309485594,
    15.252056972124254,
    34.241630704326326,
    "r"
  ],
  [
    -2.4636058584764804,
    15.199965125113472,
    34.86511406498272,
    "r"
  ],
  [
    -2.4998562143792475,
    15.14853755124393,
    35.49513082327434,
    "r"
  ],
  [
    -2.5364847986568626,
    15.097774250515634,
    36.131629478092805,
    "r"
  ],
  [
    -2.5734916113093247,
    15.047675222928572,
    36.77455106529567,
    "r"
  ],
  [
    -2.6108766523366334,
    14.998240468482754,
    37.423828956595855,
    "r"
  ],
  [
    -2.6486399217387904,
    14.949469987178176,
    38.079388671643926,
    "r"
  ],
  [
    -2.686781419515794,
    14.901363779014837,
    38.74114770498852,
    "r"
  ],
  [
    -2.7253011456676446,
    14.85392184399274,
    39.40901536961974,
    "r"
  ],
  [
    -2.764199100194343,
    14.807144182111884,
    40.082892658810636,
    "r"
  ],
  [
    -2.803475283095889,
    14.761030793372267,
    40.7626721279654,
    "r"
  ],
  [
    -2.8431296943722812,
    14.715581677773894,
    41.448237798161756,
    "r"
  ],
  [
    -2.8831623340235213,
    14.670796835316757,
    42.13946508303599,
    "r"
  ],
  [
    -2.9235732020496092,
    14.626676266000864,
    42.83622074060219,
    "r"
  ],
  [
    -2.9643622984505447,
    14.583219969826212,
    43.53836285152465,
    "r"
  ],
  [
    -3.005529623226326,
    14.540427946792796,
    44.245740825264306,
    "r"
  ],
  [
    -3.0470751763769552,
    14.498300196900622,
    44.958195435408925,
    "r"
  ],
  [
    -3.0889989579024317,
    14.456836720149692,
    45.67555888536242,
    "r"
  ],
  [
    -3.1313009678027552,
    14.416037516540001,
    46.397654905415266,
    "r"
  ],
  [
    -3.1739812060779267,
    14.37590258607155,
    47.12429888204588,
    "r"
  ],
  [
    -3.2170396727279438,
    14.33643192874434,
    47.85529802011399,
    "r"
  ],
  [
    -3.26047636775281,
    14.297625544558372,
    48.59045153839833,
    "r"
  ],
  [
    -3.3042912911525226,
    14.25948343351364,
    49.32955089871109,
    "r"
  ],
  [
    -3.348484442927082,
    14.22200559561015,
    50.07238006858341,
    "r"
  ],
  [
    -3.3930558230764905,
    14.185192030847903,
    50.818715817272505,
    "r"
  ],
  [
    -3.438005431600745,
    14.149042739226894,
    51.56832804458281,
    "r"
  ],
  [
    -3.4833332684998464,
    14.11355772074713,
    52.32098014173505,
    "r"
  ],
  [
    -3.5290393337737958,
    14.078736975408603,
    53.0764293832508,
    "r"
  ],
  [
    -3.5751236274225917,
    14.044580503211316,
    53.83442734855993,
    "r"
  ],
  [
    -3.621586149446235,
    14.01108830415527,
    54.59472037177471,
    "r"
  ],
  [
    -3.6684268998447256,
    13.978260378240465,
    55.35705001782702,
    "r"
  ],
  [
    -3.715645878618064,
    13.946096725466903,
    56.12115358291982,
    "r"
  ],
  [
    -3.7632430857662493,
    13.914597345834578,
    56.8867646170205,
    "r"
  ],
  [
    -3.8112185212892817,
    13.883762239343495,
    57.65361346591203,
    "r"
  ],
  [
    -3.859572185187161,
    13.853591405993651,
    58.42142783013105,
    "r"
  ],
  [
    -3.908304077459889,
    13.824084845785048,
    59.18993333795714,
    "r"
  ],
  [
    -3.957414198107464,
    13.795242558717689,
    59.95885412947803,
    "r"
  ],
  [
    -4.006902547129886,
    13.767064544791571,
    60.72791344864697,
    "r"
  ],
  [
    -4.056769124527153,
    13.739550804006685,
    61.496834240167914,
    "r"
  ],
  [
    -4.10701393029927,
    13.712701336363047,
    62.26533974799395,
    "r"
  ],
  [
    -4.157636964446234,
    13.686516141860649,
    63.03315411221297,
    "r"
  ],
  [
    -4.208638226968044,
    13.66099522049949,
    63.8000029611045,
    "r"
  ],
  [
    -4.260017717864701,
    13.63613857227957,
    64.56561399520518,
    "r"
  ],
  [
    -4.311775437136207,
    13.611946197200893,
    65.32971756029798,
    "r"
  ],
  [
    -4.3639113847825595,
    13.588418095263457,
    66.09204720635029,
    "r"
  ],
  [
    -4.416425560803758,
    13.56555426646726,
    66.85234022956502,
    "r"
  ],
  [
    -4.469317965199807,
    13.543354710812308,
    67.6103381948742,
    "r"
  ],
  [
    -4.5225885979706995,
    13.521819428298587,
    68.36578743639001,
    "r"
  ],
  [
    -4.576237459116443,
    13.500948418926118,
    69.11843953354219,
    "r"
  ],
  [
    -4.6302645486370295,
    13.480741682694878,
    69.8680517608525,
    "r"
  ],
  [
    -4.684669866532467,
    13.461199219604888,
    70.61438750954159,
    "r"
  ],
  [
    -4.739453412802751,
    13.442321029656133,
    71.35721667941391,
    "r"
  ],
  [
    -4.794615187447881,
    13.424107112848622,
    72.09631603972662,
    "r"
  ],
  [
    -4.850155190467858,
    13.40655746918235,
    72.83146955801101,
    "r"
  ],
  [
    -4.906073421862683,
    13.38967209865732,
    73.56246869607912,
    "r"
  ],
  [
    -4.962369881632355,
    13.373451001273525,
    74.28911267270973,
    "r"
  ],
  [
    -5.019044569776875,
    13.357894177030976,
    75.01120869276258,
    "r"
  ],
  [
    -5.076097486296243,
    13.343001625929668,
    75.72857214271608,
    "r"
  ],
  [
    -5.133528631190456,
    13.328773347969596,
    76.4410267528607,
    "r"
  ],
  [
    -5.191338004459519,
    13.315209343150771,
    77.14840472660035,
    "r"
  ],
  [
    -5.2495256061034254,
    13.302309611473179,
    77.85054683752287,
    "r"
  ],
  [
    -5.308091436122183,
    13.290074152936837,
    78.54730249508907,
    "r"
  ],
  [
    -5.367035494515786,
    13.278502967541725,
    79.23852977996319,
    "r"
  ],
  [
    -5.426357781284236,
    13.267596055287859,
    79.9240954501596,
    "r"
  ],
  [
    -5.486058296427533,
    13.257353416175235,
    80.60387491931436,
    "r"
  ],
  [
    -5.546137039945679,
    13.247775050203849,
    81.27775220850526,
    "r"
  ],
  [
    -5.606594011838672,
    13.238860957373705,
    81.94561987313642,
    "r"
  ],
  [
    -5.667429212106511,
    13.230611137684798,
    82.60737890648102,
    "r"
  ],
  [
    -5.728642640749198,
    13.223025591137137,
    83.26293862152914,
    "r"
  ],
  [
    -5.79023429776673,
    13.216104317730712,
    83.91221651282933,
    "r"
  ],
  [
    -5.852204183159113,
    13.209847317465533,
    84.5551381000322,
    "r"
  ],
  [
    -5.914552296926339,
    13.204254590341588,
    85.1916367548506,
    "r"
  ],
  [
    -5.977278639068418,
    13.199326136358891,
    85.82165351314228,
    "r"
  ],
  [
    -6.040383209585338,
    13.195061955517426,
    86.44513687379867,
    "r"
  ],
  [
    -6.10386600847711,
    13.191462047817206,
    87.06204258608989,
    "r"
  ],
  [
    -6.167727035743726,
    13.188526413258227,
    87.6723334270705,
    "r"
  ],
  [
    -6.231966291385192,
    13.18625505184049,
    88.27597897059809,
    "r"
  ],
  [
    -6.296583775401505,
    13.18464796356399,
    88.87295534945395,
    "r"
  ],
  [
    -6.361579487792663,
    13.18370514842873,
    89.46324501198723,
    "r"
  ],
  [
    -6.42695342855867,
    13.183426606434711,
    90.04683647463241,
    "r"
  ],
  [
    -6.492705597699523,
    13.183812337581937,
    90.62372407156926,
    "r"
  ],
  [
    -6.558835995215226,
    13.184862341870401,
    91.1939077027173,
    "r"
  ],
  [
    -6.625344621105772,
    13.186576619300103,
    91.75739258117358,
    "r"
  ],
  [
    -6.692231475371171,
    13.188955169871054,
    92.31418898111878,
    "r"
  ],
  [
    -6.759496558011413,
    13.191997993583238,
    92.86431198713484,
    "r"
  ],
  [
    -6.827139869026503,
    13.195705090436663,
    93.40778124579504,
    "r"
  ],
  [
    -6.89516140841644,
    13.20007646043133,
    93.94462072030456,
    "r"
  ],
  [
    -6.963561176181224,
    13.205112103567235,
    94.47485844889377,
    "r"
  ],
  [
    -7.032339172320856,
    13.210812019844383,
    94.99852630758733,
    "r"
  ],
  [
    -7.101495396835335,
    13.217176209262771,
    95.51565977789937,
    "r"
  ],
  [
    -7.171029849724661,
    13.224204671822399,
    96.02629771993628,
    "r"
  ],
  [
    -7.240942530988835,
    13.231897407523267,
    96.5304821513181,
    "r"
  ],
  [
    -7.311233440627856,
    13.240254416365378,
    97.02825803227063,
    "r"
  ],
  [
    -7.381902578641724,
    13.249275698348727,
    97.51967305717722,
    "r"
  ],
  [
    -7.452949945030442,
    13.258961253473322,
    98.00477745282626,
    "r"
  ],
  [
    -7.524375539794004,
    13.269311081739154,
    98.4836237835367,
    "r"
  ],
  [
    -7.596179362932414,
    13.280325183146223,
    98.956266763298,
    "r"
  ],
  [
    -7.66836141444567,
    13.292003557694537,
    99.42276307501572,
    "r"
  ],
  [
    -7.7409216943337755,
    13.30434620538409,
    99.88317119691413,
    "r"
  ],
  [
    -7.813860202596727,
    13.317353126214885,
    100.33755123611138,
    "r"
  ],
  [
    -7.887176939234525,
    13.331024320186916,
    100.78596476934854,
    "r"
  ],
  [
    -7.960871904247171,
    13.345359787300191,
    101.22847469082524,
    "r"
  ],
  [
    -8.034945097634665,
    13.360359527554708,
    101.66514506706915,
    "r"
  ],
  [
    -8.109396519397006,
    13.376023540950463,
    102.09604099873957,
    "r"
  ],
  [
    -8.184226169534194,
    13.39235182748746,
    102.52122848925069,
    "r"
  ],
  [
    -8.259434048046232,
    13.4093443871657,
    102.94077432007646,
    "r"
  ],
  [
    -8.335020154933114,
    13.427001219985177,
    103.3547459325884,
    "r"
  ],
  [
    -8.410984490194844,
    13.445322325945897,
    103.76321131626253,
    "r"
  ],
  [
    -8.48732705383142,
    13.464307705047853,
    104.16623890308045,
    "r"
  ],
  [
    -8.564047845842845,
    13.483957357291052,
    104.56389746794406,
    "r"
  ],
  [
    -8.641146866229116,
    13.504271282675493,
    104.95625603491158,
    "r"
  ],
  [
    -8.718624114990234,
    13.525249481201172,
    105.3433837890625,
    "r"
  ]
]