-8.441652278394965,-10.295517271595111
-8.425812437110407,-10.284949954768809
-8.437633643207139,-10.249746994457524
-8.557928275168877,-10.12118905595508
-8.606795613740145,-9.933835464608832
-8.539528110863232,-9.612369191059448
-8.57300670398866,-9.397626257301797
-8.422102593353015,-9.220082870210065
-8.050623140918615,-9.10285010418124
-7.51240025324044,-9.136492470294405
0.0,0.0
6.7926610139747834e-06,0.00039984545544022765
0.000592529116766323,0.0005409328502402715
-0.002347769458434721,0.00478894436129874
-0.002721738242274915,0.004213553285064945
-0.0019177162075732124,0.0018700258337898058
0.007175140606407593,-0.004080193100952471
0.024778914246327437,-0.00876642790376651
0.08912425864642957,-0.014775588456796603
0.05942127408966673,0.0990337723556912
-0.15280438823792158,0.3399984603776185
-0.4681965723488083,0.4690090896789819
2.5844828964431916,-1.1861995641032435
3.2425583232594666,-0.9983955787177132
3.2469259088926297,-0.987873809909356
3.276961968350808,-1.0459970308433302
3.4217746773762028,-1.3312704237547799
2.4990159978224167,-2.2359587799761598
2.499264985771144,-2.4725446971934315
2.476770089265507,-2.282054938951331
2.329002756727927,-1.8475772251671052
2.1215381926507275,-1.5590548495647556
3.378015491218448,-0.7809284935202648
3.41765253621951,-0.8084663157495385
3.448420630837183,-0.9409788855778499
3.510605847481793,-0.842314013614114
3.644892141148888,-0.9686921149287028
3.8452032061971875,-1.4612253737409706
3.812240407403108,-1.6863224775431045
3.6768276483546605,-1.737380029899803
3.5618385004872075,-1.962527406230637
3.3110871944163307,-2.1041135181650334
2.8732967533839857,-2.191547698733398
2.379278875892473,-2.331116167307776
1.8273152486176016,-2.3258256492621094
1.2490573862585346,-2.3993041137576077
0.6548677888008225,-2.3632062717863085
0.045016768809997915,-2.3882439184306796
-0.5413636955261101,-2.3512777936673506
-1.1449669451696844,-2.3522764598620043
-1.7179072379382696,-2.3088056806920947
-2.2887892528153233,-2.249668271421633
-2.8602562445881854,-2.1750472638426013
-3.412669605944926,-2.120775352218334
-3.9940765838295613,-2.0979329276033325
-4.561913625531288,-2.003555234553885
-5.153788651098264,-1.972276254717477
-5.66748491236729,-1.849004223639695
-6.218292539213718,-1.804116564712978
-6.736666644712081,-1.685060325570558
-7.2334721037689835,-1.6622067401197933
-7.763885816996302,-1.6246280262414252
-8.2819148730611,-1.6305777060832205
-8.770770344761084,-1.6816211478090086
-9.260413148772352,-1.7054491179144868
-9.776910622169028,-1.8458824946545327
-10.276602045712531,-1.922452440530872
-10.718139827674744,-2.1480960535848768
-11.173209177726514,-2.3875367505346126
-11.577652967595807,-2.69431243786662
-11.940028557571528,-2.986021140745922
-12.337532791440895,-3.2667636451420474
-12.69531094735154,-3.602587095885808
-13.070974005633444,-3.8740600213495715
-13.314585660573892,-4.122766861988789
-13.49677358206505,-4.271815793560511
-13.620514494483432,-4.299942914086582
-13.616499141983981,-4.287660003176888
-13.629804920608583,-4.294016607443454
-13.616979744586688,-4.385056651183655
-13.613658799246553,-4.520521229860421
-13.683410869434233,-4.555640320972277
-13.750518318232789,-4.51921903176445
-13.760238419632254,-4.564583775263224
-13.703181884310906,-4.570230289088468
-13.70008999404641,-4.582966616146081
-13.743109703600764,-4.61241690951598
-13.718344764131082,-4.608126901333381
-13.69420507014369,-4.600394016875943
-13.701995540819187,-4.593843084833818
-13.696611876231522,-4.590418538078066
-13.664700613114608,-4.587205798458477
-13.666009581520548,-4.584687776739736
-13.662524962244632,-4.589903797130472
-13.660240814784535,-4.593785063785466
-13.65834467860313,-4.594416362877432
-13.659092031482821,-4.596096749218281
-13.656549621436747,-4.59622458084786
-13.663828102670916,-4.595105509799388
-13.665360457064496,-4.595927668786933
-13.666240723946444,-4.593823483770916
-13.664442962332444,-4.595332179645929
-13.665516394281596,-4.596393437290038
12.044960707029027,7.9266151229216
12.04404476967204,7.9278954875774
12.047578269165907,7.927315638426288
12.040882618598195,7.913195313138203
12.01660427983703,7.804379463483684
11.824406695168738,7.633665435306982
11.395324401584125,7.518856823241077
11.006128821158525,7.541862828430755
10.478717455569681,7.287156025222615
9.903514573729241,6.86768319169638
9.408375985320689,6.50328100251694
8.914176249222473,6.111908404787553
8.313265347160907,5.700487694510783
7.743790182768897,5.220769843177771
7.098820727717411,4.749230944445647
6.439779257912797,4.278843535524046
5.720158253705188,4.01895042934999
4.957530592300696,3.8401706493242784
4.1773913430022125,3.7022001261099455
3.4760818126936996,3.6126163075684126
2.814731203147094,3.507461568883184
2.200990804009156,3.381856468805967
1.6025985717348494,3.305696196555055
0.0,0.0
0.0,0.0
-0.0007454689039334241,-0.0023300645040886096
0.0,0.0
-0.055586833960062004,0.0018611678321396306
-0.05976617067427047,-0.021013675363607823
-0.05669414178235482,-0.029398644833106544
-0.15199516941380403,-0.05210787310096752
-0.3895284628437243,-0.21365546361584203
-0.5297240063140137,-0.3285342205949495
-0.3911052926756436,-0.6028118262065074
-0.4064432885466525,-0.7246920735022215
-0.4293362915139583,-0.7410818972272498
-0.42260068706770343,-0.6899159122613092
-0.42050903693747355,-0.683356993078027
-0.41984105064638444,-0.6822103158496173
-0.420090893248557,-0.6808734089765895
-0.4208952429461815,-0.6799185195279238
-0.42211337295203916,-0.6793821575501766
-0.42388875750408056,-0.6790674443734516
-0.4249042215373707,-0.6774774601965627
-0.4246291095384724,-0.6781218248718468
-0.42528229068831336,-0.6778615730847257
-0.42618919149119305,-0.6770706264135532
-0.4263272596854404,-0.677366457496606
-0.426509265947659,-0.677296542461401
-0.42693735262044824,-0.6772897119183042
-0.4272030516683,-0.6773174089749489
-0.4276600723605291,-0.6772337692147459
-0.427850235462204,-0.6773220879266018
-0.4280402732462903,-0.6774231162132698
-0.42815991809826687,-0.6773108300241238
-0.4285016070406037,-0.6772465516120663
-0.4286034295308292,-0.677275622688751
-0.4286785380779809,-0.6772627132331017
-0.4288120963210635,-0.6771939680486366
-0.42888719071448894,-0.6771229597182032
-0.4288858429283366,-0.6771060521651335
-0.4291461199714661,-0.6771565658269026
-0.42918323326743796,-0.6772845329637858
-0.4286698384586639,-0.6773472592234139
-0.4285607787783584,-0.6772766422894549
-0.4287192132023935,-0.6772644057244729
-0.4286374278103218,-0.6773448420546107
-0.42861950396061194,-0.6773123325910345
-0.42889400575384473,-0.6771283374353793
-0.42901255222489554,-0.6770099667776021
-0.4290867343159206,-0.6769394034092986
-0.42926479236907755,-0.6769873218615373
-0.42861207361349757,-0.6770077868902272
-0.42868037488952765,-0.6770335610670624
-0.4288856824387077,-0.6771643997772372
-0.4290078708553322,-0.6770560990558616
-0.42896673820843506,-0.6769888834607146
-0.4290626285891004,-0.6770385276326764
-0.42906697482458234,-0.6768993777202534
-0.42889126272852085,-0.676824683252203
-0.4289369693779311,-0.6770170014163146
-0.4289780325472773,-0.6771095205445109
-0.428993424664755,-0.676991580743163
-0.4291284610481529,-0.6767280749648368
-0.42906668362608413,-0.6767249064525461
-0.42892559801593927,-0.6768811559962683
-0.42881291626137136,-0.6768619570847322
-0.42880867204968437,-0.6767446846212644
-0.42879792734657635,-0.6766341887325058
-0.4288194215077965,-0.6766038602836837
-0.4286716655899181,-0.676756326302031
-0.42866134693911234,-0.6766883500836413
-0.42866721721057677,-0.6767510462754529
-0.4288102079879268,-0.676737350350107
-0.42876672982810804,-0.6765523957479072
-0.42872676506260327,-0.6763945175677339
-0.4285566378051189,-0.6763717780337848
-0.4281318522753599,-0.6766042267046228
-0.42805133690744274,-0.6765868164051486
-0.42816217828500197,-0.6763235338461868
-0.42833056585675094,-0.6762409146023404
-0.42843139981811207,-0.6762519663416092
-0.4286025759659576,-0.6761619782166087
-0.4284369484293081,-0.6762290101014693
-0.42848089116281585,-0.6762009458064787
-0.4285206756601399,-0.6762215235410848
-0.42855938715370806,-0.6761858156174657
-0.42829059750725784,-0.6762493022405843
-0.4281519371244354,-0.6760548074205746
-0.42834125624115443,-0.6760917932173354
-0.42831342599172656,-0.6761169873905228
-0.4283512087100522,-0.676122290849485
-0.4283428508787753,-0.6761745544382286
-0.42819988986036667,-0.6761201413758546
-0.4284085844538472,-0.676098773350727
-0.42842945467364224,-0.6759428020937337
-0.42828762627182615,-0.6759775245824715
-0.42828093382169097,-0.6761712593194641
-0.4280960197795206,-0.6759597859458546
-0.42828409464759787,-0.6760427892009858
-0.42807452458806994,-0.6761013496297088
-0.42806217135226965,-0.6759737988201014
-0.4280122696543355,-0.6758735457070992
-0.42793910903676174,-0.6757293815883293
-0.427884348585535,-0.6758472462883979
-0.4278807563869862,-0.6757765656872325
-0.4280835084899796,-0.6757379278172474
-0.4280898186389738,-0.6758401539576216
-0.4281039219632547,-0.6758878489809641
-0.4281421738487673,-0.6757773039770681
-0.42797690466575944,-0.6756373269410624
-0.4278835809427181,-0.6756087740533937
-0.42800408215229174,-0.675577523811238
-0.42794921179988066,-0.6753953684705479
-0.42778098980345813,-0.6755326364397152
-0.42757180792855165,-0.6755565903487869
-0.4275366789772524,-0.6753813685812061
-0.4277127264180244,-0.6755125449322918
-0.4277505790831853,-0.6755798142819052
-0.4277861575879177,-0.6755498908190455
-0.4277523934249289,-0.6756387057652296
-0.42788323211218826,-0.6755048417366577
-0.4277192953556689,-0.6754400860759786
-0.4276432482853327,-0.6754981707042769
-0.4275515721696993,-0.6755990002140226
-0.42766284559761913,-0.6752823740801037
-0.4277985819142641,-0.675119340697644
-0.427874082395921,-0.6751635241776015
-0.427581625961612,-0.6751911261252593
-0.42731947815283944,-0.6753390752012695
-0.42693212558541194,-0.6754900553820083
-0.42692760489209386,-0.6753611338340578
-0.42716691910668736,-0.6751523328077063
-0.42724081070423764,-0.6751898162908327
-0.4273097368580665,-0.6752125441560669
-0.4274837513988776,-0.6749918599069105
-0.4275044595127569,-0.6749721917092205
-0.42742542689065915,-0.6748972764817067
-0.4275538661948556,-0.6748479970838006
-0.4276196087681122,-0.6747800351118968
-0.4275299732813628,-0.6747016889263178
-0.42738893786351423,-0.6748044267659986
-0.42736875187460244,-0.6747147824458625
-0.427370739242317,-0.6746997666554803
-0.42749283181982106,-0.6746353188505632
-0.4274959854046154,-0.6744472549963977
-0.427332958069337,-0.67452761034397
-0.4270884079034365,-0.6745339729596425
-0.4270296843385673,-0.6745719411944499
-0.4271138297487011,-0.6746569878221311
-0.42712645004339744,-0.6744065981521196
-0.4268855776750244,-0.6744281263394746
-0.4270767770499654,-0.6745935223843194
-0.4271768108801032,-0.674494418921698
-0.4271953664023559,-0.6744247628650516
-0.42723855851812065,-0.6743339119751438
-0.42710932498799975,-0.6743113330246804
-0.42707657128564774,-0.6742571847970407
-0.427169938440066,-0.6741483729165839
-0.4269344508657322,-0.6741921355019751
-0.42692848498978936,-0.6742169269384721
-0.42713077502482594,-0.6741759364563356
-0.42721682667822647,-0.6741494144261445
-0.4272389476151029,-0.674090445872742
-0.4271232056778756,-0.67421649884643
-0.42695919344574673,-0.6742729099641259
-0.4270324607733729,-0.674123662042491
-0.4270305771166817,-0.6738931974151312
-0.42705847213339043,-0.6737995189104302
-0.42693056210141733,-0.6737816256414575
-0.42669124076138637,-0.6737252293126671
-0.42672766865107004,-0.673577410500255
-0.42678472491512176,-0.6736466224143729
-0.426933549361128,-0.6735508959676368
-0.42692607880539873,-0.6734909468762399
-0.4267145902925664,-0.6734344962538551
-0.4268206152841548,-0.6735461742475761
-0.4266138611466922,-0.6736104682179204
-0.4265332234362027,-0.673477665407617
-0.4267257801913491,-0.6734379251732776
-0.4267452891173542,-0.6734406534337087
-0.4267747724451267,-0.6734645107986366
-0.42671627538022144,-0.6735311040708399
-0.4265223151986055,-0.6736163357948417
-0.42646721497287116,-0.6735352854840446
-0.4266423382537168,-0.6735815861478489
-0.4267527000373311,-0.6735391961528271
-0.4266253210357507,-0.6735539695804726
-0.4264583839189404,-0.6734791659631897
-0.42629238766844335,-0.6733406923410006
-0.4263636721509117,-0.6732147332387317
-0.4264442518179229,-0.6732280037665784
-0.42647519682627244,-0.6732893661731725
-0.42630348214936403,-0.6733149026746253
-0.4263787580059987,-0.6733763108448159
-0.42630377564296523,-0.6733105381841191
-0.426249012026814,-0.6732183692331755
-0.42632423586094437,-0.6729929383549752
-0.4263371186963694,-0.6729627911107074
-0.4263607977411943,-0.6732339824375182
-0.42620853418255217,-0.6733379636123826
-0.4261285321051185,-0.6731581589859865
-0.4260468503324078,-0.6732788889808154
-0.4261735157632276,-0.6732015406485898
-0.42623845218428713,-0.67319073024073
-0.42618954695915884,-0.6731473803527951
-0.42614355012185706,-0.6731956411573121
-0.4261204418260346,-0.6729999219817903
-0.42611618376730204,-0.6731086967443236
-0.4261131237941746,-0.673065798894833
-0.4260016051386904,-0.6726722452108714
-0.42544503049074145,-0.6725348435403894
-0.42525190038700367,-0.6726970292480415
-0.4254716223520926,-0.672888464703896
-0.425734814225281,-0.6727902107899267
-0.4259664670036873,-0.672757524525386
-0.426117559259552,-0.6727135950768802
-0.4262200873995125,-0.6726949136498852
-0.42620227337894845,-0.6727219128381329
-0.42597831561649535,-0.6726909722137493
-0.425713608050706,-0.672776249913074
-0.42578168718453063,-0.6726753207914087
-0.42563026602728493,-0.6725740040722754
-0.42570360339450597,-0.6723525619424452
-0.4259461768300791,-0.6722196352649449
-0.4258203610668783,-0.672383063885425
-0.42573403206531696,-0.6724639093726672
-0.42586933661317194,-0.672406581219385
-0.4258821263738636,-0.6723287205570624
-0.42571717953103744,-0.6723251296255808
-0.42559574482284734,-0.6721625112367776
-0.42548514198610266,-0.6719681913176806
-0.42538051632188034,-0.6720329052702303
-0.4254138975725614,-0.6719749869670156
-0.42557058668713255,-0.6718714564249377
-0.42552624398132144,-0.6717860900119299
-0.42544700416852743,-0.6717909283809905
-0.425485323564987,-0.6718950041988495
-0.4254518452081184,-0.6717611479745312
-0.42546073092997355,-0.6717633018779586
-0.42553582436410986,-0.6718924261879057
-0.42565348147404186,-0.6718769542337681
-0.4256028667914035,-0.6717474060040183
-0.425431614228283,-0.6716324080764063
-0.42539572746725124,-0.6716467608877642
-0.4253829486964585,-0.6717243007574454
-0.42542191670648966,-0.6716213000747444
-0.42554379374991586,-0.6714477359768115
-0.4256638130322278,-0.671392730395169
-0.42562136771447845,-0.6715173850029746
-0.4255284243150649,-0.6715443243448408
-0.4253608249209619,-0.6713310962892528
-0.4252583969080364,-0.6712705631169229
-0.42539135245283816,-0.6712792156597452
-0.42535993567442093,-0.671076777389851
-0.42522726244560777,-0.6710291733796838
-0.42507347199383666,-0.6711570348836733
-0.42517038909735144,-0.671059685212488
-0.42532788408364663,-0.6709982554357324
-0.4249336802614888,-0.6711090319565431
-0.42478864400419947,-0.6712325419516396
-0.42495125972137504,-0.6710685134791162
-0.42489038365873616,-0.6710739477397072
-0.42483264241294655,-0.6711107203247978
-0.42486408529318076,-0.6710191900528675
-0.42493314571475727,-0.6708766865329305
-0.4250197822686919,-0.6706805075616393
-0.4250054431766981,-0.670584091962572
-0.4250290852323782,-0.670752269789318
-0.4250735228169233,-0.6708423019426611
-0.42517776198265506,-0.6706715224843248
-0.42484587853813405,-0.6705375103180443
-0.42483766132627193,-0.6706215523194463
-0.424814305864683,-0.6706422040781729
-0.42488106213334487,-0.6705785960052192
-0.4250131330960448,-0.6705189974883204
-0.4248261287248938,-0.6705560374171695
-0.4246367760764343,-0.6705669046734789
-0.4247658352665888,-0.6704190365112874
-0.4249012091970406,-0.6701673369566291
-0.42485502534374253,-0.6701861434665706
-0.42462426893402255,-0.6702835040348952
-0.42461967424169417,-0.6703232269745967
-0.4247498666574133,-0.6702263306307411
-0.4249072735597185,-0.6700611159050286
-0.42484693867375717,-0.6700934250905219
-0.4247049783691404,-0.6700518266279788
-0.4246860526793568,-0.6697970559476906
-0.4247330552921351,-0.6697944356174507
-0.4245301662726822,-0.6698842675876652
-0.42451879826223116,-0.6698417496045246
-0.42443094234243056,-0.669714690974327
-0.4243026546235353,-0.6697152575292717
-0.4243240806419208,-0.669579915512079
-0.42430739225439434,-0.6696086477069932
-0.4242850245959255,-0.6697394721717796
-0.42450355512827087,-0.6698056662203397
-0.4245373610026808,-0.6699031308041736
-0.42435341756504386,-0.6699345499257194
-0.42423920045499836,-0.6695011231224132
-0.4243713403102903,-0.6695345552682194
-0.4243201433747324,-0.6695370872809248
-0.4241992247476204,-0.669503906660838
-0.42418047625824157,-0.6696486986106048
-0.4243598240213452,-0.6699285785897492
-0.4243888806387205,-0.6696361251075408
-0.42443849737085665,-0.66950967841936
-0.4243760017157826,-0.6695610951299819
-0.42420998236140045,-0.6695170444433675
-0.4242303533964124,-0.6694212254621235
-0.42425942062935657,-0.6692102496318999
-0.42421094880131177,-0.6690233242990771
-0.42407268662281145,-0.6691055635592524
-0.4240820334053086,-0.6691498617892552
-0.4240608032581242,-0.668993068422338
-0.42407477057830645,-0.6688830979631595
-0.4241684964170597,-0.6689315937256
-0.42414239207397125,-0.6689222493571728
-0.42407977147454134,-0.6687529632143939
-0.42400795804615427,-0.6687039556129588
-0.4239052270023147,-0.6686154149700753
-0.42391868527299953,-0.6686237502125822
-0.4237835053410016,-0.6688406926226748
-0.4234993427684716,-0.6690328733333932
-0.42330486634207676,-0.6690339299821767
-0.42344810475447736,-0.668891132546283
-0.4238104138674886,-0.6687295818146888
-0.4239818802283358,-0.6686307991676245
-0.42396044202392535,-0.6686197319388156
-0.4240437785862218,-0.6686391659032294
-0.4239984527875608,-0.6684868075826258
-0.42407978991398754,-0.6684724724391384
-0.4240105727973998,-0.6684705220016338
-0.423863908112094,-0.6684353186540786
-0.4237555250963523,-0.6684532457614726
-0.423967826438256,-0.6682558012634733
-0.4239123794795694,-0.6681202178439303
-0.4235861287937342,-0.6680920411453151
-0.4236077807980659,-0.6681925557666208
-0.42379629304775235,-0.6682673177439724
-0.4238662042261132,-0.6681484714511172
-0.42380445033028535,-0.6681294224845823
-0.4237285558754806,-0.6680275590348873
-0.423554574512801,-0.6679075171878182
-0.4235015470213124,-0.668015529312479
-0.42368702098409255,-0.6679543049693475
-0.4236147924933022,-0.6678624569049021
-0.4236136412233424,-0.667635505929414
-0.42358995011365425,-0.6677703716550798
-0.4234324014896651,-0.6677745318142311
-0.423631534681126,-0.6676941176505077
-0.42366271272443146,-0.6674095667274608
-0.4233575594153531,-0.6673762210024291
-0.42336295569149085,-0.6674139605109162
-0.42362245856662356,-0.6673373975690339
-0.4235152944452691,-0.6672880648870428
-0.4233797729576786,-0.667277696443381
-0.4234187565041782,-0.6672628184600008
-0.4233515711361593,-0.667171497559292
-0.4234897186017309,-0.6672949742780109
-0.423551840342682,-0.6672822733259562
-0.42349854508507934,-0.6671824798439253
-0.42334105201845984,-0.6669952583235067
-0.4231941386885941,-0.66682572023375
-0.4232203088532069,-0.6667355154986099
-0.42326525858123254,-0.6668283781959313
-0.4233247695532695,-0.6668812170551367
-0.4232926323176853,-0.6670010971717173
-0.4231568256765833,-0.6667291211573921
-0.42325248400340026,-0.6667014885144193
-0.42328806138404534,-0.6667653464018516
-0.4232156920632108,-0.6666782556758759
-0.4231819877225908,-0.6666117707802321
-0.42299070968420044,-0.6664289513833587
-0.42285455392228355,-0.6664154381173478
-0.4229483788349257,-0.6665673980361038
-0.4230339257965874,-0.6665611034464937
-0.4230918967760123,-0.6665486589879864
-0.423063871004603,-0.6665524056540928
-0.423174155531523,-0.6666027865945574
-0.4230881786738186,-0.6664574081738007
-0.4230553861892304,-0.6662317653717184
-0.42295142373757716,-0.6661546006592144
-0.42292838630314533,-0.6661152157587664
-0.42291628140741905,-0.6661410815577488
-0.4228586562463913,-0.6661136907405791
-0.42298438952751205,-0.6660554698746374
-0.4229998781869391,-0.6658729673087951
-0.4230230252628031,-0.6659369530915866
-0.4231784071447314,-0.6662795481494546
-0.42283592151108274,-0.6655863827633348
-0.42284132917546235,-0.6656221734975326
-0.4226268920421758,-0.6656385383291278
-0.42269797753544675,-0.6656034079023269
-0.4226201514591081,-0.6655117003165111
-0.42261186586976934,-0.6654470940376922
-0.4227508626973767,-0.665524118927467
-0.42280364405442655,-0.6656728564856091
-0.42265929554326226,-0.665598815646984
-0.42257054763764373,-0.6655407888984629
-0.42253048862748727,-0.6655718656917433
-0.4225725312085461,-0.6654253467104527
-0.4227916010415299,-0.6653209519726996
-0.4228141381659941,-0.665362656515602
-0.4224390163258993,-0.665267829721444
-0.4223176889880512,-0.6653888184361765
-0.4226314775234957,-0.6653243040577834
-0.42282134624974144,-0.6649880326194305
-0.4227686857117364,-0.6648984829204707
-0.42262357559512465,-0.6650652042467428
-0.4224380320140082,-0.6651255512958134
-0.4224157727299043,-0.6650453491989519
-0.42247602501591613,-0.6650206234202782
-0.4224525348631268,-0.6649763500992587
-0.42247293249435014,-0.6649056164464558
-0.4225514309920719,-0.6648267287316876
-0.42251996144468495,-0.6648042762698284
-0.42239499993930923,-0.6646961136621355
-0.42226005608932204,-0.664679552045881
-0.42243083184470304,-0.664700818698725
-0.4225694467891359,-0.6645458910128506
-0.422373978811932,-0.6646483034674895
-0.4223084097797615,-0.6645867405481708
-0.42226263067668657,-0.6643962140191632
-0.4223631410788245,-0.6641955931358731
-0.4224659464730889,-0.6641051343670867
-0.4221922161041868,-0.6641331009731252
-0.4219401883760866,-0.6640635554735635
-0.4220879645166908,-0.6639622224900229
-0.4222910594630649,-0.6640118514300023
-0.42206991394373466,-0.6639838422973304
-0.4219608003234437,-0.6641782655793282
-0.4221596533325128,-0.6643064577854075
-0.4223784580721073,-0.6641884651888824
-0.42241109463325976,-0.6640346136236627
-0.4222689272536218,-0.6638671651382392
-0.4221761161313388,-0.6638886269867602
-0.42206136944787587,-0.6639962966674805
-0.4217696809008376,-0.6640428628263088
-0.42185504068280216,-0.664052376635621
-0.4221580295318191,-0.6640619426043824
-0.4220901301837873,-0.6640212035328389
-0.4217595822597379,-0.6640835489875487
-0.4219781101662869,-0.6639642622305588
-0.42192402996361217,-0.6640044051535631
-0.4218899503501399,-0.6640267826549281
-0.4219149466560228,-0.6637484322623588
-0.4219195048874255,-0.6637417774201523
-0.4220041573553425,-0.6637166582543872
-0.4217933492798733,-0.663769007608005
-0.4219299811696163,-0.6638255184762113
-0.42202817989725394,-0.6637434516335835
-0.42201791216558615,-0.6636814243260949
-0.4220889938860578,-0.6636260379646443
-0.42222117577907525,-0.6636036102698857
-0.42207828212973114,-0.6635860232185697
-0.4218851539936947,-0.6636598985550044
-0.4220016782523922,-0.6635116563379048
-0.42205436226861254,-0.6634249846566636
-0.42187353497044483,-0.6632697562153544
-0.4219347686380654,-0.6632209099231495
-0.42184363615901066,-0.6632761298896724
-0.42191760210808293,-0.6632862279447157
-0.42207353010721194,-0.6631360575034542
-0.42197364108944935,-0.6630625098275408
-0.42206521590593477,-0.662974335341455
-0.42204369023851296,-0.6628614046624025
-0.4218956526016115,-0.6629745731838297
-0.42195779536197414,-0.6630097493032859
-0.4218843359795826,-0.6630252735352908
-0.4217986455391649,-0.662922288178429
-0.42186939817163926,-0.6628383618634459
-0.42186799795482793,-0.6627993859793173
-0.42185869365642514,-0.6628579408530586
-0.4216792746827109,-0.6627353094900313
-0.4216666710343693,-0.6626367273104093
-0.4219014720914314,-0.6626026593410906
-0.4218480726295085,-0.6625809063901228
-0.4217601064134725,-0.6626102976515741
-0.42172599596170546,-0.6625000644661478
-0.4218519072126122,-0.6623031378532273
-0.42189036750786246,-0.6621881257707918
-0.4214889132084281,-0.6621332850180103
-0.42093912202598394,-0.662223946482241
-0.4214466081575818,-0.6621484589789055
-0.42170506963882903,-0.6619131806557289
-0.42168463348402435,-0.6619362249089176
-0.421658935697354,-0.6619777277909952
-0.4216086797688947,-0.6619427706259045
-0.4216739333516788,-0.6620895100839906
-0.4215515002499099,-0.6619670257837078
-0.4216303449174431,-0.6618379478692449
-0.4217084280253599,-0.6618067450784627
-0.4216648801086142,-0.661897960322265
-0.4217479130059143,-0.6616957661023359
-0.4216761024357711,-0.6615726460511278
-0.4215427406870628,-0.6616544053173695
-0.42157568487152974,-0.6614741176734491
-0.4216435666564568,-0.6614662322430302
-0.4216802359736008,-0.6614733249001109
-0.4215473441647522,-0.6613558092772206
-0.421502710659883,-0.6612459575984442
-0.4214288339418034,-0.6611744196214577
-0.4214136187169526,-0.6612561619684888
-0.4214574950417823,-0.6611427530056465
-0.42136208901335775,-0.6610757379941654
-0.4213949734922285,-0.6609967605562048
-0.421428004401956,-0.660970404499683
-0.42151739293137364,-0.6609253579012092
-0.42151419376850185,-0.6608894324059669
-0.4213022179731463,-0.6606839536839395
-0.4213772255016233,-0.660584446922584
-0.42139010967286206,-0.6605755965604829
-0.42135282152290604,-0.6604844139120475
-0.42133262735650806,-0.6604638649759962
-0.42142463530270746,-0.6605230665894647
-0.4212350916548232,-0.6605207593676768
-0.4211230410347673,-0.6605264560740425
-0.42116440690652857,-0.660585894076202
-0.42111258056951806,-0.6604315853879379
-0.4210618545833294,-0.6604982787642607
-0.42109115766803135,-0.6606166201301862
-0.421104510936613,-0.6605546378834652
-0.42115961552010583,-0.6605376099331578
-0.4210851902914766,-0.660513763394428
-0.4211333685178624,-0.6603442861343548
-0.42108318972822784,-0.6601189336860592
-0.4210423269548342,-0.66004578016991
-0.42118733129666974,-0.6598921677806843
-0.4210992197280332,-0.6599180433516213
-0.42091770130928413,-0.6599384818277364
-0.4208710764303564,-0.6599313692764289
-0.42110905381487174,-0.6598883121770718
-0.4210043932819978,-0.6598279683169385
-0.4209889378716436,-0.6597586421919034
-0.42084077270280373,-0.6598891107160209
-0.4209138610991603,-0.6597754732145719
-0.4207571959539067,-0.6595669942959544
-0.4208919961625343,-0.6596711526428217
-0.42082710698276754,-0.6598367238952598
-0.42086950789674715,-0.6598578674808844
-0.4208017199352134,-0.6597498694401057
-0.4208502737291256,-0.6597355906523197
-0.4207653728403814,-0.6597815385398308
-0.420812694628417,-0.6597052706631029
-0.42093685827585425,-0.6597474998148868
-0.42104554849365217,-0.6597762081310484
-0.420821276101414,-0.6597557445615284
-0.42047810108463235,-0.6597127569441115
-0.42038330207842234,-0.6596532382169441
-0.42059714438533113,-0.6595126436113529
-0.4207243923626472,-0.6593956619223816
-0.4205943252885294,-0.6595600191544034
-0.42051082333971757,-0.6596724582177358
-0.4205681946297027,-0.6594263371281689
-0.42066721895849307,-0.659270064198991
-0.4205879269147602,-0.6593278272379622
-0.42066739168107525,-0.659366852775259
-0.42060977366620583,-0.65922998782545
-0.42050166200056643,-0.6592894547211186
-0.42051637023747807,-0.6592551615892954
-0.4205021071733255,-0.659253831272391
-0.42055685098691215,-0.6590701817026853
-0.4205958268710408,-0.659068781485874
-0.4205362647703339,-0.6591981434504821
-0.4205200439795384,-0.6590460955885215
-0.4204569281547412,-0.6588405114420351
-0.4204459696997376,-0.6588009090867364
-0.42061674217451894,-0.658817745708023
-0.42063878240930325,-0.658740766768461
-0.42057196519199097,-0.6587502280663613
-0.4205655723732033,-0.6587183019110451
-0.4204663089709904,-0.6585896397863759
-0.42055094453170333,-0.6584864593282425
-0.4204112833663422,-0.6584934804702267
-0.42038346813717026,-0.6585108009766645
-0.42041032126998834,-0.65854580915475
-0.42025585298044316,-0.6583669530581354
-0.42018393832384937,-0.6584194978857087
-0.4202625084796474,-0.6584936884827188
-0.4203382817858112,-0.6583236614930545
-0.4202622787689278,-0.6583979168355272
-0.42006072222289165,-0.6585716971234384
-0.4200091296749834,-0.6586659481342141
-0.42012368015655166,-0.6584860972738401
-0.420127942409342,-0.6583245069437003
-0.4203215388002043,-0.6583436427271581
-0.4202172522982256,-0.6581905934725895
-0.4199767269203625,-0.6582388459599324
-0.4200167344253245,-0.6581685404679185
-0.41994370763132427,-0.658003659986842
-0.4200089576977695,-0.657950720717934
-0.4199825450754659,-0.6579972492186132
-0.4199475071373417,-0.6579405973555648
-0.42008471570320416,-0.6578878197243858
-0.41997091021345606,-0.6578412940132037
-0.4198830250509267,-0.6578783407367966
-0.41986006524861663,-0.6578160004398229
-0.41991316463282363,-0.6579047013387906
-0.41988949261957936,-0.6578812534823817
-0.41998729638966975,-0.6577098548638317
-0.41991172980491825,-0.6577128588332211
-0.4198808359972772,-0.6577098069917486
-0.4199182788701541,-0.6574272980344967
12.776495884209842,8.313882811976057
12.773398172186605,8.317005638231286
12.760571690286607,8.320166378627029
12.756986711491829,8.325770655780966
12.74401019606092,8.316197611572656
12.740007920182894,8.300553492458517
12.650258923428131,8.243166909716518
12.305919120869284,8.019864533728759
11.92332082296661,7.867365984985791
11.376243607747647,7.667759049450395
10.725420326569482,7.422986757144252
9.955912883592978,7.141660304940627
9.135666718755225,6.856487074243383
8.275546655819094,6.514126481347047
7.497613460623814,6.144590551803171
6.703197846390868,5.675782572673026
5.892804779735959,5.260749553259794
5.031602800858683,4.901716200037457
4.06531283765842,4.645161763242849
3.1795163089113485,4.352797376291738
2.3341220687460096,4.063498839771645
1.5072071281945358,3.7445082843545845
0.7472877250058184,3.4666427706690186
0.0726045744562995,3.1828324651856663
-0.6153077166867572,2.843708363287162
-1.2723726622678644,2.53016152801839
-1.6855367895740485,2.0630032029722067
-1.863332408476786,1.5326597879973949
-1.8109942298414499,1.1913229990223544
-1.6342786250963177,0.9173585219014974
