--start--
[1.64, -1.00]
[1.64, -1.00]
[1.64, -1.00]
[1.64, -1.00]
[1.64, -1.00]
[1.64, -1.00]
[1.64, -1.00]
[1.64, -1.00]
[1.72, -1.00]
[1.81, -1.00]
[1.97, -0.89]
[2.22, -0.78]
[2.54, -0.56]
[2.87, -0.45]
[3.12, -0.33]
[3.45, -0.22]
[3.86, -0.11]
[4.10, -0.11]
[4.43, 0.00]
[4.68, 0.11]
[5.00, 0.11]
[5.33, 0.22]
[5.58, 0.33]
[5.83, 0.33]
[6.15, 0.33]
[6.40, 0.45]
[6.73, 0.45]
[6.97, 0.56]
[7.22, 0.56]
[7.63, 0.67]
[7.79, 0.67]
[8.12, 0.67]
[8.53, 0.78]
[8.70, 0.78]
[9.03, 0.89]
[9.19, 1.00]
[9.52, 1.00]
[9.76, 1.11]
[9.93, 1.11]
[10.26, 1.22]
[10.42, 1.34]
[10.75, 1.34]
[10.99, 1.45]
[11.24, 1.56]
[11.57, 1.67]
[11.73, 1.67]
[12.06, 1.89]
[12.31, 1.89]
[12.55, 2.12]
[12.88, 2.23]
[13.05, 2.34]
[13.21, 2.45]
[13.46, 2.56]
[13.62, 2.67]
[13.87, 2.89]
[14.03, 3.12]
[14.19, 3.23]
[14.44, 3.45]
[14.60, 3.67]
[14.69, 3.78]
[14.85, 4.12]
[14.93, 4.23]
[15.10, 4.56]
[15.18, 4.79]
[15.26, 5.01]
[15.34, 5.34]
[15.42, 5.45]
[15.51, 5.68]
[15.51, 6.01]
[15.59, 6.12]
[15.67, 6.57]
[15.75, 6.79]
[15.75, 7.01]
[15.84, 7.24]
[15.84, 7.57]
[15.92, 7.79]
[15.92, 7.90]
[16.00, 8.13]
[16.00, 8.35]
[16.08, 8.79]
[16.16, 8.91]
[16.16, 9.24]
[16.25, 9.46]
[16.25, 9.68]
[16.33, 9.91]
[16.33, 10.13]
[16.33, 10.35]
[16.41, 10.58]
[16.41, 10.58]
[16.41, 10.58]
[16.41, 10.58]
[16.41, 10.58]
[16.41, 10.58]
[16.41, 10.58]
[16.41, 10.58]
[16.41, 10.58]
[16.41, 10.58]
[16.41, 10.58]
--stop--
[16.49, 10.58]
[16.49, 10.58]
[16.49, 10.58]
[16.49, 10.58]
[16.49, 10.58]
[16.49, 10.58]
[16.49, 10.58]
[16.49, 10.58]
[16.49, 10.46]
[16.49, 10.35]
[16.41, 10.13]
[16.41, 9.80]
[16.33, 9.57]
[16.33, 9.02]
[16.25, 8.24]
[16.16, 7.79]
[16.00, 7.01]
[15.92, 6.46]
