--start--
85.61
85.61
85.61
85.61
85.61
85.61
85.61
85.61
85.61
85.61
84.55
84.55
80.20
80.20
75.52
75.52
74.10
74.10
74.47
74.47
75.22
75.22
76.06
76.06
76.91
76.91
77.69
77.69
78.28
78.28
78.70
78.70
78.81
78.81
78.73
78.73
78.37
78.37
77.78
77.78
76.96
76.96
75.83
75.83
74.46
74.46
72.88
72.88
70.70
70.70
68.26
68.26
65.23
65.23
61.94
61.94
58.12
58.12
53.83
53.83
48.94
48.94
43.83
43.83
38.59
38.59
33.48
33.48
28.64
28.64
24.82
21.58
21.58
21.58
18.98
16.87
16.87
16.87
15.09
13.59
13.59
13.59
12.34
12.34
11.44
11.44
10.68
10.68
10.13
10.13
10.13
10.13
10.13
10.13
10.13
10.13
10.13
10.13
--stop--
10.16
10.16
10.11
10.11
10.14
10.14
10.15
10.15
10.16
10.27
10.27
11.28
11.28
11.28
15.13
15.13
22.91
22.91
