[
  [
    0.0,
    0.0,
    88.00599999999997,
    "f"
  ],
  [
    0.1184825502005035,
    0.004125079275678387,
    88.00599999999997,
    "f"
  ],
  [
    0.23172478386717565,
    0.008067712097468663,
    88.00599999999997,
    "f"
  ],
  [
    0.33983474876360065,
    0.01183166024792523,
    88.00599999999997,
    "f"
  ],
  [
    0.44292049265336275,
    0.015420685509602489,
    88.00599999999997,
    "f"
  ],
  [
    0.5410900633000459,
    0.018838549665054827,
    88.00599999999997,
    "f"
  ],
  [
    0.6344515084672344,
    0.022089014496836534,
    88.00599999999997,
    "f"
  ],
  [
    0.7231128759185125,
    0.025175841787502207,
    88.00599999999997,
    "f"
  ],
  [
    0.8071822134174642,
    0.028102793319606023,
    88.00599999999997,
    "f"
  ],
  [
    0.8867675687276733,
    0.03087363087570255,
    88.00599999999997,
    "f"
  ],
  [
    0.9619769896127247,
    0.03349211623834614,
    88.00599999999997,
    "f"
  ],
  [
    1.032918523836202,
    0.035962011190091014,
    88.00599999999997,
    "f"
  ],
  [
    1.0997002191616891,
    0.03828707751349181,
    88.00599999999997,
    "f"
  ],
  [
    1.1624301233527716,
    0.04047107699110292,
    88.00599999999997,
    "f"
  ],
  [
    1.2212162841730319,
    0.04251777140547863,
    88.00599999999997,
    "f"
  ],
  [
    1.2761667493860553,
    0.044430922539173245,
    88.00599999999997,
    "f"
  ],
  [
    1.3273895667554245,
    0.04621429217474138,
    88.00599999999997,
    "f"
  ],
  [
    1.3749927840447258,
    0.047871642094737155,
    88.00599999999997,
    "f"
  ],
  [
    1.4190844490175412,
    0.04940673408171525,
    88.00599999999997,
    "f"
  ],
  [
    1.4597726094374566,
    0.05082332991822991,
    88.00599999999997,
    "f"
  ],
  [
    1.4971653130680556,
    0.05212519138683558,
    88.00599999999997,
    "f"
  ],
  [
    1.5313706076729217,
    0.0533160802700865,
    88.00599999999997,
    "f"
  ],
  [
    1.5624965410156397,
    0.05439975835053712,
    88.00599999999997,
    "f"
  ],
  [
    1.5906511608597929,
    0.055379987410742126,
    88.00599999999997,
    "f"
  ],
  [
    1.615942514968967,
    0.05626052923325575,
    88.00599999999997,
    "f"
  ],
  [
    1.6384786511067446,
    0.05704514560063223,
    88.00599999999997,
    "f"
  ],
  [
    1.6583676170367112,
    0.05773759829542591,
    88.00599999999997,
    "f"
  ],
  [
    1.6757174605224505,
    0.05834164910019135,
    88.00599999999997,
    "f"
  ],
  [
    1.6906362293275454,
    0.05886105979748302,
    88.00599999999997,
    "f"
  ],
  [
    1.7032319712155815,
    0.05929959216985514,
    88.00599999999997,
    "f"
  ],
  [
    1.7136127339501428,
    0.05966100799986229,
    88.00599999999997,
    "f"
  ],
  [
    1.7218865652948128,
    0.0599490690700587,
    88.00599999999997,
    "f"
  ],
  [
    1.7281615130131756,
    0.06016753716299883,
    88.00599999999997,
    "f"
  ],
  [
    1.7325456248688167,
    0.06032017406123713,
    88.00599999999997,
    "f"
  ],
  [
    1.735146948625319,
    0.06041074154732773,
    88.00599999999997,
    "f"
  ],
  [
    1.7360735320462666,
    0.0604430014038253,
    88.00599999999997,
    "f"
  ],
  [
    1.7354334228952444,
    0.06042071541328431,
    88.00599999999997,
    "f"
  ],
  [
    1.7333346689358364,
    0.06034764535825887,
    88.00599999999997,
    "f"
  ],
  [
    1.7298853179316258,
    0.06022755302130345,
    88.00599999999997,
    "f"
  ],
  [
    1.7251934176461974,
    0.060064200184972605,
    88.00599999999997,
    "f"
  ],
  [
    1.7193670158431362,
    0.05986134863182058,
    88.00599999999997,
    "f"
  ],
  [
    1.7125141602860259,
    0.05962276014440182,
    88.00599999999997,
    "f"
  ],
  [
    1.7047428987384488,
    0.05935219650527057,
    88.00599999999997,
    "f"
  ],
  [
    1.6961612789639917,
    0.05905341949698162,
    88.00599999999997,
    "f"
  ],
  [
    1.6868773487262378,
    0.058730190902088975,
    88.00599999999997,
    "f"
  ],
  [
    1.6769991557887702,
    0.058386272503147096,
    88.00599999999997,
    "f"
  ],
  [
    1.6666347479151744,
    0.05802542608271066,
    88.00599999999997,
    "f"
  ],
  [
    1.6558921728690341,
    0.057651413423333575,
    88.00599999999997,
    "f"
  ],
  [
    1.644879478413934,
    0.05726799630757062,
    88.00599999999997,
    "f"
  ],
  [
    1.633704712313456,
    0.05687893651797615,
    88.00599999999997,
    "f"
  ],
  [
    1.6224759223311875,
    0.0564879958371044,
    88.00599999999997,
    "f"
  ],
  [
    1.6113011562307107,
    0.05609893604750982,
    88.00599999999997,
    "f"
  ],
  [
    1.6002884617756097,
    0.05571551893174709,
    88.00599999999997,
    "f"
  ],
  [
    1.5895458867294694,
    0.05534150627237,
    88.00599999999997,
    "f"
  ],
  [
    1.5791814788558733,
    0.054980659851933344,
    88.00599999999997,
    "f"
  ],
  [
    1.5693032859184066,
    0.05463674145299169,
    88.00599999999997,
    "f"
  ],
  [
    1.560019355680652,
    0.054313512858098933,
    88.00599999999997,
    "f"
  ],
  [
    1.551437735906195,
    0.05401473584980998,
    88.00599999999997,
    "f"
  ],
  [
    1.5436664743586188,
    0.05374417221067884,
    88.00599999999997,
    "f"
  ],
  [
    1.5368136188015074,
    0.053505583723259975,
    88.00599999999997,
    "f"
  ],
  [
    1.5309872169984464,
    0.05330273217010806,
    88.00599999999997,
    "f"
  ],
  [
    1.5262953167130182,
    0.05313937933377699,
    88.00599999999997,
    "f"
  ],
  [
    1.5228459657088083,
    0.05301928699682179,
    88.00599999999997,
    "f"
  ],
  [
    1.5207472117493999,
    0.052946216941796354,
    88.00599999999997,
    "f"
  ],
  [
    1.5201071025983774,
    0.05292393095125525,
    88.00599999999997,
    "f"
  ],
  [
    1.5210336860193254,
    0.05295619080775282,
    88.00599999999997,
    "f"
  ],
  [
    1.5236350097758276,
    0.05304675829384353,
    88.00599999999997,
    "f"
  ],
  [
    1.5280191216314682,
    0.05319939519208172,
    88.00599999999997,
    "f"
  ],
  [
    1.5342940693498315,
    0.05341786328502185,
    88.00599999999997,
    "f"
  ],
  [
    1.5425679006945017,
    0.05370592435521826,
    88.00599999999997,
    "f"
  ],
  [
    1.5529486634290628,
    0.05406734018522541,
    88.00599999999997,
    "f"
  ],
  [
    1.565544405317099,
    0.05450587255759742,
    88.00599999999997,
    "f"
  ],
  [
    1.5804631741221944,
    0.0550252832548892,
    88.00599999999997,
    "f"
  ],
  [
    1.5978130176079333,
    0.055629334059654756,
    88.00599999999997,
    "f"
  ],
  [
    1.6177019835378992,
    0.056321786754448544,
    88.00599999999997,
    "f"
  ],
  [
    1.6402381196756772,
    0.05710640312182491,
    88.00599999999997,
    "f"
  ],
  [
    1.665529473784851,
    0.057986944944338426,
    88.00599999999997,
    "f"
  ],
  [
    1.6936840936290047,
    0.05896717400454321,
    88.00599999999997,
    "f"
  ],
  [
    1.7248100269717228,
    0.060050852084994055,
    88.00599999999997,
    "f"
  ],
  [
    1.7590153215765891,
    0.06124174096824497,
    88.00599999999997,
    "f"
  ],
  [
    1.796408025207188,
    0.06254360243685075,
    88.00599999999997,
    "f"
  ],
  [
    1.8370961856271029,
    0.0639601982733653,
    88.00599999999997,
    "f"
  ],
  [
    1.8811878505999189,
    0.0654952902603434,
    88.00599999999997,
    "f"
  ],
  [
    1.92879106788922,
    0.06715264018033928,
    88.00599999999997,
    "f"
  ],
  [
    1.9800138852585891,
    0.0689360098159072,
    88.00599999999997,
    "f"
  ],
  [
    2.034964350471613,
    0.07084916094960192,
    88.00599999999997,
    "f"
  ],
  [
    2.093750511291873,
    0.07289585536397758,
    88.00599999999997,
    "f"
  ],
  [
    2.1564804154829558,
    0.07507985484158863,
    88.00599999999997,
    "f"
  ],
  [
    2.223262110808443,
    0.07740492116498954,
    88.00599999999997,
    "f"
  ],
  [
    2.2942036450319208,
    0.07987481611673453,
    88.00599999999997,
    "f"
  ],
  [
    2.369413065916971,
    0.08249330147937817,
    88.00599999999997,
    "f"
  ],
  [
    2.4489984212271803,
    0.0852641390354747,
    88.00599999999997,
    "f"
  ],
  [
    2.5330677587261325,
    0.08819109056757846,
    88.00599999999997,
    "f"
  ],
  [
    2.62172912617741,
    0.0912779178582439,
    88.00599999999997,
    "f"
  ],
  [
    2.7150905713445996,
    0.09452838269002561,
    88.00599999999997,
    "f"
  ],
  [
    2.813260141991282,
    0.09794624684547837,
    88.00599999999997,
    "f"
  ],
  [
    2.916345885881044,
    0.10153527210715518,
    88.00599999999997,
    "f"
  ],
  [
    3.0244558507774695,
    0.10529922025761174,
    88.00599999999997,
    "f"
  ],
  [
    3.1376980844441413,
    0.10924185307940215,
    88.00599999999997,
    "f"
  ],
  [
    3.256180634644644,
    0.11336693235508055,
    88.00599999999997,
    "f"
  ],
  [
    3.256180634644644,
    0.11336693235508055,
    88.00599999999997,
    "f"
  ],
  [
    3.377327985335001,
    0.11792388898586892,
    87.68484614782551,
    "f"
  ],
  [
    3.498476385965707,
    0.12316645416838878,
    87.35855977654455,
    "f"
  ],
  [
    3.619601532542066,
    0.12910484012829349,
    87.02697201241256,
    "f"
  ],
  [
    3.740679121069374,
    0.1357492590912368,
    86.68990988984842,
    "f"
  ],
  [
    3.8616848475529335,
    0.14310992328287098,
    86.34719617833196,
    "f"
  ],
  [
    3.982594407998045,
    0.1511970449288511,
    85.99864920910306,
    "f"
  ],
  [
    4.103383498410005,
    0.16002083625482943,
    85.64408270188869,
    "f"
  ],
  [
    4.224027814794116,
    0.1695915094864595,
    85.28330559195535,
    "f"
  ],
  [
    4.344503053155677,
    0.17991927684939513,
    84.91612185785607,
    "f"
  ],
  [
    4.464784909499988,
    0.19101435056928961,
    84.5423303503228,
    "f"
  ],
  [
    4.584849079832347,
    0.20288694287179632,
    84.16172462284555,
    "f"
  ],
  [
    4.704671260158058,
    0.2155472659825688,
    83.77409276457763,
    "f"
  ],
  [
    4.82422714648242,
    0.22900553212726038,
    83.37921723631155,
    "f"
  ],
  [
    4.943492434810727,
    0.24327195353152442,
    82.97687471039467,
    "f"
  ],
  [
    5.062442821148287,
    0.2583567424210145,
    82.56683591557783,
    "f"
  ],
  [
    5.181054001500393,
    0.2742701110213841,
    82.14886548793879,
    "f"
  ],
  [
    5.299301671872351,
    0.2910222715582864,
    81.72272182917698,
    "f"
  ],
  [
    5.417161528269455,
    0.3086234362573754,
    81.28815697374853,
    "f"
  ],
  [
    5.534609266697011,
    0.32708381734430336,
    80.8449164665027,
    "f"
  ],
  [
    5.651620583160314,
    0.34641362704472556,
    80.39273925268083,
    "f"
  ],
  [
    5.768171173664664,
    0.3666230775842938,
    79.93135758237054,
    "f"
  ],
  [
    5.884236734215366,
    0.3877223811886612,
    79.46049693174803,
    "f"
  ],
  [
    5.999792960817711,
    0.4097217500834831,
    78.97987594370693,
    "f"
  ],
  [
    6.114815549477008,
    0.43263139649441085,
    78.48920639076016,
    "f"
  ],
  [
    6.22928019619855,
    0.4564615326471002,
    77.98819316340996,
    "f"
  ],
  [
    6.343162596987643,
    0.48122237076720253,
    77.47653428751096,
    "f"
  ],
  [
    6.456438447849582,
    0.5069241230803723,
    76.95392097450838,
    "f"
  ],
  [
    6.56908344478967,
    0.5335770018122612,
    76.42003770881058,
    "f"
  ],
  [
    6.6810732838132,
    0.561191219188526,
    75.87456237695176,
    "f"
  ],
  [
    6.792383660925483,
    0.5897769874348171,
    75.31716644362439,
    "f"
  ],
  [
    6.902990272131811,
    0.6193445187767899,
    74.74751518009884,
    "f"
  ],
  [
    7.0128688134374855,
    0.6499040254400965,
    74.16526795100026,
    "f"
  ],
  [
    7.121994980847807,
    0.6814657196503906,
    73.57007856587973,
    "f"
  ],
  [
    7.230344470368077,
    0.7140398136333257,
    72.96159570249165,
    "f"
  ],
  [
    7.337892978003589,
    0.7476365196145558,
    72.33946340915475,
    "f"
  ],
  [
    7.4446161997596505,
    0.782266049819734,
    71.70332169404082,
    "f"
  ],
  [
    7.55048983164156,
    0.8179386164745139,
    71.05280720967426,
    "f"
  ],
  [
    7.655489569654613,
    0.8546644318045482,
    70.3875540413344,
    "f"
  ],
  [
    7.759591109804109,
    0.8924537080354908,
    69.7071946084103,
    "f"
  ],
  [
    7.862770148095356,
    0.9313166573929954,
    69.0113606880501,
    "f"
  ],
  [
    7.965002380533647,
    0.971263492102715,
    68.2996845706499,
    "f"
  ],
  [
    8.066263503124281,
    1.0123044243903028,
    67.57180035681324,
    "f"
  ],
  [
    8.166529211872561,
    1.054449666481414,
    66.8273454053583,
    "f"
  ],
  [
    8.265775202783791,
    1.0977094306016988,
    66.06596194172221,
    "f"
  ],
  [
    8.363977171863262,
    1.1420939289768142,
    65.28729883567121,
    "f"
  ],
  [
    8.461110815116278,
    1.1876133738324102,
    64.49101355653522,
    "f"
  ],
  [
    8.557151828548138,
    1.2342779773941444,
    63.676774313211354,
    "f"
  ],
  [
    8.652075908164145,
    1.2820979518876645,
    62.844262384861736,
    "f"
  ],
  [
    8.745858749969594,
    1.33108350953863,
    61.99317464654416,
    "f"
  ],
  [
    8.838476049969792,
    1.3812448625726903,
    61.12322629189441,
    "f"
  ],
  [
    8.92990350417003,
    1.4325922232155013,
    60.2341537523987,
    "f"
  ],
  [
    9.020116808575613,
    1.4851358036927134,
    59.32571780970966,
    "f"
  ],
  [
    9.10909165919184,
    1.5388858162299819,
    58.397706893836585,
    "f"
  ],
  [
    9.19680375202401,
    1.5938524730529613,
    57.449940555868466,
    "f"
  ],
  [
    9.283228783077426,
    1.6500459863873038,
    56.48227309915046,
    "f"
  ],
  [
    9.368342448357383,
    1.7074765684586617,
    55.49459734755385,
    "f"
  ],
  [
    9.452120443869184,
    1.7661544314926911,
    54.486848523685694,
    "f"
  ],
  [
    9.53453846561813,
    1.826089787715043,
    53.45900820364011,
    "f"
  ],
  [
    9.615572209609518,
    1.8872928493513723,
    52.41110830830621,
    "f"
  ],
  [
    9.695197371848648,
    1.949773828627332,
    51.343235084430034,
    "f"
  ],
  [
    9.773389648340823,
    2.013542937768576,
    50.25553302176934,
    "f"
  ],
  [
    9.850124735091338,
    2.078610389000755,
    49.14820864598016,
    "f"
  ],
  [
    9.925378328105499,
    2.144986394549527,
    48.021534120583624,
    "f"
  ],
  [
    9.9991261233886,
    2.212681166640542,
    46.875850585775424,
    "f"
  ],
  [
    10.071343816945943,
    2.2817049174994533,
    45.71157115726078,
    "f"
  ],
  [
    10.142007104782827,
    2.3520678593519184,
    44.5291835050723,
    "f"
  ],
  [
    10.211091682904556,
    2.4237802044235854,
    43.32925193079882,
    "f"
  ],
  [
    10.278573247316427,
    2.496852164940112,
    42.11241886213975,
    "f"
  ],
  [
    10.344427494023737,
    2.571293953127148,
    40.87940568652209,
    "f"
  ],
  [
    10.40863011903179,
    2.647115781210349,
    39.63101285090352,
    "f"
  ],
  [
    10.471156818345884,
    2.7243278614153703,
    38.36811916302361,
    "f"
  ],
  [
    10.53198328797132,
    2.8029404059678598,
    37.091680240305664,
    "f"
  ],
  [
    10.591085223913396,
    2.882963627093477,
    35.80272606631934,
    "f"
  ],
  [
    10.648438322177414,
    2.96440773701787,
    34.5023576309876,
    "f"
  ],
  [
    10.704018278768674,
    3.047282947966698,
    33.19174264922583,
    "f"
  ],
  [
    10.757800789692473,
    3.1315994721656084,
    31.872110372956172,
    "f"
  ],
  [
    10.809761550954113,
    3.217367521840258,
    30.544745532822958,
    "f"
  ],
  [
    10.859876258558891,
    3.3045973092163,
    29.21098146770703,
    "f"
  ],
  [
    10.908120608512114,
    3.3932990465193877,
    27.872192521487364,
    "f"
  ],
  [
    10.954470296819075,
    3.483482945975175,
    26.52978580655781,
    "f"
  ],
  [
    10.998901019485075,
    3.575159219809313,
    25.185192451522653,
    "f"
  ],
  [
    11.041388472515417,
    3.6683380802474583,
    23.83985846547546,
    "f"
  ],
  [
    11.081908351915398,
    3.7630297395152623,
    22.49523536261188,
    "f"
  ],
  [
    11.120436353690316,
    3.8592444098383774,
    21.15277069811475,
    "f"
  ],
  [
    11.156948173845478,
    3.9569923034424623,
    19.81389866892789,
    "f"
  ],
  [
    11.191419508386176,
    4.056283632553162,
    18.480030931075703,
    "f"
  ],
  [
    11.223826053317715,
    4.157128609396139,
    17.152547778688586,
    "f"
  ],
  [
    11.254143504645391,
    4.259537446197038,
    15.832789819160212,
    "f"
  ],
  [
    11.282347558374507,
    4.363520355181523,
    14.52205026441311,
    "f"
  ],
  [
    11.308413910510364,
    4.469087548575235,
    13.221567940736918,
    "f"
  ],
  [
    11.332318257058255,
    4.576249238603837,
    11.932521099882933,
    "f"
  ],
  [
    11.354036294023487,
    4.6850156374929774,
    10.656022092897501,
    "f"
  ],
  [
    11.373543717411357,
    4.795396957468311,
    9.393112946407314,
    "f"
  ],
  [
    11.390816223227166,
    4.907403410755496,
    8.144761859582218,
    "f"
  ],
  [
    11.405829507476213,
    5.021045209580176,
    6.9118606195232815,
    "f"
  ],
  [
    11.418559266163797,
    5.136332566168013,
    5.695222914010628,
    "f"
  ],
  [
    11.428981195295218,
    5.253275692744656,
    4.495583503897478,
    "f"
  ],
  [
    11.43707099087578,
    5.371884801535759,
    3.313598203318463,
    "f"
  ],
  [
    11.442804348910776,
    5.492170104766975,
    2.1498446044921593,
    "f"
  ],
  [
    11.442804348910776,
    5.492170104766975,
    2.149844604492216,
    "f"
  ],
  [
    11.447305766381033,
    5.612081645277502,
    2.1498445330091727,
    "f"
  ],
  [
    11.451717180095518,
    5.72959561406838,
    2.1498444600986204,
    "f"
  ],
  [
    11.456040445801785,
    5.844761445608066,
    2.149844385766187,
    "f"
  ],
  [
    11.460277419247365,
    5.957628574365002,
    2.14984431002199,
    "f"
  ],
  [
    11.464429956179808,
    6.068246434807634,
    2.1498442328804686,
    "f"
  ],
  [
    11.468499912346653,
    6.176664461404407,
    2.1498441543614035,
    "f"
  ],
  [
    11.472489143495437,
    6.28293208862377,
    2.1498440744901472,
    "f"
  ],
  [
    11.476399505373708,
    6.38709875093417,
    2.14984399329785,
    "f"
  ],
  [
    11.480232853729001,
    6.489213882804049,
    2.149843910822142,
    "f"
  ],
  [
    11.483991044308866,
    6.589326918701858,
    2.1498438271078157,
    "f"
  ],
  [
    11.487675932860835,
    6.687487293096039,
    2.14984374220694,
    "f"
  ],
  [
    11.49128937513246,
    6.783744440455042,
    2.1498436561796552,
    "f"
  ],
  [
    11.494833226871274,
    6.878147795247312,
    2.1498435690945144,
    "f"
  ],
  [
    11.498309343824818,
    6.970746791941291,
    2.149843481029052,
    "f"
  ],
  [
    11.501719581740645,
    7.061590865005431,
    2.1498433920701245,
    "f"
  ],
  [
    11.50506579636628,
    7.150729448908176,
    2.149843302314821,
    "f"
  ],
  [
    11.508349843449277,
    7.238211978117974,
    2.149843211870234,
    "f"
  ],
  [
    11.51157357873717,
    7.324087887103264,
    2.1498431208543707,
    "f"
  ],
  [
    11.514738857977513,
    7.408406610332504,
    2.1498430293963793,
    "f"
  ],
  [
    11.517847536917834,
    7.491217582274134,
    2.1498429376367767,
    "f"
  ],
  [
    11.520901471305677,
    7.572570237396594,
    2.149842845727676,
    "f"
  ],
  [
    11.523902516888588,
    7.652514010168342,
    2.1498427538328997,
    "f"
  ],
  [
    11.526852529414105,
    7.731098335057814,
    2.1498426621280373,
    "f"
  ],
  [
    11.529753364629773,
    7.808372646533465,
    2.1498425708006152,
    "f"
  ],
  [
    11.53260687828313,
    7.884386379063734,
    2.1498424800495286,
    "f"
  ],
  [
    11.535414926121721,
    7.959188967117074,
    2.149842390084814,
    "f"
  ],
  [
    11.538179363893086,
    8.032829845161926,
    2.149842301127478,
    "f"
  ],
  [
    11.540902047344762,
    8.105358447666738,
    2.149842213408533,
    "f"
  ],
  [
    11.543584832224296,
    8.176824209099955,
    2.149842127168199,
    "f"
  ],
  [
    11.546229574279232,
    8.247276563930026,
    2.1498420426551093,
    "f"
  ],
  [
    11.548838129257103,
    8.316764946625394,
    2.149841960125059,
    "f"
  ],
  [
    11.551412352905457,
    8.385338791654506,
    2.149841879839755,
    "f"
  ],
  [
    11.553954100971836,
    8.453047533485812,
    2.1498418020651116,
    "f"
  ],
  [
    11.556465229203779,
    8.519940606587753,
    2.1498417270698837,
    "f"
  ],
  [
    11.558947593348822,
    8.586067445428776,
    2.149841655123396,
    "f"
  ],
  [
    11.56140304915452,
    8.651477484477333,
    2.149841586493835,
    "f"
  ],
  [
    11.563833452368407,
    8.716220158201862,
    2.149841521446092,
    "f"
  ],
  [
    11.566240658738021,
    8.780344901070816,
    2.1498414602395997,
    "f"
  ],
  [
    11.568626524010906,
    8.843901147552634,
    2.149841403125606,
    "f"
  ],
  [
    11.570992903934606,
    8.906938332115772,
    2.1498413503454685,
    "f"
  ],
  [
    11.573341654256666,
    8.969505889228671,
    2.1498413021276974,
    "f"
  ],
  [
    11.575674630724617,
    9.031653253359769,
    2.1498412586861377,
    "f"
  ],
  [
    11.577993689086007,
    9.093429858977528,
    2.1498412202171835,
    "f"
  ],
  [
    11.580300685088382,
    9.154885140550387,
    2.149841186898243,
    "f"
  ],
  [
    11.582597474479272,
    9.216068532546785,
    2.1498411588852377,
    "f"
  ],
  [
    11.584885913006229,
    9.27702946943518,
    2.149841136310897,
    "f"
  ],
  [
    11.58716785641679,
    9.337817385684012,
    2.1498411192836784,
    "f"
  ],
  [
    11.589445160458496,
    9.39848171576173,
    2.1498411078860045,
    "f"
  ],
  [
    11.591719680878889,
    9.459071894136773,
    2.149841102173127,
    "f"
  ],
  [
    11.593993273425514,
    9.519637355277602,
    2.149841102173127,
    "f"
  ],
  [
    11.596267793845907,
    9.580227533652646,
    2.1498411078860045,
    "f"
  ],
  [
    11.598545097887614,
    9.640891863730364,
    2.1498411192836784,
    "f"
  ],
  [
    11.600827041298174,
    9.701679779979196,
    2.149841136310897,
    "f"
  ],
  [
    11.603115479825128,
    9.762640716867587,
    2.1498411588852377,
    "f"
  ],
  [
    11.605412269216025,
    9.823824108863992,
    2.149841186898243,
    "f"
  ],
  [
    11.607719265218396,
    9.885279390436848,
    2.1498412202172403,
    "f"
  ],
  [
    11.610038323579786,
    9.947055996054603,
    2.1498412586861377,
    "f"
  ],
  [
    11.61237130004774,
    10.009203360185708,
    2.1498413021276974,
    "f"
  ],
  [
    11.614720050369796,
    10.071770917298604,
    2.1498413503454685,
    "f"
  ],
  [
    11.617086430293497,
    10.13480810186174,
    2.149841403125606,
    "f"
  ],
  [
    11.619472295566386,
    10.19836434834356,
    2.1498414602395997,
    "f"
  ],
  [
    11.621879501936,
    10.262489091212512,
    2.149841521446092,
    "f"
  ],
  [
    11.624309905149884,
    10.327231764937043,
    2.149841586493835,
    "f"
  ],
  [
    11.62676536095558,
    10.3926418039856,
    2.149841655123396,
    "f"
  ],
  [
    11.629247725100626,
    10.458768642826621,
    2.1498417270698837,
    "f"
  ],
  [
    11.631758853332567,
    10.525661715928564,
    2.1498418020651116,
    "f"
  ],
  [
    11.634300601398945,
    10.593370457759868,
    2.149841879839755,
    "f"
  ],
  [
    11.6368748250473,
    10.66194430278898,
    2.149841960125059,
    "f"
  ],
  [
    11.639483380025172,
    10.731432685484348,
    2.1498420426551093,
    "f"
  ],
  [
    11.642128122080106,
    10.801885040314419,
    2.149842127168199,
    "f"
  ],
  [
    11.644810906959643,
    10.873350801747637,
    2.149842213408533,
    "f"
  ],
  [
    11.64753359041132,
    10.945879404252448,
    2.149842301127478,
    "f"
  ],
  [
    11.650298028182682,
    11.0195202822973,
    2.149842390084814,
    "f"
  ],
  [
    11.653106076021274,
    11.094322870350638,
    2.1498424800495286,
    "f"
  ],
  [
    11.65595958967463,
    11.170336602880912,
    2.1498425708006152,
    "f"
  ],
  [
    11.658860424890296,
    11.247610914356558,
    2.1498426621280373,
    "f"
  ],
  [
    11.661810437415816,
    11.326195239246035,
    2.149842753832843,
    "f"
  ],
  [
    11.664811482998726,
    11.406139012017782,
    2.149842845727676,
    "f"
  ],
  [
    11.667865417386572,
    11.487491667140246,
    2.1498429376367767,
    "f"
  ],
  [
    11.670974096326892,
    11.570302639081874,
    2.1498430293963793,
    "f"
  ],
  [
    11.67413937556723,
    11.654621362311108,
    2.1498431208543707,
    "f"
  ],
  [
    11.677363110855126,
    11.740497271296404,
    2.149843211870234,
    "f"
  ],
  [
    11.680647157938125,
    11.827979800506201,
    2.149843302314764,
    "f"
  ],
  [
    11.683993372563762,
    11.917118384408946,
    2.1498433920701245,
    "f"
  ],
  [
    11.687403610479585,
    12.007962457473084,
    2.149843481029052,
    "f"
  ],
  [
    11.690879727433131,
    12.100561454167067,
    2.1498435690945144,
    "f"
  ],
  [
    11.694423579171946,
    12.194964808959336,
    2.1498436561796552,
    "f"
  ],
  [
    11.698037021443566,
    12.291221956318335,
    2.14984374220694,
    "f"
  ],
  [
    11.70172190999554,
    12.389382330712518,
    2.1498438271078157,
    "f"
  ],
  [
    11.705480100575402,
    12.489495366610324,
    2.149843910822142,
    "f"
  ],
  [
    11.709313448930697,
    12.591610498480208,
    2.149843993297793,
    "f"
  ],
  [
    11.713223810808966,
    12.695777160790604,
    2.1498440744901472,
    "f"
  ],
  [
    11.717213041957754,
    12.802044788009967,
    2.1498441543614035,
    "f"
  ],
  [
    11.721282998124597,
    12.910462814606745,
    2.1498442328804686,
    "f"
  ],
  [
    11.725435535057038,
    13.021080675049376,
    2.14984431002199,
    "f"
  ],
  [
    11.72967250850262,
    13.133947803806311,
    2.149844385766187,
    "f"
  ],
  [
    11.733995774208884,
    13.249113635345994,
    2.1498444600986204,
    "f"
  ],
  [
    11.738407187923372,
    13.366627604136873,
    2.1498445330091727,
    "f"
  ],
  [
    11.742908605393627,
    13.486539144647397,
    2.149844604492216,
    "f"
  ],
  [
    11.742908605393627,
    13.486539144647397,
    2.149844604492216,
    "f"
  ],
  [
    11.74741002279051,
    13.6064506848682,
    2.1498444729683683,
    "f"
  ],
  [
    11.75182143628687,
    13.723964652797763,
    2.1498443388179567,
    "f"
  ],
  [
    11.756144701633243,
    13.839130482916337,
    2.149844202051554,
    "f"
  ],
  [
    11.760381674580147,
    13.951997609704135,
    2.149844062687407,
    "f"
  ],
  [
    11.764534210878116,
    14.062615467641402,
    2.149843920752346,
    "f"
  ],
  [
    11.768604166277672,
    14.171033491208366,
    2.1498437762828644,
    "f"
  ],
  [
    11.772593396529334,
    14.27730111488525,
    2.1498436293252325,
    "f"
  ],
  [
    11.776503757383644,
    14.381467773152302,
    2.149843479936976,
    "f"
  ],
  [
    11.780337104591107,
    14.48358290048973,
    2.149843328187444,
    "f"
  ],
  [
    11.78409529390227,
    14.583695931377788,
    2.1498431741589457,
    "f"
  ],
  [
    11.787780181067646,
    14.681856300296698,
    2.1498430179472052,
    "f"
  ],
  [
    11.791393621837768,
    14.778113441726688,
    2.1498428596629537,
    "f"
  ],
  [
    11.794937471963161,
    14.872516790148007,
    2.1498426994323268,
    "f"
  ],
  [
    11.798413587194345,
    14.965115780040856,
    2.1498425373978307,
    "f"
  ],
  [
    11.801823823281856,
    15.055959845885498,
    2.149842373719707,
    "f"
  ],
  [
    11.805170035976209,
    15.145098422162143,
    2.1498422085760467,
    "f"
  ],
  [
    11.808454081027941,
    15.232580943351037,
    2.149842042164323,
    "f"
  ],
  [
    11.811677814187568,
    15.318456843932395,
    2.149841874701451,
    "f"
  ],
  [
    11.814843091205628,
    15.40277555838647,
    2.14984170642515,
    "f"
  ],
  [
    11.81795176783264,
    15.485586521193481,
    2.1498415375938293,
    "f"
  ],
  [
    11.821005699819125,
    15.566939166833652,
    2.149841368487273,
    "f"
  ],
  [
    11.824006742915618,
    15.646882929787228,
    2.1498411994072057,
    "f"
  ],
  [
    11.82695675287264,
    15.725467244534435,
    2.1498410306767255,
    "f"
  ],
  [
    11.829857585440722,
    15.802741545555508,
    2.1498408626405308,
    "f"
  ],
  [
    11.832711096370385,
    15.878755267330673,
    2.149840695664807,
    "f"
  ],
  [
    11.835519141412162,
    15.95355784434017,
    2.1498405301359753,
    "f"
  ],
  [
    11.838283576316574,
    16.027198711064223,
    2.149840366460694,
    "f"
  ],
  [
    11.841006256834145,
    16.099727301983062,
    2.1498402050638106,
    "f"
  ],
  [
    11.8436890387154,
    16.171193051576925,
    2.149840046387453,
    "f"
  ],
  [
    11.846333777710877,
    16.24164539432604,
    2.1498398908892113,
    "f"
  ],
  [
    11.848942329571088,
    16.311133764710636,
    2.149839739039635,
    "f"
  ],
  [
    11.851516550046565,
    16.379707597210945,
    2.1498395913201875,
    "f"
  ],
  [
    11.854058294887837,
    16.447416326307213,
    2.149839448220291,
    "f"
  ],
  [
    11.856569419845432,
    16.514309386479663,
    2.1498393102341993,
    "f"
  ],
  [
    11.859051780669867,
    16.580436212208514,
    2.1498391778575296,
    "f"
  ],
  [
    11.861507233111674,
    16.64584623797401,
    2.1498390515839674,
    "f"
  ],
  [
    11.863937632921377,
    16.71058889825638,
    2.1498389319006037,
    "f"
  ],
  [
    11.866344835849503,
    16.77471362753585,
    2.1498388192848097,
    "f"
  ],
  [
    11.868730697646573,
    16.838269860292655,
    2.1498387141990065,
    "f"
  ],
  [
    11.87109707406313,
    16.901307031007036,
    2.1498386170870845,
    "f"
  ],
  [
    11.873445820849682,
    16.96387457415922,
    2.1498385283697417,
    "f"
  ],
  [
    11.875778793756758,
    17.026021924229426,
    2.1498384484402777,
    "f"
  ],
  [
    11.878097848534896,
    17.087798515697905,
    2.149838377660103,
    "f"
  ],
  [
    11.880404840934615,
    17.149253783044877,
    2.149838316355499,
    "f"
  ],
  [
    11.88270162670643,
    17.210437160750566,
    2.1498382648133543,
    "f"
  ],
  [
    11.884990061600885,
    17.27139808329522,
    2.149838223278266,
    "f"
  ],
  [
    11.887272001368496,
    17.332185985159065,
    2.1498381919493568,
    "f"
  ],
  [
    11.889549301759793,
    17.39285030082233,
    2.1498381709783416,
    "f"
  ],
  [
    11.891823818525298,
    17.453440464765244,
    2.149838160467084,
    "f"
  ],
  [
    11.894097407415545,
    17.514005911468047,
    2.149838160467084,
    "f"
  ],
  [
    11.896371924181052,
    17.574596075410966,
    2.1498381709783416,
    "f"
  ],
  [
    11.898649224572347,
    17.63526039107423,
    2.1498381919493568,
    "f"
  ],
  [
    11.900931164339958,
    17.696048292938073,
    2.149838223278266,
    "f"
  ],
  [
    11.903219599234411,
    17.757009215482725,
    2.1498382648133543,
    "f"
  ],
  [
    11.905516385006234,
    17.81819259318842,
    2.149838316355499,
    "f"
  ],
  [
    11.907823377405947,
    17.879647860535393,
    2.149838377660103,
    "f"
  ],
  [
    11.910142432184081,
    17.941424452003865,
    2.1498384484402777,
    "f"
  ],
  [
    11.912475405091163,
    18.003571802074077,
    2.1498385283697417,
    "f"
  ],
  [
    11.914824151877715,
    18.066139345226258,
    2.1498386170870845,
    "f"
  ],
  [
    11.917190528294267,
    18.12917651594064,
    2.1498387141990065,
    "f"
  ],
  [
    11.919576390091343,
    18.19273274869745,
    2.1498388192848097,
    "f"
  ],
  [
    11.92198359301947,
    18.256857477976926,
    2.1498389319006037,
    "f"
  ],
  [
    11.924413992829171,
    18.321600138259292,
    2.1498390515839674,
    "f"
  ],
  [
    11.926869445270976,
    18.387010164024783,
    2.1498391778575296,
    "f"
  ],
  [
    11.929351806095413,
    18.453136989753638,
    2.1498393102341993,
    "f"
  ],
  [
    11.931862931053004,
    18.52003004992608,
    2.149839448220291,
    "f"
  ],
  [
    11.934404675894275,
    18.58773877902234,
    2.1498395913201875,
    "f"
  ],
  [
    11.936978896369755,
    18.656312611522655,
    2.149839739039635,
    "f"
  ],
  [
    11.93958744822997,
    18.725800981907256,
    2.1498398908892113,
    "f"
  ],
  [
    11.942232187225441,
    18.79625332465637,
    2.149840046387453,
    "f"
  ],
  [
    11.944914969106701,
    18.86771907425024,
    2.1498402050638106,
    "f"
  ],
  [
    11.947637649624271,
    18.94024766516907,
    2.149840366460694,
    "f"
  ],
  [
    11.950402084528681,
    19.013888531893123,
    2.1498405301359753,
    "f"
  ],
  [
    11.953210129570456,
    19.08869110890262,
    2.149840695664693,
    "f"
  ],
  [
    11.956063640500119,
    19.16470483067778,
    2.1498408626405308,
    "f"
  ],
  [
    11.958964473068201,
    19.24197913169886,
    2.1498410306767255,
    "f"
  ],
  [
    11.961914483025225,
    19.320563446446066,
    2.1498411994072057,
    "f"
  ],
  [
    11.964915526121718,
    19.40050720939964,
    2.1498413684873867,
    "f"
  ],
  [
    11.967969458108207,
    19.48185985503982,
    2.1498415375938293,
    "f"
  ],
  [
    11.971078134735215,
    19.564670817846824,
    2.14984170642515,
    "f"
  ],
  [
    11.974243411753275,
    19.648989532300895,
    2.149841874701451,
    "f"
  ],
  [
    11.977467144912904,
    19.73486543288226,
    2.149842042164323,
    "f"
  ],
  [
    11.980751189964636,
    19.82234795407115,
    2.1498422085761035,
    "f"
  ],
  [
    11.984097402658989,
    19.911486530347798,
    2.149842373719707,
    "f"
  ],
  [
    11.987507638746498,
    20.002330596192436,
    2.1498425373979444,
    "f"
  ],
  [
    11.990983753977686,
    20.094929586085296,
    2.14984269943227,
    "f"
  ],
  [
    11.994527604103075,
    20.189332934506602,
    2.1498428596629537,
    "f"
  ],
  [
    11.998141044873195,
    20.285590075936597,
    2.1498430179472052,
    "f"
  ],
  [
    12.001825932038573,
    20.383750444855504,
    2.1498431741589457,
    "f"
  ],
  [
    12.005584121349735,
    20.48386347574356,
    2.149843328187444,
    "f"
  ],
  [
    12.009417468557206,
    20.585978603081003,
    2.149843479936976,
    "f"
  ],
  [
    12.01332782941151,
    20.69014526134805,
    2.1498436293252325,
    "f"
  ],
  [
    12.017317059663174,
    20.79641288502493,
    2.1498437762828644,
    "f"
  ],
  [
    12.021387015062727,
    20.90483090859189,
    2.14984392075246,
    "f"
  ],
  [
    12.025539551360694,
    21.015448766529158,
    2.149844062687407,
    "f"
  ],
  [
    12.0297765243076,
    21.128315893316955,
    2.149844202051554,
    "f"
  ],
  [
    12.034099789653972,
    21.243481723435526,
    2.1498443388180135,
    "f"
  ],
  [
    12.038511203150335,
    21.360995691365098,
    2.149844472968425,
    "f"
  ],
  [
    12.043012620547216,
    21.480907231585896,
    2.149844604492216,
    "f"
  ]
]