[
  [
    0.0,
    0.0,
    87.177,
    "f"
  ],
  [
    0.11814884282652661,
    0.005825984809662815,
    87.177,
    "f"
  ],
  [
    0.23054440634980705,
    0.01136827223368407,
    87.177,
    "f"
  ],
  [
    0.3373053148853722,
    0.01663271170269562,
    87.177,
    "f"
  ],
  [
    0.43855019274875284,
    0.021625152647329116,
    87.177,
    "f"
  ],
  [
    0.5343976642554801,
    0.02635144449821647,
    87.177,
    "f"
  ],
  [
    0.6249663537210843,
    0.030817436685989352,
    87.177,
    "f"
  ],
  [
    0.710374885461097,
    0.03502897864127963,
    87.177,
    "f"
  ],
  [
    0.7907418837910485,
    0.038991919794719165,
    87.177,
    "f"
  ],
  [
    0.8661859730264695,
    0.04271210957693955,
    87.177,
    "f"
  ],
  [
    0.9368257774828914,
    0.04619539741857265,
    87.177,
    "f"
  ],
  [
    1.0027799214758448,
    0.049447632750250325,
    87.177,
    "f"
  ],
  [
    1.0641670293208603,
    0.052474665002604226,
    87.177,
    "f"
  ],
  [
    1.1211057253334695,
    0.05528234360626649,
    87.177,
    "f"
  ],
  [
    1.173714633829202,
    0.05787651799186844,
    87.177,
    "f"
  ],
  [
    1.2221123791235904,
    0.06026303759004181,
    87.177,
    "f"
  ],
  [
    1.2664175855321633,
    0.06244775183141893,
    87.177,
    "f"
  ],
  [
    1.3067488773704536,
    0.06443651014663088,
    87.177,
    "f"
  ],
  [
    1.343224878953991,
    0.06623516196631019,
    87.177,
    "f"
  ],
  [
    1.375964214598307,
    0.06784955672108817,
    87.177,
    "f"
  ],
  [
    1.405085508618932,
    0.0692855438415968,
    87.177,
    "f"
  ],
  [
    1.4307073853313967,
    0.07054897275846772,
    87.177,
    "f"
  ],
  [
    1.4529484690512326,
    0.0716456929023328,
    87.177,
    "f"
  ],
  [
    1.47192738409397,
    0.07258155370382391,
    87.177,
    "f"
  ],
  [
    1.4877627547751402,
    0.07336240459357268,
    87.177,
    "f"
  ],
  [
    1.5005732054102732,
    0.07399409500221088,
    87.177,
    "f"
  ],
  [
    1.5104773603149013,
    0.07448247436037037,
    87.177,
    "f"
  ],
  [
    1.517593843804554,
    0.074833392098683,
    87.177,
    "f"
  ],
  [
    1.5220412801947623,
    0.07505269764778022,
    87.177,
    "f"
  ],
  [
    1.523938293801057,
    0.07514624043829454,
    87.177,
    "f"
  ],
  [
    1.5234035089389704,
    0.07511986990085695,
    87.177,
    "f"
  ],
  [
    1.5205555499240313,
    0.07497943546609953,
    87.177,
    "f"
  ],
  [
    1.5155130410717716,
    0.07473078656465415,
    87.177,
    "f"
  ],
  [
    1.5083946066977232,
    0.07437977262715267,
    87.177,
    "f"
  ],
  [
    1.4993188711174148,
    0.07393224308422675,
    87.177,
    "f"
  ],
  [
    1.4884044586463783,
    0.07339404736650812,
    87.177,
    "f"
  ],
  [
    1.4757699936001445,
    0.07277103490462833,
    87.177,
    "f"
  ],
  [
    1.4615341002942452,
    0.0720690551292198,
    87.177,
    "f"
  ],
  [
    1.4458154030442092,
    0.07129395747091405,
    87.177,
    "f"
  ],
  [
    1.4287325261655681,
    0.0704515913603424,
    87.177,
    "f"
  ],
  [
    1.4104040939738542,
    0.06954780622813728,
    87.177,
    "f"
  ],
  [
    1.390948730784597,
    0.06858845150493009,
    87.177,
    "f"
  ],
  [
    1.370485060913327,
    0.06757937662135283,
    87.177,
    "f"
  ],
  [
    1.349131708675576,
    0.06652643100803712,
    87.177,
    "f"
  ],
  [
    1.327007298386875,
    0.06543546409561485,
    87.177,
    "f"
  ],
  [
    1.3042304543627534,
    0.06431232531471776,
    87.177,
    "f"
  ],
  [
    1.2809198009187432,
    0.06316286409597749,
    87.177,
    "f"
  ],
  [
    1.2571939623703754,
    0.06199292987002625,
    87.177,
    "f"
  ],
  [
    1.2331715630331808,
    0.06080837206749534,
    87.177,
    "f"
  ],
  [
    1.2089712272226891,
    0.05961504011901675,
    87.177,
    "f"
  ],
  [
    1.1847115792544325,
    0.058418783455222334,
    87.177,
    "f"
  ],
  [
    1.160511243443941,
    0.05722545150674385,
    87.177,
    "f"
  ],
  [
    1.1364888441067462,
    0.05604089370421317,
    87.177,
    "f"
  ],
  [
    1.1127630055583784,
    0.054870959478261594,
    87.177,
    "f"
  ],
  [
    1.089452352114368,
    0.05372149825952155,
    87.177,
    "f"
  ],
  [
    1.066675508090247,
    0.05259835947862446,
    87.177,
    "f"
  ],
  [
    1.044551097801545,
    0.051507392566202126,
    87.177,
    "f"
  ],
  [
    1.0231977455637946,
    0.05045444695288648,
    87.177,
    "f"
  ],
  [
    1.0027340756925252,
    0.0494453720693091,
    87.177,
    "f"
  ],
  [
    0.9832787125032674,
    0.04848601734610197,
    87.177,
    "f"
  ],
  [
    0.9649502803115533,
    0.04758223221389685,
    87.177,
    "f"
  ],
  [
    0.9478674034329126,
    0.0467398661033252,
    87.177,
    "f"
  ],
  [
    0.9321487061828769,
    0.04596476844501923,
    87.177,
    "f"
  ],
  [
    0.9179128128769768,
    0.04526278866961064,
    87.177,
    "f"
  ],
  [
    0.9052783478307433,
    0.044639776207731297,
    87.177,
    "f"
  ],
  [
    0.894363935359707,
    0.04410158049001245,
    87.177,
    "f"
  ],
  [
    0.885288199779399,
    0.043654050947086465,
    87.177,
    "f"
  ],
  [
    0.8781697654053496,
    0.04330303700958493,
    87.177,
    "f"
  ],
  [
    0.8731272565530901,
    0.04305438810813961,
    87.177,
    "f"
  ],
  [
    0.8702792975381516,
    0.042913953673382244,
    87.177,
    "f"
  ],
  [
    0.8697445126760646,
    0.04288758313594487,
    87.177,
    "f"
  ],
  [
    0.87164152628236,
    0.04298112592645892,
    87.177,
    "f"
  ],
  [
    0.8760889626725683,
    0.0432004314755563,
    87.177,
    "f"
  ],
  [
    0.8832054461622211,
    0.04355134921386877,
    87.177,
    "f"
  ],
  [
    0.8931096010668486,
    0.044039728572028314,
    87.177,
    "f"
  ],
  [
    0.9059200517019821,
    0.044671418980666566,
    87.177,
    "f"
  ],
  [
    0.9217554223831518,
    0.045452269870415285,
    87.177,
    "f"
  ],
  [
    0.9407343374258893,
    0.046388130671906225,
    87.177,
    "f"
  ],
  [
    0.9629754211457252,
    0.04748485081577136,
    87.177,
    "f"
  ],
  [
    0.9885972978581901,
    0.04874827973264234,
    87.177,
    "f"
  ],
  [
    1.0177185918788152,
    0.05018426685315108,
    87.177,
    "f"
  ],
  [
    1.050457927523131,
    0.05179866160792895,
    87.177,
    "f"
  ],
  [
    1.0869339291066686,
    0.053597313427608206,
    87.177,
    "f"
  ],
  [
    1.127265220944959,
    0.0555860717428206,
    87.177,
    "f"
  ],
  [
    1.1715704273535321,
    0.05777078598419738,
    87.177,
    "f"
  ],
  [
    1.2199681726479201,
    0.06015730558237098,
    87.177,
    "f"
  ],
  [
    1.2725770811436528,
    0.06275147996797281,
    87.177,
    "f"
  ],
  [
    1.3295157771562622,
    0.06555915857163486,
    87.177,
    "f"
  ],
  [
    1.3909028850012777,
    0.06858619082398887,
    87.177,
    "f"
  ],
  [
    1.4568570289942313,
    0.07183842615566649,
    87.177,
    "f"
  ],
  [
    1.5274968334506531,
    0.0753217139972997,
    87.177,
    "f"
  ],
  [
    1.602940922686074,
    0.07904190377952003,
    87.177,
    "f"
  ],
  [
    1.6833079210160258,
    0.08300484493295979,
    87.177,
    "f"
  ],
  [
    1.768716452756038,
    0.08721638688824984,
    87.177,
    "f"
  ],
  [
    1.859285142221643,
    0.09168237907602284,
    87.177,
    "f"
  ],
  [
    1.9551326137283696,
    0.09640867092691008,
    87.177,
    "f"
  ],
  [
    2.05637749159175,
    0.10140111187154377,
    87.177,
    "f"
  ],
  [
    2.1631384001273157,
    0.10666555134055522,
    87.177,
    "f"
  ],
  [
    2.275533963650596,
    0.11220783876457618,
    87.177,
    "f"
  ],
  [
    2.3936828064771216,
    0.11803382357423908,
    87.177,
    "f"
  ],
  [
    2.3936828064771216,
    0.11803382357423908,
    87.177,
    "f"
  ],
  [
    2.514750770516864,
    0.12420949450801055,
    86.98147118288277,
    "f"
  ],
  [
    2.6358085218398584,
    0.1308071314840462,
    86.7781662673027,
    "f"
  ],
  [
    2.756831921001745,
    0.13784202070251061,
    86.56697350917726,
    "f"
  ],
  [
    2.8777968285581577,
    0.14532944836356898,
    86.34777328947187,
    "f"
  ],
  [
    2.998679105064735,
    0.1532847006673852,
    86.12043802149911,
    "f"
  ],
  [
    3.1194546110771126,
    0.16172306381412382,
    85.8848320473114,
    "f"
  ],
  [
    3.2400992071509265,
    0.17065982400394963,
    85.64081152380605,
    "f"
  ],
  [
    3.3605887538418147,
    0.1801102674370283,
    85.38822429920252,
    "f"
  ],
  [
    3.480899111705411,
    0.19008968031352347,
    85.1269097805965,
    "f"
  ],
  [
    3.601006141297357,
    0.2006133488335995,
    84.856698793358,
    "f"
  ],
  [
    3.720885703173285,
    0.21169655919742203,
    84.57741343321571,
    "f"
  ],
  [
    3.840513657888832,
    0.22335459760515475,
    84.28886691195736,
    "f"
  ],
  [
    3.959865865999638,
    0.23560275025696265,
    83.99086339778323,
    "f"
  ],
  [
    4.078918188061335,
    0.24845630335301006,
    83.68319785147115,
    "f"
  ],
  [
    4.197646484629563,
    0.2619305430934624,
    83.3656558596549,
    "f"
  ],
  [
    4.316026616259956,
    0.27604075567848385,
    83.03801346667949,
    "f"
  ],
  [
    4.4340344435081525,
    0.29080222730823957,
    82.70003700668438,
    "f"
  ],
  [
    4.5516458269297875,
    0.3062302441828928,
    82.35148293777483,
    "f"
  ],
  [
    4.6688366270805,
    0.3223400925026092,
    81.99209768038092,
    "f"
  ],
  [
    4.785582704515926,
    0.33914705846755355,
    81.62161746217042,
    "f"
  ],
  [
    4.901859919791699,
    0.3566664282778902,
    81.23976817218185,
    "f"
  ],
  [
    5.01764413346346,
    0.3749134881337839,
    80.84626522717711,
    "f"
  ],
  [
    5.13291120608684,
    0.39390352423539854,
    80.44081345358562,
    "f"
  ],
  [
    5.247636998217482,
    0.41365182278289936,
    80.02310698882125,
    "f"
  ],
  [
    5.3617973704110184,
    0.4341736699764507,
    79.59282920620812,
    "f"
  ],
  [
    5.47536818322309,
    0.4554843520162186,
    79.14965266824679,
    "f"
  ],
  [
    5.588325297209328,
    0.47759915510236617,
    78.69323911350055,
    "f"
  ],
  [
    5.700644572925372,
    0.5005333654350586,
    78.22323948297144,
    "f"
  ],
  [
    5.812301870926857,
    0.5243022692144592,
    77.7392939924798,
    "f"
  ],
  [
    5.923273051769421,
    0.5489211526407347,
    77.24103225825642,
    "f"
  ],
  [
    6.033533976008699,
    0.5744053019140485,
    76.7280734836953,
    "f"
  ],
  [
    6.14306050420033,
    0.6007700032345666,
    76.20002671601024,
    "f"
  ],
  [
    6.251828496899951,
    0.6280305428024513,
    75.65649118237086,
    "f"
  ],
  [
    6.359813814663197,
    0.656202206817869,
    75.09705671596923,
    "f"
  ],
  [
    6.466992318045701,
    0.6853002814809841,
    74.52130428337368,
    "f"
  ],
  [
    6.573339867603105,
    0.7153400529919605,
    73.92880662545149,
    "f"
  ],
  [
    6.678832323891046,
    0.7463368075509638,
    73.3191290250737,
    "f"
  ],
  [
    6.783445547465156,
    0.7783058313581579,
    72.69183021573268,
    "f"
  ],
  [
    6.887155398881074,
    0.8112624106137072,
    72.04646344608305,
    "f"
  ],
  [
    6.989937738694437,
    0.8452218315177786,
    71.38257771623283,
    "f"
  ],
  [
    7.091768427460881,
    0.8801993802705335,
    70.69971920231903,
    "f"
  ],
  [
    7.192623325736041,
    0.9162103430721369,
    69.99743288647151,
    "f"
  ],
  [
    7.292478294075558,
    0.9532700061227568,
    69.27526440963281,
    "f"
  ],
  [
    7.391309193035068,
    0.9913936556225535,
    68.53276216481514,
    "f"
  ],
  [
    7.489091883170202,
    1.030596577771695,
    67.76947964815803,
    "f"
  ],
  [
    7.585802225036598,
    1.0708940587703428,
    66.9849780845319,
    "f"
  ],
  [
    7.6814160791898995,
    1.1123013848186667,
    66.17882934332111,
    "f"
  ],
  [
    7.775909306185737,
    1.1548338421168256,
    65.35061915832573,
    "f"
  ],
  [
    7.869257766579746,
    1.198506716864986,
    64.49995066333598,
    "f"
  ],
  [
    7.961437320927569,
    1.2433352952633152,
    63.626448251764074,
    "f"
  ],
  [
    8.052423829784836,
    1.2893348635119737,
    62.72976176464378,
    "f"
  ],
  [
    8.142193153707186,
    1.3365207078111294,
    61.809571006245605,
    "f"
  ],
  [
    8.230721153250261,
    1.3849081143609463,
    60.865590580399825,
    "f"
  ],
  [
    8.317983688969688,
    1.4345123693615873,
    59.89757503331184,
    "f"
  ],
  [
    8.403956621421111,
    1.4853487590132177,
    58.905324280141755,
    "f"
  ],
  [
    8.488615811160164,
    1.5374325695160027,
    57.88868928290616,
    "f"
  ],
  [
    8.571937118742483,
    1.590779087070107,
    56.84757793638549,
    "f"
  ],
  [
    8.653896404723705,
    1.6454035978756942,
    55.78196110679595,
    "f"
  ],
  [
    8.734469529659469,
    1.7013213881329325,
    54.69187875520025,
    "f"
  ],
  [
    8.813632354105405,
    1.7585477440419814,
    53.577446064250395,
    "f"
  ],
  [
    8.89136073861716,
    1.8170979518030084,
    52.43885947325866,
    "f"
  ],
  [
    8.96763054375036,
    1.8769872976161772,
    51.27640251324168,
    "f"
  ],
  [
    9.042417630060648,
    1.9382310676816537,
    50.09045132105625,
    "f"
  ],
  [
    9.115697858103658,
    2.0008445481996024,
    48.881479700707516,
    "f"
  ],
  [
    9.187447088435027,
    2.0648430253701857,
    47.650063591104285,
    "f"
  ],
  [
    9.257641181610394,
    2.13024178539357,
    46.39688479375529,
    "f"
  ],
  [
    9.326255998185392,
    2.1970561144699206,
    45.12273381194363,
    "f"
  ],
  [
    9.393267398715658,
    2.265301298799401,
    43.82851165554973,
    "f"
  ],
  [
    9.458651243756833,
    2.334992624582176,
    42.515230473579095,
    "f"
  ],
  [
    9.522383393864548,
    2.406145378018411,
    41.184012890091196,
    "f"
  ],
  [
    9.584439709594443,
    2.4787748453082683,
    39.8360899388951,
    "f"
  ],
  [
    9.644796051502151,
    2.5528963126519155,
    38.47279751805456,
    "f"
  ],
  [
    9.703428280143315,
    2.6285250662495145,
    37.095571316579424,
    "f"
  ],
  [
    9.760312256073565,
    2.7056763923012332,
    35.70594020193488,
    "f"
  ],
  [
    9.815423839848542,
    2.7843655770072333,
    34.30551809707879,
    "f"
  ],
  [
    9.868738892023881,
    2.864607906567681,
    32.895994418182795,
    "f"
  ],
  [
    9.920233273155217,
    2.9464186671827393,
    31.479123187258324,
    "f"
  ],
  [
    9.969882843798189,
    3.029813145052576,
    30.056710975653345,
    "f"
  ],
  [
    10.017663464508434,
    3.1148066263773533,
    28.630603872783297,
    "f"
  ],
  [
    10.063550995841585,
    3.2014143973572353,
    27.202673707533677,
    "f"
  ],
  [
    10.10752129835328,
    3.2896517441923874,
    25.774803775765577,
    "f"
  ],
  [
    10.14955023259916,
    3.3795339530829756,
    24.348874344818796,
    "f"
  ],
  [
    10.189613659134857,
    3.4710763102291633,
    22.92674821386663,
    "f"
  ],
  [
    10.227687438516007,
    3.564294101831114,
    21.510256606973996,
    "f"
  ],
  [
    10.263747431298249,
    3.659202614088995,
    20.101185663858473,
    "f"
  ],
  [
    10.29776949803722,
    3.7558171332029686,
    18.701263772332425,
    "f"
  ],
  [
    10.329729499288554,
    3.854152945373202,
    17.312149957380996,
    "f"
  ],
  [
    10.35960329560789,
    3.9542253367998543,
    15.935423506398195,
    "f"
  ],
  [
    10.387366747550864,
    4.056049593683097,
    14.572574970123412,
    "f"
  ],
  [
    10.412995715673112,
    4.159641002223092,
    13.224998636305315,
    "f"
  ],
  [
    10.436466060530272,
    4.265014848620002,
    11.893986530077882,
    "f"
  ],
  [
    10.457753642677975,
    4.372186419073994,
    10.580723953338293,
    "f"
  ],
  [
    10.476834322671865,
    4.481170999785231,
    9.286286536715465,
    "f"
  ],
  [
    10.493683961067575,
    4.591983876953879,
    8.011638743316325,
    "f"
  ],
  [
    10.508278418420742,
    4.704640336780103,
    6.757633734304591,
    "f"
  ],
  [
    10.520593555287004,
    4.8191556654640655,
    5.525014483068276,
    "f"
  ],
  [
    10.530605232221996,
    4.935545149205935,
    4.314416007492355,
    "f"
  ],
  [
    10.538289309781355,
    5.053824074205871,
    3.1263685785625057,
    "f"
  ],
  [
    10.543621648520718,
    5.1740077266640405,
    1.961301757812521,
    "f"
  ],
  [
    10.543621648520718,
    5.1740077266640405,
    1.961301757812521,
    "f"
  ],
  [
    10.547728450425662,
    5.293933430870586,
    1.9613018882999995,
    "f"
  ],
  [
    10.551753139148206,
    5.411461280515695,
    1.9613020213932941,
    "f"
  ],
  [
    10.555697407743665,
    5.5266407158996,
    1.9613021570820592,
    "f"
  ],
  [
    10.559562949267338,
    5.6395211773225435,
    1.9613022953480481,
    "f"
  ],
  [
    10.56335145677454,
    5.750152105084756,
    1.9613024361646012,
    "f"
  ],
  [
    10.567064623320576,
    5.858582939486475,
    1.9613025794957366,
    "f"
  ],
  [
    10.570704141960746,
    5.9648631208279355,
    1.9613027252953543,
    "f"
  ],
  [
    10.574271705750368,
    6.0690420894093755,
    1.9613028735064404,
    "f"
  ],
  [
    10.577769007744736,
    6.171169285531024,
    1.9613030240602143,
    "f"
  ],
  [
    10.581197740999174,
    6.2712941494931265,
    1.961303176874992,
    "f"
  ],
  [
    10.584559598568974,
    6.369466121595915,
    1.9613033318557882,
    "f"
  ],
  [
    10.587856273509454,
    6.465734642139623,
    1.9613034888927814,
    "f"
  ],
  [
    10.591089458875915,
    6.560149151424489,
    1.9613036478608024,
    "f"
  ],
  [
    10.594260847723662,
    6.652759089750747,
    1.9613038086183678,
    "f"
  ],
  [
    10.59737213310801,
    6.7436138974186335,
    1.961303971006771,
    "f"
  ],
  [
    10.600425008084256,
    6.832763014728382,
    1.9613041348491151,
    "f"
  ],
  [
    10.603421165707719,
    6.920255881980236,
    1.9613042999495178,
    "f"
  ],
  [
    10.606362299033695,
    7.006141939474422,
    1.961304466092713,
    "f"
  ],
  [
    10.6092501011175,
    7.090470627511182,
    1.961304633043028,
    "f"
  ],
  [
    10.61208626501444,
    7.173291386390751,
    1.9613048005439282,
    "f"
  ],
  [
    10.614872483779813,
    7.2546536564133595,
    1.9613049683178474,
    "f"
  ],
  [
    10.617610450468938,
    7.334606877879251,
    1.9613051360655618,
    "f"
  ],
  [
    10.620301858137111,
    7.413200491088655,
    1.9613053034664745,
    "f"
  ],
  [
    10.622948399839647,
    7.4904839363418105,
    1.9613054701785018,
    "f"
  ],
  [
    10.625551768631853,
    7.566506653938953,
    1.961305635838471,
    "f"
  ],
  [
    10.628113657569031,
    7.64131808418032,
    1.9613058000628598,
    "f"
  ],
  [
    10.630635759706497,
    7.714967667366144,
    1.961305962448364,
    "f"
  ],
  [
    10.633119768099547,
    7.787504843796662,
    1.9613061225733759,
    "f"
  ],
  [
    10.635567375803495,
    7.858979053772109,
    1.961306279999235,
    "f"
  ],
  [
    10.637980275873648,
    7.929439737592723,
    1.96130643427216,
    "f"
  ],
  [
    10.640360161365312,
    7.9989363355587395,
    1.9613065849250688,
    "f"
  ],
  [
    10.642708725333788,
    8.06751828797039,
    1.9613067314804198,
    "f"
  ],
  [
    10.645027660834398,
    8.135235035127918,
    1.9613068734526564,
    "f"
  ],
  [
    10.647318660922437,
    8.202136017331554,
    1.9613070103513905,
    "f"
  ],
  [
    10.649583418653211,
    8.268270674881533,
    1.9613071416848697,
    "f"
  ],
  [
    10.651823627082036,
    8.333688448078094,
    1.961307266963388,
    "f"
  ],
  [
    10.654040979264213,
    8.398438777221472,
    1.9613073857035488,
    "f"
  ],
  [
    10.656237168255052,
    8.4625711026119,
    1.9613074974319034,
    "f"
  ],
  [
    10.658413887109855,
    8.526134864549617,
    1.9613076016896116,
    "f"
  ],
  [
    10.66057282888394,
    8.589179503334861,
    1.9613076980361939,
    "f"
  ],
  [
    10.662715686632604,
    8.651754459267863,
    1.9613077860543626,
    "f"
  ],
  [
    10.664844153411153,
    8.713909172648856,
    1.9613078653540583,
    "f"
  ],
  [
    10.666959922274902,
    8.775693083778085,
    1.9613079355763716,
    "f"
  ],
  [
    10.66906468627916,
    8.837155632955785,
    1.9613079963979203,
    "f"
  ],
  [
    10.67116013847922,
    8.898346260482182,
    1.961308047533862,
    "f"
  ],
  [
    10.673247971930401,
    8.959314406657517,
    1.961308088741589,
    "f"
  ],
  [
    10.675329879688007,
    9.020109511782032,
    1.9613081198236273,
    "f"
  ],
  [
    10.677407554807349,
    9.080781016155955,
    1.9613081406293986,
    "f"
  ],
  [
    10.679482690343725,
    9.141378360079523,
    1.9613081510577786,
    "f"
  ],
  [
    10.68155697935245,
    9.201950983852974,
    1.9613081510577786,
    "f"
  ],
  [
    10.683632114888828,
    9.262548327776544,
    1.9613081406293986,
    "f"
  ],
  [
    10.685709790008168,
    9.323219832150468,
    1.9613081198236273,
    "f"
  ],
  [
    10.687791697765775,
    9.384014937274978,
    1.961308088741589,
    "f"
  ],
  [
    10.689879531216954,
    9.444983083450316,
    1.961308047533862,
    "f"
  ],
  [
    10.69197498341702,
    9.506173710976714,
    1.9613079963979203,
    "f"
  ],
  [
    10.694079747421272,
    9.56763626015441,
    1.9613079355764285,
    "f"
  ],
  [
    10.696195516285021,
    9.62942017128364,
    1.9613078653540015,
    "f"
  ],
  [
    10.698323983063574,
    9.691574884664634,
    1.9613077860543626,
    "f"
  ],
  [
    10.700466840812236,
    9.754149840597638,
    1.9613076980361939,
    "f"
  ],
  [
    10.702625782586319,
    9.817194479382879,
    1.9613076016895548,
    "f"
  ],
  [
    10.704802501441126,
    9.880758241320597,
    1.9613074974319034,
    "f"
  ],
  [
    10.706998690431965,
    9.944890566711026,
    1.9613073857035488,
    "f"
  ],
  [
    10.709216042614143,
    10.009640895854407,
    1.9613072669634448,
    "f"
  ],
  [
    10.711456251042964,
    10.075058669050966,
    1.9613071416848697,
    "f"
  ],
  [
    10.713721008773742,
    10.141193326600945,
    1.9613070103513905,
    "f"
  ],
  [
    10.71601200886178,
    10.208094308804581,
    1.9613068734526564,
    "f"
  ],
  [
    10.718330944362387,
    10.275811055962107,
    1.9613067314804766,
    "f"
  ],
  [
    10.720679508330864,
    10.344393008373759,
    1.9613065849250688,
    "f"
  ],
  [
    10.72305939382253,
    10.413889606339774,
    1.96130643427216,
    "f"
  ],
  [
    10.72547229389268,
    10.484350290160389,
    1.961306279999235,
    "f"
  ],
  [
    10.727919901596628,
    10.555824500135836,
    1.9613061225733759,
    "f"
  ],
  [
    10.73040390998968,
    10.628361676566353,
    1.961305962448364,
    "f"
  ],
  [
    10.732926012127143,
    10.702011259752178,
    1.961305800062803,
    "f"
  ],
  [
    10.735487901064323,
    10.776822689993542,
    1.961305635838471,
    "f"
  ],
  [
    10.73809126985653,
    10.852845407590689,
    1.961305470178445,
    "f"
  ],
  [
    10.740737811559063,
    10.930128852843842,
    1.9613053034664745,
    "f"
  ],
  [
    10.743429219227242,
    11.008722466053246,
    1.9613051360655618,
    "f"
  ],
  [
    10.746167185916363,
    11.088675687519135,
    1.9613049683178474,
    "f"
  ],
  [
    10.748953404681737,
    11.170037957541746,
    1.961304800543985,
    "f"
  ],
  [
    10.751789568578674,
    11.252858716421317,
    1.961304633043028,
    "f"
  ],
  [
    10.75467737066248,
    11.337187404458074,
    1.9613044660927699,
    "f"
  ],
  [
    10.757618503988457,
    11.423073461952262,
    1.9613042999495178,
    "f"
  ],
  [
    10.760614661611918,
    11.510566329204112,
    1.9613041348490583,
    "f"
  ],
  [
    10.76366753658817,
    11.599715446513864,
    1.961303971006771,
    "f"
  ],
  [
    10.766778821972514,
    11.690570254181752,
    1.9613038086183678,
    "f"
  ],
  [
    10.769950210820262,
    11.783180192508011,
    1.9613036478608024,
    "f"
  ],
  [
    10.773183396186722,
    11.877594701792875,
    1.9613034888927245,
    "f"
  ],
  [
    10.776480071127201,
    11.973863222336584,
    1.9613033318557882,
    "f"
  ],
  [
    10.779841928697005,
    12.072035194439373,
    1.9613031768750488,
    "f"
  ],
  [
    10.783270661951436,
    12.172160058401472,
    1.9613030240602143,
    "f"
  ],
  [
    10.786767963945811,
    12.274287254523125,
    1.9613028735064404,
    "f"
  ],
  [
    10.790335527735428,
    12.378466223104564,
    1.9613027252953543,
    "f"
  ],
  [
    10.7939750463756,
    12.484746404446023,
    1.9613025794957366,
    "f"
  ],
  [
    10.797688212921637,
    12.593177238847744,
    1.9613024361646012,
    "f"
  ],
  [
    10.801476720428834,
    12.703808166609953,
    1.9613022953480481,
    "f"
  ],
  [
    10.805342261952513,
    12.816688628032898,
    1.9613021570820592,
    "f"
  ],
  [
    10.809286530547968,
    12.931868063416804,
    1.9613020213932941,
    "f"
  ],
  [
    10.813311219270517,
    13.049395913061911,
    1.9613018882999995,
    "f"
  ],
  [
    10.817418021175458,
    13.169321617268455,
    1.961301757812521,
    "f"
  ],
  [
    10.817418021175458,
    13.169321617268455,
    1.961301757812521,
    "f"
  ],
  [
    10.821524823028351,
    13.289247321525451,
    1.9613018366254096,
    "f"
  ],
  [
    10.825549511596146,
    13.406775171320524,
    1.9613019170121788,
    "f"
  ],
  [
    10.829493779936278,
    13.52195460695187,
    1.9613019989665759,
    "f"
  ],
  [
    10.833359321106165,
    13.634835068717667,
    1.961302082477573,
    "f"
  ],
  [
    10.837147828163241,
    13.745465996916108,
    1.9613021675291407,
    "f"
  ],
  [
    10.840860994164919,
    13.853896831845361,
    1.9613022540994507,
    "f"
  ],
  [
    10.844500512168631,
    13.960177013803625,
    1.9613023421607068,
    "f"
  ],
  [
    10.848068075231804,
    14.06435598308908,
    1.961302431678405,
    "f"
  ],
  [
    10.851565376411848,
    14.166483179999899,
    1.9613025226110494,
    "f"
  ],
  [
    10.854994108766203,
    14.266608044834282,
    1.961302614909414,
    "f"
  ],
  [
    10.858355965352288,
    14.3647800178904,
    1.9613027085159729,
    "f"
  ],
  [
    10.861652639227524,
    14.461048539466441,
    1.9613028033644468,
    "f"
  ],
  [
    10.864885823449345,
    14.555463049860597,
    1.961302899379234,
    "f"
  ],
  [
    10.868057211075168,
    14.64807298937104,
    1.9613029964749558,
    "f"
  ],
  [
    10.871168495162419,
    14.73892779829596,
    1.9613030945555465,
    "f"
  ],
  [
    10.874221368768518,
    14.828076916933533,
    1.961303193514368,
    "f"
  ],
  [
    10.877217524950899,
    14.915569785581953,
    1.9613032932331294,
    "f"
  ],
  [
    10.880158656766978,
    15.001455844539397,
    1.961303393581602,
    "f"
  ],
  [
    10.88304645727419,
    15.085784534104057,
    1.9613034944175638,
    "f"
  ],
  [
    10.885882619529951,
    15.16860529457411,
    1.9613035955861733,
    "f"
  ],
  [
    10.888668836591686,
    15.249967566247737,
    1.9613036969195718,
    "f"
  ],
  [
    10.891406801516823,
    15.32992078942313,
    1.9613037982372248,
    "f"
  ],
  [
    10.89409820736278,
    15.408514404398463,
    1.9613038993453529,
    "f"
  ],
  [
    10.896744747186988,
    15.48579785147193,
    1.961304000037444,
    "f"
  ],
  [
    10.899348114046873,
    15.561820570941709,
    1.9613041000940825,
    "f"
  ],
  [
    10.901910000999855,
    15.636632003105984,
    1.9613041992836315,
    "f"
  ],
  [
    10.904432101103358,
    15.71028158826294,
    1.9613042973625738,
    "f"
  ],
  [
    10.906916107414808,
    15.782818766710763,
    1.961304394076194,
    "f"
  ],
  [
    10.909363712991635,
    15.854292978747631,
    1.961304489159545,
    "f"
  ],
  [
    10.911776610891259,
    15.924753664671739,
    1.9613045823385278,
    "f"
  ],
  [
    10.914156494171097,
    15.994250264781254,
    1.9613046733311421,
    "f"
  ],
  [
    10.916505055888583,
    16.062832219374368,
    1.961304761848794,
    "f"
  ],
  [
    10.91882398910114,
    16.13054896874927,
    1.961304847598342,
    "f"
  ],
  [
    10.921114986866197,
    16.197449953204146,
    1.961304930283518,
    "f"
  ],
  [
    10.923379742241167,
    16.26358461303716,
    1.961305009607372,
    "f"
  ],
  [
    10.92561994828348,
    16.329002388546513,
    1.961305085274148,
    "f"
  ],
  [
    10.927837298050568,
    16.39375272003039,
    1.9613051569917843,
    "f"
  ],
  [
    10.930033484599845,
    16.457885047786966,
    1.9613052244743585,
    "f"
  ],
  [
    10.932210200988731,
    16.521448812114418,
    1.961305287444759,
    "f"
  ],
  [
    10.934369140274674,
    16.58449345331096,
    1.9613053456369585,
    "f"
  ],
  [
    10.936511995515076,
    16.647068411674745,
    1.9613053987989133,
    "f"
  ],
  [
    10.93864045976737,
    16.709223127503964,
    1.9613054466949507,
    "f"
  ],
  [
    10.940756226088984,
    16.771007041096816,
    1.9613054891084403,
    "f"
  ],
  [
    10.942860987537339,
    16.83246959275147,
    1.9613055258438976,
    "f"
  ],
  [
    10.94495643716985,
    16.8936602227661,
    1.9613055567293713,
    "f"
  ],
  [
    10.947044268043953,
    16.954628371438915,
    1.9613055816184328,
    "f"
  ],
  [
    10.949126173217076,
    17.015423479068087,
    1.9613056003915403,
    "f"
  ],
  [
    10.951203845746635,
    17.076094985951798,
    1.9613056129580286,
    "f"
  ],
  [
    10.953278978690054,
    17.13669233238823,
    1.9613056192566205,
    "f"
  ],
  [
    10.955353265104764,
    17.19726495867557,
    1.9613056192566205,
    "f"
  ],
  [
    10.957428398048187,
    17.257862305112006,
    1.9613056129579718,
    "f"
  ],
  [
    10.959506070577742,
    17.318533811995717,
    1.9613056003915403,
    "f"
  ],
  [
    10.961587975750863,
    17.379328919624886,
    1.961305581618376,
    "f"
  ],
  [
    10.96367580662497,
    17.4402970682977,
    1.9613055567293713,
    "f"
  ],
  [
    10.965771256257483,
    17.50148769831234,
    1.9613055258438976,
    "f"
  ],
  [
    10.967876017705834,
    17.56295024996699,
    1.9613054891083834,
    "f"
  ],
  [
    10.969991784027444,
    17.624734163559832,
    1.9613054466949507,
    "f"
  ],
  [
    10.972120248279744,
    17.686888879389063,
    1.9613053987988565,
    "f"
  ],
  [
    10.974263103520146,
    17.74946383775285,
    1.9613053456369585,
    "f"
  ],
  [
    10.976422042806082,
    17.81250847894938,
    1.961305287444759,
    "f"
  ],
  [
    10.978598759194977,
    17.87607224327684,
    1.9613052244743585,
    "f"
  ],
  [
    10.980794945744252,
    17.940204571033416,
    1.9613051569917275,
    "f"
  ],
  [
    10.983012295511339,
    18.00495490251729,
    1.961305085274148,
    "f"
  ],
  [
    10.985252501553653,
    18.070372678026644,
    1.961305009607372,
    "f"
  ],
  [
    10.987517256928625,
    18.136507337859662,
    1.9613049302835748,
    "f"
  ],
  [
    10.989808254693678,
    18.20340832231453,
    1.961304847598342,
    "f"
  ],
  [
    10.992127187906236,
    18.271125071689436,
    1.9613047618488508,
    "f"
  ],
  [
    10.99447574962372,
    18.33970702628255,
    1.9613046733311421,
    "f"
  ],
  [
    10.996855632903562,
    18.409203626392067,
    1.9613045823385846,
    "f"
  ],
  [
    10.999268530803183,
    18.47966431231617,
    1.9613044891596019,
    "f"
  ],
  [
    11.001716136380011,
    18.551138524353043,
    1.961304394076194,
    "f"
  ],
  [
    11.004200142691456,
    18.62367570280086,
    1.9613042973626307,
    "f"
  ],
  [
    11.006722242794961,
    18.697325287957813,
    1.9613041992836884,
    "f"
  ],
  [
    11.009284129747945,
    18.77213672012209,
    1.9613041000941394,
    "f"
  ],
  [
    11.011887496607828,
    18.848159439591875,
    1.961304000037444,
    "f"
  ],
  [
    11.014534036432039,
    18.92544288666534,
    1.9613038993454097,
    "f"
  ],
  [
    11.017225442277999,
    19.004036501640677,
    1.9613037982372248,
    "f"
  ],
  [
    11.019963407203132,
    19.083989724816067,
    1.9613036969195718,
    "f"
  ],
  [
    11.022749624264868,
    19.165351996489694,
    1.9613035955861733,
    "f"
  ],
  [
    11.025585786520628,
    19.248172756959747,
    1.9613034944175638,
    "f"
  ],
  [
    11.028473587027833,
    19.3325014465244,
    1.961303393581602,
    "f"
  ],
  [
    11.031414718843918,
    19.41838750548185,
    1.9613032932330725,
    "f"
  ],
  [
    11.0344108750263,
    19.50588037413027,
    1.961303193514368,
    "f"
  ],
  [
    11.037463748632401,
    19.595029492767846,
    1.9613030945555465,
    "f"
  ],
  [
    11.040575032719651,
    19.685884301692763,
    1.961302996474899,
    "f"
  ],
  [
    11.043746420345471,
    19.778494241203205,
    1.961302899379234,
    "f"
  ],
  [
    11.04697960456729,
    19.872908751597357,
    1.96130280336439,
    "f"
  ],
  [
    11.050276278442528,
    19.9691772731734,
    1.9613027085159729,
    "f"
  ],
  [
    11.053638135028617,
    20.067349246229526,
    1.961302614909414,
    "f"
  ],
  [
    11.057066867382972,
    20.167474111063903,
    1.9613025226111063,
    "f"
  ],
  [
    11.060564168563019,
    20.269601307974728,
    1.961302431678405,
    "f"
  ],
  [
    11.064131731626187,
    20.373780277260177,
    1.96130234216065,
    "f"
  ],
  [
    11.067771249629896,
    20.48006045921844,
    1.9613022540994507,
    "f"
  ],
  [
    11.071484415631577,
    20.588491294147698,
    1.9613021675290838,
    "f"
  ],
  [
    11.075272922688649,
    20.699122222346134,
    1.961302082477573,
    "f"
  ],
  [
    11.079138463858541,
    20.812002684111935,
    1.9613019989665759,
    "f"
  ],
  [
    11.083082732198672,
    20.92718211974328,
    1.9613019170122357,
    "f"
  ],
  [
    11.087107420766472,
    21.044709969538356,
    1.9613018366254096,
    "f"
  ],
  [
    11.09121422261936,
    21.164635673795345,
    1.961301757812521,
    "f"
  ]
]